MrBurns 2018 MAY 3 0 0 0.1282051282051282 0.0 0.0 15102933.2308 214294.15384615384 716612.1025641026 0.0 0.0 3.282051282051282 20.153846153846153 56.30769230769231 0.0 0.0 100.0 0.0 0.0
MrBurns 2018 MAY 3 0 10 0.175 0.0 0.0 15102382.6000 214792.9 716629.4 0.0 0.0 3.275 20.375 57.7 0.0 0.0 100.0 0.0 0.0
MrBurns 2018 MAY 3 0 20 0.175 0.0 0.0 15101785.8000 215142.3 716649.7 0.0 0.0 2.85 19.75 55.3 0.0 0.0 100.0 0.0 0.0
MrBurns 2018 MAY 3 0 30 0.2 0.05 0.0 15101112.7000 215459.3 716469.3 0.0 0.0 5.575 22.575 63.425 0.05 0.0 99.95 0.05 0.0
MrBurns 2018 MAY 3 0 40 0.1 0.0 0.0 15101700.6000 215833.1 716217.1 0.0 0.0 3.05 20.075 56.125 0.0 0.0 100.0 0.0 0.0
MrBurns 2018 MAY 3 0 50 0.125 0.0 0.0 15101418.3000 216027.6 716236.3 0.0 0.0 2.95 20.25 56.6 0.0 0.0 100.0 0.0 0.0
MrBurns 2018 MAY 3 1 0 0.225 0.0 0.0 15101325.5000 216330.6 716254.4 0.0 0.0 3.5 20.275 56.15 0.0 0.0 100.0 0.0 0.0
MrBurns 2018 MAY 3 1 10 0.0 0.0 0.0 15100741.7000 216686.7 716275.7 0.0 0.0 3.225 20.55 57.175 0.0 0.0 100.0 0.0 0.0
MrBurns 2018 MAY 3 1 20 0.05 0.0 0.0 15100805.6000 216920.1 716298.0 0.0 0.0 3.175 19.825 55.475 0.0 0.0 100.0 0.0 0.0
MrBurns 2018 MAY 3 1 30 0.1 0.0 0.0 15100617.0000 217242.1 716315.0 0.0 0.0 3.675 20.575 58.1 0.0 0.0 100.0 0.0 0.0
MrBurns 2018 MAY 3 1 40 0.2 0.0 0.0 15100006.1000 217576.8 716335.8 0.0 0.0 3.125 19.875 55.65 0.0 0.0 100.0 0.0 0.0
MrBurns 2018 MAY 3 1 50 0.125 0.0 0.0 15099857.8000 217793.0 716355.5 0.0 0.0 3.025 20.275 56.825 0.0 0.0 100.0 0.0 0.0
MrBurns 2018 MAY 3 2 0 0.1 0.0 0.0 15099622.1000 218127.6 716376.3 0.0 0.0 3.5 20.2 56.35 0.0 0.0 100.0 0.0 0.0
MrBurns 2018 MAY 3 2 10 0.125 0.025 0.0 15099193.7000 218395.0 716396.6 0.0 0.0 2.95 20.075 56.325 0.0 0.0 100.0 0.0 0.0
MrBurns 2018 MAY 3 2 20 0.15 0.0 0.0 15098922.4000 218604.6 716414.3 0.0 0.0 3.1 20.05 55.725 0.0 0.0 100.0 0.0 0.0
MrBurns 2018 MAY 3 2 30 0.125 0.05 0.0 15098507.0000 219001.1 716433.8 0.0 0.0 3.575 20.525 57.8 0.0 0.0 100.0 0.0 0.0
MrBurns 2018 MAY 3 2 40 0.075 0.0 0.0 15098181.7000 219271.3 716457.9 0.0 0.0 3.25 19.725 55.1 0.0 0.0 100.0 0.0 0.0
MrBurns 2018 MAY 3 2 50 0.175 0.0 0.0 15097752.9000 219506.4 716475.6 0.0 0.0 3.075 20.375 57.05 0.0 0.0 100.0 0.0 0.0
MrBurns 2018 MAY 3 3 0 0.05 0.0 0.0 15097488.2000 219881.1 716493.4 0.0 0.0 3.95 20.475 57.7 0.0 0.0 100.0 0.0 0.0
MrBurns 2018 MAY 3 3 10 0.15 0.0 0.0 15097373.2000 220128.3 716517.4 0.0 0.0 2.875 20.2 56.875 0.0 0.0 100.0 0.0 0.0
MrBurns 2018 MAY 3 3 20 0.05 0.0 0.0 15097307.5000 220354.9 716535.0 0.0 0.0 2.975 19.8 55.825 0.0 0.0 100.0 0.0 0.0
MrBurns 2018 MAY 3 3 30 0.05 0.05 0.0 15501299.7000 129355.4 428773.2 0.0 0.0 326.275 116.65 196.475 0.825 0.125 97.8 1.25 0.0
MrBurns 2018 MAY 3 3 40 0.075 0.0 0.0 15379868.1000 166119.8 492989.2 0.0 0.0 3.4 20.625 57.8 0.0 0.0 100.0 0.0 0.0
MrBurns 2018 MAY 3 3 50 0.075 0.0 0.0 15379416.8000 166526.0 493011.3 0.0 0.0 3.875 20.375 56.5 0.0 0.0 99.975 0.025 0.0
MrBurns 2018 MAY 3 4 0 0.125 0.0 0.0 15378938.3000 166907.1 493028.8 0.0 0.0 3.325 20.75 58.1 0.0 0.0 100.0 0.0 0.0
MrBurns 2018 MAY 3 4 10 0.075 0.0 0.0 15378568.7000 167450.7 493046.7 0.0 0.0 3.725 20.35 56.825 0.0 0.0 99.975 0.0 0.0
MrBurns 2018 MAY 3 4 20 0.15 0.0 0.0 15378000.6000 167807.1 493070.8 0.0 0.0 3.275 20.525 57.25 0.0 0.0 100.0 0.0 0.0
MrBurns 2018 MAY 3 4 30 0.2 0.0 0.0 15377837.8000 168212.6 493088.3 0.0 0.0 3.7 20.375 57.025 0.0 0.0 99.975 0.0 0.0
MrBurns 2018 MAY 3 4 40 0.15 0.0 0.0 15376955.5000 168735.7 493107.7 0.0 0.0 3.2 20.55 57.725 0.0 0.0 100.0 0.0 0.0
MrBurns 2018 MAY 3 4 50 0.225 0.0 0.0 15376575.5000 169074.5 493127.2 0.0 0.0 3.125 20.025 56.1 0.0 0.0 99.975 0.0 0.0
MrBurns 2018 MAY 3 5 0 0.175 0.0 0.0 15376137.2000 169506.1 493147.3 0.0 0.0 3.4 20.65 58.2 0.0 0.0 100.0 0.0 0.0
MrBurns 2018 MAY 3 5 10 0.075 0.0 0.0 15375543.4000 170037.8 493169.5 0.0 0.0 3.375 20.175 56.7 0.0 0.0 100.0 0.0 0.0
MrBurns 2018 MAY 3 5 20 0.1 0.0 0.0 15375338.3000 170387.0 493188.3 0.0 0.0 3.2 20.45 57.075 0.0 0.0 100.0 0.0 0.0
MrBurns 2018 MAY 3 5 30 0.05 0.0 0.0 15374701.9000 170834.1 493208.0 0.0 0.0 3.625 20.3 56.925 0.0 0.0 100.0 0.0 0.0
MrBurns 2018 MAY 3 5 40 0.125 0.0 0.0 15374175.4000 171317.7 493230.6 0.0 0.0 3.1 20.4 57.55 0.0 0.0 100.0 0.0 0.0
MrBurns 2018 MAY 3 5 50 0.125 0.025 0.0 15373782.5000 171649.4 493267.1 0.0 0.0 3.175 20.175 56.4 0.0 0.0 100.0 0.0 0.0
MrBurns 2018 MAY 3 6 0 0.1 0.0 0.0 15278014.3000 173022.0 583395.4 0.0 0.0 363.575 32.25 117.15 0.075 0.075 99.425 0.4 0.0
MrBurns 2018 MAY 3 6 10 0.1 0.0 0.0 15139179.0000 174820.7 715448.9 0.0 0.0 3.525 20.05 56.6 0.0 0.0 100.0 0.0 0.0
MrBurns 2018 MAY 3 6 20 0.1 0.0 0.0 15139169.2000 175184.4 715470.8 0.0 0.0 3.225 20.55 57.775 0.0 0.0 100.0 0.0 0.0
MrBurns 2018 MAY 3 6 30 0.125 0.0 0.0 15138296.6000 175691.5 715489.9 0.0 0.0 3.675 20.275 56.875 0.0 0.0 100.0 0.0 0.0
MrBurns 2018 MAY 3 6 40 0.1 0.0 0.0 15137616.2000 176100.0 715509.5 0.0 0.0 2.8 20.4 56.875 0.0 0.0 100.0 0.0 0.0
MrBurns 2018 MAY 3 6 50 0.125 0.0 0.0 15137382.6000 176439.6 715530.4 0.0 0.0 3.3 20.1 56.275 0.0 0.0 100.0 0.0 0.0
MrBurns 2018 MAY 3 7 0 0.175 0.05 0.0 15136935.3000 176972.2 715551.3 0.0 0.0 3.5 20.55 58.225 0.0 0.0 100.0 0.0 0.0
MrBurns 2018 MAY 3 7 10 0.075 0.0 0.0 15136332.1000 177372.0 715571.1 0.0 0.0 3.2 20.075 55.725 0.0 0.0 100.0 0.0 0.0
MrBurns 2018 MAY 3 7 20 0.05 0.0 0.0 15135775.2000 177728.6 715589.2 0.0 0.0 3.375 20.85 58.95 0.0 0.0 100.0 0.0 0.0
MrBurns 2018 MAY 3 7 30 0.15 0.0 0.0 15135486.9000 178254.4 715612.1 0.0 0.0 3.6 20.35 57.05 0.0 0.0 100.0 0.0 0.0
MrBurns 2018 MAY 3 7 40 0.1 0.0 0.0 15134784.8000 178633.5 715635.3 0.0 0.0 3.025 20.25 57.0 0.0 0.0 100.0 0.0 0.0
MrBurns 2018 MAY 3 7 50 0.225 0.0 0.0 15134790.1000 178997.6 715654.9 0.0 0.0 3.35 20.15 56.25 0.0 0.0 100.0 0.0 0.0
MrBurns 2018 MAY 3 8 0 0.1 0.025 0.0 15133889.2000 179540.1 715672.3 0.0 0.0 3.525 20.65 58.2 0.0 0.0 100.0 0.0 0.0
MrBurns 2018 MAY 3 8 10 0.125 0.0 0.0 15133462.8000 179949.5 715694.2 0.0 0.0 3.325 19.925 56.0 0.0 0.0 100.0 0.0 0.0
MrBurns 2018 MAY 3 8 20 0.15 0.0 0.0 15133509.5000 180353.0 715715.8 0.0 0.0 3.325 20.725 58.025 0.0 0.0 100.0 0.0 0.0
MrBurns 2018 MAY 3 8 30 0.075 0.0 0.0 15132477.5000 180902.0 715733.5 0.0 0.0 3.4 20.2 56.65 0.0 0.0 100.0 0.0 0.0
MrBurns 2018 MAY 3 8 40 0.125 0.0 0.0 15132144.1000 181275.9 715753.1 0.0 0.0 2.9 20.25 56.875 0.0 0.0 100.0 0.0 0.0
MrBurns 2018 MAY 3 8 50 0.15 0.0 0.0 15131635.7000 181683.2 715773.7 0.0 0.0 3.65 20.3 56.65 0.0 0.0 100.0 0.0 0.0
MrBurns 2018 MAY 3 9 0 0.2 0.0 0.0 15130952.7000 182204.4 715794.7 0.0 0.0 3.05 20.5 57.75 0.0 0.0 100.0 0.0 0.0
MrBurns 2018 MAY 3 9 10 0.1 0.0 0.0 15130679.4000 182537.0 715814.4 0.0 0.0 3.075 19.875 55.625 0.0 0.0 100.0 0.0 0.0
MrBurns 2018 MAY 3 9 20 0.05 0.025 0.0 15130086.7000 182975.4 715831.8 0.0 0.0 3.65 20.775 58.4 0.0 0.0 100.0 0.0 0.0
MrBurns 2018 MAY 3 9 30 0.2 0.025 0.0 15129475.1000 183479.7 715853.4 0.0 0.0 3.075 20.05 56.3 0.0 0.0 100.0 0.0 0.0
MrBurns 2018 MAY 3 9 40 0.1 0.0 0.0 15128995.6000 183808.4 715874.8 0.0 0.0 3.05 20.325 57.075 0.0 0.0 100.0 0.0 0.0
MrBurns 2018 MAY 3 9 50 0.125 0.0 0.0 15128643.7000 184263.2 715893.7 0.0 0.0 3.55 20.225 56.85 0.0 0.0 100.0 0.0 0.0
MrBurns 2018 MAY 3 10 0 0.1 0.0 0.0 15128015.7000 184742.4 715912.6 0.0 0.0 3.1 20.4 57.125 0.0 0.0 100.0 0.0 0.0
MrBurns 2018 MAY 3 10 10 0.05 0.0 0.0 15127581.0000 185072.8 715934.3 0.0 0.0 3.15 20.425 56.7 0.0 0.0 100.0 0.0 0.0
MrBurns 2018 MAY 3 10 20 0.1 0.0 0.0 15126990.4000 185564.4 715953.9 0.0 0.0 3.8 20.9 58.375 0.0 0.0 100.0 0.0 0.0
MrBurns 2018 MAY 3 10 30 0.15 0.0 0.0 15126428.3000 186009.7 715973.4 0.0 0.0 3.0 19.9 55.7 0.0 0.0 100.0 0.0 0.0
MrBurns 2018 MAY 3 10 40 0.2 0.0 0.0 15126141.7000 186344.8 715993.8 0.0 0.0 2.95 20.9 57.425 0.0 0.0 100.0 0.0 0.0
MrBurns 2018 MAY 3 10 50 0.1 0.0 0.0 15125660.6000 186849.0 716011.6 0.0 0.0 3.625 20.55 56.875 0.0 0.0 100.0 0.0 0.0
MrBurns 2018 MAY 3 11 0 0.125 0.025 0.0 15124738.4000 187265.0 716033.9 0.0 0.0 2.975 20.625 57.125 0.0 0.0 100.0 0.0 0.0
MrBurns 2018 MAY 3 11 10 0.1 0.0 0.0 15124611.3000 187602.9 716054.0 0.0 0.0 3.3 20.225 56.4 0.0 0.0 100.0 0.0 0.0
MrBurns 2018 MAY 3 11 20 0.2 0.025 0.0 15124050.6000 188136.4 716070.4 0.0 0.0 3.5 20.675 58.175 0.0 0.0 100.0 0.0 0.0
MrBurns 2018 MAY 3 11 30 0.1 0.0 0.0 15123374.6000 188536.0 716095.0 0.0 0.0 3.325 20.15 55.675 0.0 0.0 100.0 0.0 0.0
MrBurns 2018 MAY 3 11 40 0.1 0.0 0.0 15123202.8000 188892.5 716113.5 0.0 0.0 3.35 20.675 57.925 0.0 0.0 100.0 0.0 0.0
MrBurns 2018 MAY 3 11 50 0.125 0.025 0.0 15122235.6000 189430.0 716131.0 0.0 0.0 3.25 20.6 56.975 0.0 0.0 100.0 0.0 0.0
MrBurns 2018 MAY 3 12 0 0.1 0.0 0.0 15121901.1000 189854.1 716152.2 0.0 0.0 3.0 20.8 57.425 0.0 0.0 100.0 0.0 0.0
MrBurns 2018 MAY 3 12 10 0.125 0.0 0.0 15121468.2000 190211.2 716174.9 0.0 0.0 3.45 21.3 56.75 0.0 0.0 100.0 0.0 0.0
MrBurns 2018 MAY 3 12 20 0.075 0.0 0.0 15120976.2000 190744.7 716191.3 0.0 0.0 3.45 21.225 58.05 0.0 0.0 100.0 0.0 0.0
MrBurns 2018 MAY 3 12 30 0.175 0.0 0.0 15120561.5000 191100.0 716212.8 0.0 0.0 3.075 20.425 56.075 0.0 0.0 100.0 0.0 0.0
MrBurns 2018 MAY 3 12 40 0.15 0.0 0.0 15119968.2000 191471.1 716230.2 0.0 0.0 3.275 20.7 57.975 0.0 0.0 100.0 0.0 0.0
MrBurns 2018 MAY 3 12 50 0.125 0.0 0.0 15119437.5000 192001.2 716251.7 0.0 0.0 3.25 20.65 56.675 0.0 0.0 100.0 0.0 0.0
MrBurns 2018 MAY 3 13 0 0.075 0.0 0.0 15118929.8000 192345.5 716272.6 0.0 0.0 3.125 20.625 57.025 0.0 0.0 100.0 0.0 0.0
MrBurns 2018 MAY 3 13 10 0.15 0.025 0.0 15118571.8000 192785.3 716291.0 0.0 0.0 3.55 21.05 57.125 0.0 0.0 100.0 0.0 0.0
MrBurns 2018 MAY 3 13 20 0.05 0.05 0.0 15118108.4000 193309.5 716310.5 0.0 0.0 3.225 20.875 58.0 0.0 0.0 100.0 0.0 0.0
MrBurns 2018 MAY 3 13 30 0.05 0.0 0.0 15117379.9000 193658.8 716333.0 0.0 0.0 3.075 20.4 56.025 0.0 0.0 100.0 0.0 0.0
MrBurns 2018 MAY 3 13 40 0.125 0.0 0.0 15117052.5000 194084.6 716350.4 0.0 0.0 3.5 20.95 58.6 0.0 0.0 100.0 0.0 0.0
MrBurns 2018 MAY 3 13 50 0.15 0.025 0.0 15116306.7000 194581.7 716372.3 0.0 0.0 3.175 20.725 56.775 0.0 0.0 100.0 0.0 0.0
MrBurns 2018 MAY 3 14 0 0.125 0.0 0.0 15115933.7000 194912.1 716390.1 0.0 0.0 3.025 20.65 57.225 0.0 0.0 100.0 0.0 0.0
MrBurns 2018 MAY 3 14 10 0.125 0.0 0.0 15115294.1000 195370.3 716410.6 0.0 0.0 3.8 20.525 56.95 0.0 0.0 100.0 0.0 0.0
MrBurns 2018 MAY 3 14 20 0.1 0.0 0.0 15114672.1000 195860.8 716432.3 0.0 0.0 3.175 21.8 57.325 0.0 0.0 100.0 0.0 0.0
MrBurns 2018 MAY 3 14 30 0.05 0.025 0.0 15114506.8000 196204.5 716450.8 0.0 0.0 3.25 20.25 56.225 0.0 0.0 100.0 0.0 0.0
MrBurns 2018 MAY 3 14 40 0.075 0.0 0.0 15113797.7000 196692.6 716468.0 0.0 0.0 3.4 20.95 58.475 0.0 0.0 100.0 0.0 0.0
MrBurns 2018 MAY 3 14 50 0.1 0.0 0.0 15113340.8000 197173.5 716492.9 0.0 0.0 3.05 20.1 56.2 0.0 0.0 100.0 0.0 0.0
MrBurns 2018 MAY 3 15 0 0.15 0.0 0.0 15112962.8000 197501.2 716511.2 0.0 0.0 3.075 20.475 57.775 0.0 0.0 100.0 0.0 0.0
MrBurns 2018 MAY 3 15 10 0.1 0.0 0.0 15112619.7000 197996.0 716530.5 0.0 0.0 3.525 20.325 56.825 0.0 0.0 100.0 0.0 0.0
MrBurns 2018 MAY 3 15 20 0.075 0.0 0.0 15112073.4000 198456.9 716551.9 0.0 0.0 3.225 20.7 57.15 0.0 0.0 100.0 0.0 0.0
MrBurns 2018 MAY 3 15 30 0.175 0.0 0.0 15111482.6000 198792.6 716572.2 0.0 0.0 3.175 20.675 56.7 0.0 0.0 100.0 0.0 0.0
MrBurns 2018 MAY 3 15 40 0.1 0.025 0.0 15110739.7000 199323.6 716589.8 0.0 0.0 3.8 20.925 58.0 0.0 0.0 100.0 0.0 0.0
MrBurns 2018 MAY 3 15 50 0.175 0.0 0.0 15110240.5000 199725.2 716610.3 0.0 0.0 3.075 20.4 55.525 0.0 0.0 100.0 0.0 0.0
MrBurns 2018 MAY 3 16 0 0.1 0.0 0.0 15109641.6000 200069.7 716629.2 0.0 0.0 3.125 20.475 57.775 0.0 0.0 100.0 0.0 0.0
MrBurns 2018 MAY 3 16 10 0.125 0.025 0.0 15109267.7000 200592.1 716652.2 0.0 0.0 3.475 20.15 56.375 0.0 0.0 100.0 0.0 0.0
MrBurns 2018 MAY 3 16 20 0.125 0.0 0.0 15108730.0000 200974.5 716671.2 0.0 0.0 3.1 20.7 56.85 0.0 0.0 100.0 0.0 0.0
MrBurns 2018 MAY 3 16 30 0.175 0.0 0.0 15108262.5000 201295.2 716690.2 0.0 0.0 3.25 20.6 56.55 0.0 0.0 100.0 0.0 0.0
MrBurns 2018 MAY 3 16 40 0.1 0.0 0.0 15107946.1000 201789.0 716709.9 0.0 0.0 3.325 20.725 57.975 0.0 0.0 100.0 0.0 0.0
MrBurns 2018 MAY 3 16 50 0.075 0.0 0.0 15107421.6000 202105.1 716732.2 0.0 0.0 3.175 20.025 55.55 0.0 0.0 100.0 0.0 0.0
MrBurns 2018 MAY 3 17 0 0.125 0.0 0.0 15107122.4000 202410.6 716751.0 0.0 0.0 3.2 21.1 57.875 0.0 0.0 100.0 0.0 0.0
MrBurns 2018 MAY 3 17 10 0.175 0.0 0.0 15106748.8000 202837.8 716769.4 0.0 0.0 3.175 21.225 56.275 0.0 0.0 100.0 0.0 0.0
MrBurns 2018 MAY 3 17 20 0.175 0.0 0.0 15106091.7000 203176.1 716790.2 0.0 0.0 3.175 20.975 56.775 0.0 0.0 100.0 0.0 0.0
MrBurns 2018 MAY 3 17 30 0.075 0.0 0.0 15105748.2000 203569.7 716812.7 0.0 0.0 3.5 20.35 56.8 0.0 0.0 100.0 0.0 0.0
MrBurns 2018 MAY 3 17 40 0.1 0.0 0.0 15105182.5000 204051.0 716830.5 0.0 0.0 3.15 20.5 57.35 0.0 0.0 100.0 0.0 0.0
MrBurns 2018 MAY 3 17 50 0.175 0.0 0.0 15104754.1000 204380.2 716849.8 0.0 0.0 3.0 20.0 55.65 0.0 0.0 100.0 0.0 0.0
MrBurns 2018 MAY 3 18 0 0.075 0.0 0.0 15104479.3000 204801.8 716870.2 0.0 0.0 3.55 20.75 57.925 0.0 0.0 100.0 0.0 0.0
MrBurns 2018 MAY 3 18 10 0.2 0.025 0.0 15103868.1000 205218.3 716891.0 0.0 0.0 3.275 20.15 56.025 0.0 0.0 100.0 0.0 0.0
MrBurns 2018 MAY 3 18 20 0.1 0.0 0.0 15103481.4000 205487.0 716910.8 0.0 0.0 3.675 20.8 56.725 0.0 0.0 100.0 0.0 0.0
MrBurns 2018 MAY 3 18 30 0.15 0.0 0.0 15103090.3000 205844.2 716928.9 0.0 0.0 3.825 20.625 56.525 0.0 0.0 100.0 0.0 0.0
MrBurns 2018 MAY 3 18 40 0.05 0.0 0.0 15102962.6000 206203.2 716950.0 0.0 0.0 3.325 20.35 56.925 0.0 0.0 100.0 0.0 0.0
MrBurns 2018 MAY 3 18 50 0.15 0.0 0.0 15102629.9000 206447.0 716972.1 0.0 0.0 3.0 20.15 55.5 0.0 0.0 100.0 0.0 0.0
MrBurns 2018 MAY 3 19 0 0.275 0.025 0.0 15102183.9000 206826.6 716988.5 0.0 0.0 3.675 20.725 57.3 0.0 0.0 100.0 0.0 0.0
MrBurns 2018 MAY 3 19 10 0.075 0.0 0.0 15101813.8000 207180.0 717009.6 0.0 0.0 3.075 19.625 54.55 0.0 0.0 100.0 0.0 0.0
MrBurns 2018 MAY 3 19 20 0.175 0.0 0.0 15101700.5000 207436.8 717028.6 0.0 0.0 3.275 20.275 56.675 0.0 0.0 100.0 0.0 0.0
MrBurns 2018 MAY 3 19 30 0.075 0.0 0.0 15101331.0000 207755.2 717049.2 0.0 0.0 3.65 20.025 56.025 0.0 0.0 100.0 0.0 0.0
MrBurns 2018 MAY 3 19 40 0.1 0.0 0.0 15100900.0000 208041.6 717070.0 0.0 0.0 2.975 20.075 55.625 0.0 0.0 100.0 0.0 0.0
MrBurns 2018 MAY 3 19 50 0.1 0.0 0.0 15100827.2000 208265.2 717089.5 0.0 0.0 3.1 19.425 54.85 0.0 0.0 100.0 0.0 0.0
MrBurns 2018 MAY 3 20 0 0.05 0.0 0.0 15100496.9000 208477.3 717107.2 0.0 0.0 3.475 20.825 57.625 0.0 0.0 100.0 0.0 0.0
MrBurns 2018 MAY 3 20 10 0.125 0.0 0.0 15100348.5000 208702.4 717131.0 0.0 0.0 2.875 19.85 55.2 0.0 0.0 100.0 0.0 0.0
MrBurns 2018 MAY 3 20 20 0.075 0.0 0.0 15100015.1000 208942.4 717149.6 0.0 0.0 3.275 20.8 57.475 0.0 0.0 100.0 0.0 0.0
MrBurns 2018 MAY 3 20 30 0.075 0.0 0.0 15099725.0000 209322.7 717166.8 0.0 0.0 3.425 20.275 56.4 0.0 0.0 100.0 0.0 0.0
MrBurns 2018 MAY 3 20 40 0.125 0.025 0.0 15099263.1000 209565.1 717187.8 0.0 0.0 2.975 20.925 56.6 0.0 0.0 100.0 0.0 0.0
MrBurns 2018 MAY 3 20 50 0.075 0.0 0.0 15099210.6000 209786.0 717210.0 0.0 0.0 3.475 20.4 56.025 0.0 0.0 100.0 0.0 0.0
MrBurns 2018 MAY 3 21 0 0.075 0.0 0.0 15098627.5000 210150.6 717227.8 0.0 0.0 3.2 20.575 57.85 0.0 0.0 100.0 0.0 0.0
MrBurns 2018 MAY 3 21 10 0.1 0.0 0.0 15098243.2000 210410.7 717248.5 0.0 0.0 3.0 19.95 55.25 0.0 0.0 100.0 0.0 0.0
MrBurns 2018 MAY 3 21 20 0.2 0.0 0.0 15098043.6000 210682.9 717267.9 0.0 0.0 3.575 20.725 58.025 0.0 0.0 100.0 0.0 0.0
MrBurns 2018 MAY 3 21 30 0.075 0.0 0.0 15097884.5000 211040.3 717289.0 0.0 0.0 3.25 19.95 56.1 0.0 0.0 100.0 0.0 0.0
MrBurns 2018 MAY 3 21 40 0.1 0.0 0.0 15097352.7000 211290.5 717309.2 0.0 0.0 2.875 20.325 56.825 0.0 0.0 100.0 0.0 0.0
MrBurns 2018 MAY 3 21 50 0.175 0.0 0.0 15097171.1000 211548.8 717326.8 0.0 0.0 3.425 20.15 56.625 0.0 0.0 100.0 0.0 0.0
MrBurns 2018 MAY 3 22 0 0.125 0.0 0.0 15096520.1000 212001.3 717347.5 0.0 0.0 3.175 20.575 57.975 0.0 0.0 100.0 0.0 0.0
MrBurns 2018 MAY 3 22 10 0.2 0.0 0.0 15096194.4000 212305.9 717369.8 0.0 0.0 2.95 20.05 55.825 0.0 0.0 100.0 0.0 0.0
MrBurns 2018 MAY 3 22 20 0.1 0.0 0.0 15095760.2000 212682.6 717386.1 0.0 0.0 3.65 20.725 58.125 0.0 0.0 100.0 0.0 0.0
MrBurns 2018 MAY 3 22 30 0.15 0.025 0.0 15095257.9000 213128.6 717407.9 0.0 0.0 2.925 19.975 56.225 0.0 0.0 100.0 0.0 0.0
MrBurns 2018 MAY 3 22 40 0.175 0.0 0.0 15095025.9000 213419.8 717427.5 0.0 0.0 2.975 20.4 56.975 0.0 0.0 100.0 0.0 0.0
MrBurns 2018 MAY 3 22 50 0.075 0.0 0.0 15094553.2000 213823.8 717448.3 0.0 0.0 3.525 20.3 56.525 0.0 0.0 100.0 0.0 0.0
MrBurns 2018 MAY 3 23 0 0.0 0.0 0.0 15093286.2000 214312.0 718102.5 0.0 0.0 4.45 21.15 59.85 0.0 0.0 99.975 0.0 0.0
MrBurns 2018 MAY 3 23 10 0.15 0.0 0.0 15092928.6000 214637.2 718172.1 0.0 0.0 3.025 20.0 55.75 0.0 0.0 100.0 0.0 0.0
MrBurns 2018 MAY 3 23 20 0.15 0.0 0.0 15092466.7000 215069.2 718192.7 0.0 0.0 3.725 20.625 58.125 0.0 0.0 100.0 0.0 0.0
MrBurns 2018 MAY 3 23 30 0.075 0.0 0.0 15091817.2000 215450.8 718214.0 0.0 0.0 3.175 19.9 55.75 0.0 0.0 100.0 0.0 0.0
MrBurns 2018 MAY 3 23 40 0.1 0.0 0.0 15091791.6000 215741.1 718232.4 0.0 0.0 3.175 20.525 57.475 0.0 0.0 100.0 0.0 0.0
