MrBurns 2018 MAY 5 0 0 0.1794871794871795 0.0 0.0 15096319.2821 214101.12820512822 718535.3846153846 0.0 0.0 3.0256410256410255 19.923076923076923 55.97435897435897 0.0 0.0 100.0 0.0 0.0
MrBurns 2018 MAY 5 0 10 0.15 0.0 0.0 15096482.7000 214312.2 718553.3 0.0 0.0 2.825 20.525 57.55 0.0 0.0 100.0 0.0 0.0
MrBurns 2018 MAY 5 0 20 0.075 0.0 0.0 15096042.7000 214636.9 718571.0 0.0 0.0 3.225 20.25 56.65 0.0 0.0 100.0 0.0 0.0
MrBurns 2018 MAY 5 0 30 0.1 0.0 0.0 15095268.9000 214918.7 718395.5 0.0 0.0 5.1 22.225 62.35 0.025 0.0 99.925 0.05 0.0
MrBurns 2018 MAY 5 0 40 0.175 0.0 0.0 15096115.6000 215150.9 718127.7 0.0 0.0 3.25 20.175 56.425 0.0 0.0 100.0 0.0 0.0
MrBurns 2018 MAY 5 0 50 0.05 0.025 0.0 15095568.2000 215499.8 718145.9 0.0 0.0 3.275 20.575 58.0 0.0 0.0 100.0 0.0 0.0
MrBurns 2018 MAY 5 1 0 0.1 0.0 0.0 15095290.8000 215763.2 718164.9 0.0 0.0 3.1 20.125 55.825 0.0 0.0 100.0 0.0 0.0
MrBurns 2018 MAY 5 1 10 0.075 0.0 0.0 15095404.6000 215970.4 718186.6 0.0 0.0 3.15 20.5 57.6 0.0 0.0 100.0 0.0 0.0
MrBurns 2018 MAY 5 1 20 0.1 0.025 0.0 15094655.0000 216332.8 718207.7 0.0 0.0 3.375 20.275 56.525 0.0 0.0 100.0 0.0 0.0
MrBurns 2018 MAY 5 1 30 0.3 0.0 0.0 15094441.9000 216607.5 718225.6 0.0 0.0 2.825 20.375 57.4 0.0 0.0 100.0 0.0 0.0
MrBurns 2018 MAY 5 1 40 0.075 0.0 0.0 15094156.3000 216852.0 718245.7 0.0 0.0 3.4 20.275 56.625 0.0 0.0 100.0 0.0 0.0
MrBurns 2018 MAY 5 1 50 0.225 0.0 0.0 15094102.0000 217238.2 718266.1 0.0 0.0 3.475 20.525 57.925 0.0 0.0 100.0 0.0 0.0
MrBurns 2018 MAY 5 2 0 0.175 0.0 0.0 15093749.5000 217488.0 718287.5 0.0 0.0 3.15 19.925 55.6 0.0 0.0 100.0 0.0 0.0
MrBurns 2018 MAY 5 2 10 0.175 0.0 0.0 15093680.8000 217745.9 718306.9 0.0 0.0 3.475 20.7 57.875 0.0 0.0 100.0 0.0 0.0
MrBurns 2018 MAY 5 2 20 0.125 0.05 0.0 15093129.0000 218092.8 718324.7 0.0 0.0 3.1 20.1 55.875 0.0 0.0 100.0 0.0 0.0
MrBurns 2018 MAY 5 2 30 0.125 0.0 0.0 15092632.9000 218326.0 718345.8 0.0 0.0 3.225 20.575 56.575 0.0 0.0 100.0 0.0 0.0
MrBurns 2018 MAY 5 2 40 0.15 0.0 0.0 15092701.7000 218600.8 718367.1 0.0 0.0 3.475 20.325 55.95 0.0 0.0 100.0 0.0 0.0
MrBurns 2018 MAY 5 2 50 0.15 0.0 0.0 15092153.9000 218950.2 718385.8 0.0 0.0 3.075 20.525 56.725 0.0 0.0 100.0 0.0 0.0
MrBurns 2018 MAY 5 3 0 0.15 0.0 0.0 15091839.0000 219167.0 718409.0 0.0 0.0 3.4 20.5 56.625 0.0 0.0 100.0 0.0 0.0
MrBurns 2018 MAY 5 3 10 0.125 0.0 0.0 15091610.6000 219458.0 718428.6 0.0 0.0 3.575 20.875 57.55 0.0 0.0 100.0 0.0 0.0
MrBurns 2018 MAY 5 3 20 0.05 0.0 0.0 15091283.8000 219787.2 718450.2 0.0 0.0 3.075 19.925 54.7 0.0 0.0 100.0 0.0 0.0
MrBurns 2018 MAY 5 3 30 0.1 0.0 0.0 15836993.5000 50270.0 221987.4 0.0 0.0 3.2 20.575 57.4 0.0 0.0 99.975 0.025 0.0
MrBurns 2018 MAY 5 3 40 0.0 0.0 0.0 15875927.9000 41668.2 195879.8 0.0 0.0 3.025 20.875 58.2 0.0 0.0 100.0 0.0 0.0
MrBurns 2018 MAY 5 3 50 0.075 0.025 0.0 15453588.6000 142972.4 456674.7 0.0 0.0 280.575 110.825 183.5 0.775 0.1 98.225 0.85 0.0
MrBurns 2018 MAY 5 4 0 0.225 0.0 0.0 15395527.2000 164324.1 489470.4 0.0 0.0 2.925 20.825 57.675 0.0 0.0 100.0 0.0 0.0
MrBurns 2018 MAY 5 4 10 0.125 0.0 0.0 15395413.3000 164666.1 489489.9 0.0 0.0 3.475 20.375 56.6 0.0 0.0 99.975 0.0 0.0
MrBurns 2018 MAY 5 4 20 0.125 0.0 0.0 15394963.9000 165206.3 489510.2 0.0 0.0 3.625 20.825 58.275 0.0 0.0 100.0 0.0 0.0
MrBurns 2018 MAY 5 4 30 0.2 0.0 0.0 15394083.6000 165656.5 489530.1 0.0 0.0 3.4 20.125 56.2 0.0 0.0 99.975 0.0 0.0
MrBurns 2018 MAY 5 4 40 0.075 0.0 0.0 15393644.1000 166050.7 489549.4 0.0 0.0 3.25 20.6 57.85 0.0 0.0 100.0 0.0 0.0
MrBurns 2018 MAY 5 4 50 0.125 0.025 0.0 15393293.4000 166599.1 489567.9 0.0 0.0 3.725 20.325 56.7 0.0 0.0 99.975 0.0 0.0
MrBurns 2018 MAY 5 5 0 0.225 0.0 0.0 15392737.8000 166976.0 489590.3 0.0 0.0 2.775 20.425 56.95 0.0 0.0 100.0 0.0 0.0
MrBurns 2018 MAY 5 5 10 0.175 0.0 0.0 15392468.4000 167324.5 489611.6 0.0 0.0 3.35 20.125 56.25 0.0 0.0 100.0 0.0 0.0
MrBurns 2018 MAY 5 5 20 0.15 0.025 0.0 15391659.6000 167865.0 489627.7 0.0 0.0 3.4 20.55 57.7 0.0 0.0 100.0 0.0 0.0
MrBurns 2018 MAY 5 5 30 0.2 0.0 0.0 15391175.1000 168240.0 489648.1 0.0 0.0 3.15 19.9 55.4 0.0 0.0 100.0 0.0 0.0
MrBurns 2018 MAY 5 5 40 0.175 0.0 0.0 15390733.1000 168599.8 489671.6 0.0 0.0 3.2 20.625 57.675 0.0 0.0 100.0 0.0 0.0
MrBurns 2018 MAY 5 5 50 0.15 0.025 0.0 15390431.4000 169155.7 489706.0 0.0 0.0 3.575 20.425 57.525 0.0 0.0 100.0 0.0 0.0
MrBurns 2018 MAY 5 6 0 0.15 0.025 0.0 15294770.8000 170477.4 579846.9 0.0 0.0 363.1 31.775 116.525 0.075 0.075 99.475 0.4 0.0
MrBurns 2018 MAY 5 6 10 0.1 0.0 0.0 15156187.9000 172203.8 711905.0 0.0 0.0 3.8 20.65 57.975 0.0 0.0 100.0 0.0 0.0
MrBurns 2018 MAY 5 6 20 0.175 0.0 0.0 15155524.9000 172761.2 711926.4 0.0 0.0 3.475 21.075 59.025 0.0 0.0 100.0 0.0 0.0
MrBurns 2018 MAY 5 6 30 0.1 0.0 0.0 15154656.2000 173163.1 711948.4 0.0 0.0 3.175 20.425 56.675 0.0 0.0 100.0 0.0 0.0
MrBurns 2018 MAY 5 6 40 0.125 0.0 0.0 15154397.2000 173568.3 711965.8 0.0 0.0 3.35 20.95 58.775 0.0 0.0 100.0 0.0 0.0
MrBurns 2018 MAY 5 6 50 0.1 0.0 0.0 15153780.6000 174100.3 711985.4 0.0 0.0 3.525 20.5 56.975 0.0 0.0 100.0 0.0 0.0
MrBurns 2018 MAY 5 7 0 0.175 0.0 0.0 15153529.2000 174454.3 712010.1 0.0 0.0 3.1 20.5 57.625 0.0 0.0 100.0 0.0 0.0
MrBurns 2018 MAY 5 7 10 0.1 0.0 0.0 15152953.6000 174871.6 712027.7 0.0 0.0 3.775 20.375 57.3 0.0 0.0 100.0 0.0 0.0
MrBurns 2018 MAY 5 7 20 0.1 0.0 0.0 15152367.7000 175411.9 712046.4 0.0 0.0 3.45 21.15 59.275 0.0 0.0 100.0 0.0 0.0
MrBurns 2018 MAY 5 7 30 0.125 0.0 0.0 15152044.1000 175767.4 712070.7 0.0 0.0 3.35 20.475 56.75 0.0 0.0 100.0 0.0 0.0
MrBurns 2018 MAY 5 7 40 0.125 0.0 0.0 15151551.4000 176197.6 712091.1 0.0 0.0 3.425 20.825 58.675 0.0 0.0 100.0 0.0 0.0
MrBurns 2018 MAY 5 7 50 0.15 0.0 0.0 15150802.6000 176700.6 712112.5 0.0 0.0 3.125 20.275 56.95 0.0 0.0 100.0 0.0 0.0
MrBurns 2018 MAY 5 8 0 0.05 0.0 0.0 15150621.1000 177029.0 712131.4 0.0 0.0 2.975 20.575 58.15 0.0 0.0 100.0 0.0 0.0
MrBurns 2018 MAY 5 8 10 0.1 0.0 0.0 15149985.0000 177506.5 712149.3 0.0 0.0 3.675 20.5 57.45 0.0 0.0 100.0 0.0 0.0
MrBurns 2018 MAY 5 8 20 0.175 0.0 0.0 15149561.0000 177950.6 712173.5 0.0 0.0 2.975 20.625 57.9 0.0 0.0 100.0 0.0 0.0
MrBurns 2018 MAY 5 8 30 0.1 0.0 0.0 15149154.1000 178283.6 712192.6 0.0 0.0 3.125 20.325 56.875 0.0 0.0 100.0 0.0 0.0
MrBurns 2018 MAY 5 8 40 0.075 0.0 0.0 15148507.2000 178806.0 712208.3 0.0 0.0 3.45 20.725 58.625 0.0 0.0 100.0 0.0 0.0
MrBurns 2018 MAY 5 8 50 0.1 0.0 0.0 15147901.8000 179211.5 712231.9 0.0 0.0 3.075 20.15 56.15 0.0 0.0 100.0 0.0 0.0
MrBurns 2018 MAY 5 9 0 0.1 0.0 0.0 15147766.4000 179548.4 712252.3 0.0 0.0 3.175 20.675 58.5 0.0 0.0 100.0 0.0 0.0
MrBurns 2018 MAY 5 9 10 0.05 0.0 0.0 15147234.4000 180088.3 712270.5 0.0 0.0 3.6 20.35 57.225 0.0 0.0 100.0 0.0 0.0
MrBurns 2018 MAY 5 9 20 0.15 0.0 0.0 15146382.0000 180515.8 712291.5 0.0 0.0 3.175 20.525 57.525 0.0 0.0 100.0 0.0 0.0
MrBurns 2018 MAY 5 9 30 0.075 0.0 0.0 15146359.2000 180858.7 712313.3 0.0 0.0 3.3 20.275 57.05 0.0 0.0 100.0 0.0 0.0
MrBurns 2018 MAY 5 9 40 0.125 0.0 0.0 15145748.1000 181392.7 712331.3 0.0 0.0 3.375 20.8 58.65 0.0 0.0 100.0 0.0 0.0
MrBurns 2018 MAY 5 9 50 0.175 0.0 0.0 15145102.5000 181768.2 712351.5 0.0 0.0 3.175 20.275 56.25 0.0 0.0 100.0 0.0 0.0
MrBurns 2018 MAY 5 10 0 0.1 0.0 0.0 15144903.3000 182136.7 712369.8 0.0 0.0 3.175 20.65 58.1 0.0 0.0 100.0 0.0 0.0
MrBurns 2018 MAY 5 10 10 0.05 0.0 0.0 15144429.8000 182679.7 712392.6 0.0 0.0 3.55 20.15 56.45 0.0 0.0 100.0 0.0 0.0
MrBurns 2018 MAY 5 10 20 0.15 0.0 0.0 15143558.9000 183072.8 712412.3 0.0 0.0 3.125 20.5 56.95 0.0 0.0 100.0 0.0 0.0
MrBurns 2018 MAY 5 10 30 0.15 0.0 0.0 15143484.5000 183448.0 712430.8 0.0 0.0 3.4 20.15 56.65 0.0 0.0 100.0 0.0 0.0
MrBurns 2018 MAY 5 10 40 0.075 0.0 0.0 15142785.8000 183968.0 712450.0 0.0 0.0 3.35 20.45 57.725 0.0 0.0 100.0 0.0 0.0
MrBurns 2018 MAY 5 10 50 0.175 0.0 0.0 15142278.3000 184316.0 712473.2 0.0 0.0 3.3 20.025 55.775 0.0 0.0 100.0 0.0 0.0
MrBurns 2018 MAY 5 11 0 0.125 0.0 0.0 15141900.6000 184696.0 712491.5 0.0 0.0 3.3 20.525 58.05 0.0 0.0 100.0 0.0 0.0
MrBurns 2018 MAY 5 11 10 0.15 0.0 0.0 15141273.5000 185248.8 712509.5 0.0 0.0 3.4 20.125 56.375 0.0 0.0 100.0 0.0 0.0
MrBurns 2018 MAY 5 11 20 0.1 0.0 0.0 15140641.5000 185644.4 712528.9 0.0 0.0 3.1 20.325 57.05 0.0 0.0 100.0 0.0 0.0
MrBurns 2018 MAY 5 11 30 0.225 0.0 0.0 15140285.4000 186021.2 712551.6 0.0 0.0 3.475 20.125 56.75 0.0 0.0 100.0 0.0 0.0
MrBurns 2018 MAY 5 11 40 0.1 0.0 0.0 15139843.1000 186543.4 712569.3 0.0 0.0 3.125 20.25 57.45 0.0 0.0 100.0 0.0 0.0
MrBurns 2018 MAY 5 11 50 0.075 0.0 0.0 15139450.8000 186884.1 712588.7 0.0 0.0 2.975 19.9 55.825 0.0 0.0 100.0 0.0 0.0
MrBurns 2018 MAY 5 12 0 0.075 0.0 0.0 15138763.1000 187313.3 712610.0 0.0 0.0 3.575 20.65 58.15 0.0 0.0 100.0 0.0 0.0
MrBurns 2018 MAY 5 12 10 0.175 0.0 0.0 15138258.5000 187833.6 712631.2 0.0 0.0 3.05 20.2 56.525 0.0 0.0 100.0 0.0 0.0
MrBurns 2018 MAY 5 12 20 0.1 0.0 0.0 15137840.2000 188173.6 712650.3 0.0 0.0 3.2 20.35 56.925 0.0 0.0 100.0 0.0 0.0
MrBurns 2018 MAY 5 12 30 0.125 0.0 0.0 15137279.2000 188616.7 712668.6 0.0 0.0 3.625 20.2 56.85 0.0 0.0 100.0 0.0 0.0
MrBurns 2018 MAY 5 12 40 0.075 0.0 0.0 15136864.7000 189105.7 712689.5 0.0 0.0 3.025 20.45 57.6 0.0 0.0 100.0 0.0 0.0
MrBurns 2018 MAY 5 12 50 0.175 0.0 0.0 15136279.1000 189434.7 712710.9 0.0 0.0 3.0 20.075 56.3 0.0 0.0 100.0 0.0 0.0
MrBurns 2018 MAY 5 13 0 0.175 0.0 0.0 15136105.7000 189913.2 712727.7 0.0 0.0 3.575 20.7 58.2 0.0 0.0 100.0 0.0 0.0
MrBurns 2018 MAY 5 13 10 0.125 0.0 0.0 15135310.5000 190382.4 712748.5 0.0 0.0 2.975 19.9 55.375 0.0 0.0 100.0 0.0 0.0
MrBurns 2018 MAY 5 13 20 0.075 0.0 0.0 15135166.8000 190717.2 712769.6 0.0 0.0 3.15 20.475 57.525 0.0 0.0 100.0 0.0 0.0
MrBurns 2018 MAY 5 13 30 0.1 0.0 0.0 15134478.5000 191215.9 712789.1 0.0 0.0 3.55 20.225 56.9 0.0 0.0 100.0 0.0 0.0
MrBurns 2018 MAY 5 13 40 0.05 0.0 0.0 15133825.7000 191701.7 712809.2 0.0 0.0 3.125 20.825 57.5 0.0 0.0 100.0 0.0 0.0
MrBurns 2018 MAY 5 13 50 0.1 0.0 0.0 15133594.2000 192082.5 712829.5 0.0 0.0 3.15 20.1 56.55 0.0 0.0 100.0 0.0 0.0
MrBurns 2018 MAY 5 14 0 0.05 0.025 0.0 15132876.1000 192630.1 712848.4 0.0 0.0 3.65 20.725 58.125 0.0 0.0 100.0 0.0 0.0
MrBurns 2018 MAY 5 14 10 0.2 0.0 0.0 15132360.7000 193068.0 712870.3 0.0 0.0 3.05 19.95 55.7 0.0 0.0 100.0 0.0 0.0
MrBurns 2018 MAY 5 14 20 0.1 0.0 0.0 15132141.8000 193437.1 712890.3 0.0 0.0 3.275 20.425 57.9 0.0 0.0 100.0 0.0 0.0
MrBurns 2018 MAY 5 14 30 0.075 0.0 0.0 15131321.6000 193985.9 712907.3 0.0 0.0 3.325 20.4 57.25 0.0 0.0 100.0 0.0 0.0
MrBurns 2018 MAY 5 14 40 0.175 0.0 0.0 15130791.4000 194368.9 712929.1 0.0 0.0 3.0 20.525 57.475 0.0 0.0 100.0 0.0 0.0
MrBurns 2018 MAY 5 14 50 0.05 0.0 0.0 15130531.0000 194732.0 712950.7 0.0 0.0 3.35 20.475 57.175 0.0 0.0 100.0 0.0 0.0
MrBurns 2018 MAY 5 15 0 0.1 0.025 0.0 15130051.2000 195266.3 712967.4 0.0 0.0 3.325 20.85 58.725 0.0 0.0 100.0 0.0 0.0
MrBurns 2018 MAY 5 15 10 0.1 0.0 0.0 15129440.7000 195612.1 712988.4 0.0 0.0 2.9 20.15 56.15 0.0 0.0 100.0 0.0 0.0
MrBurns 2018 MAY 5 15 20 0.075 0.0 0.0 15129316.5000 196000.0 713008.7 0.0 0.0 3.475 20.9 58.325 0.0 0.0 100.0 0.0 0.0
MrBurns 2018 MAY 5 15 30 0.125 0.0 0.0 15128592.3000 196529.1 713028.5 0.0 0.0 3.225 20.45 56.625 0.0 0.0 100.0 0.0 0.0
MrBurns 2018 MAY 5 15 40 0.1 0.0 0.0 15128009.4000 196868.4 713050.1 0.0 0.0 3.05 20.65 57.1 0.0 0.0 100.0 0.0 0.0
MrBurns 2018 MAY 5 15 50 0.075 0.0 0.0 15127774.3000 197271.1 713067.7 0.0 0.0 3.475 20.425 57.075 0.0 0.0 100.0 0.0 0.0
MrBurns 2018 MAY 5 16 0 0.15 0.0 0.0 15127045.1000 197797.3 713087.4 0.0 0.0 3.225 20.7 57.85 0.0 0.0 100.0 0.0 0.0
MrBurns 2018 MAY 5 16 10 0.15 0.0 0.0 15126887.8000 198131.6 713110.5 0.0 0.0 3.125 20.225 55.95 0.0 0.0 100.0 0.0 0.0
MrBurns 2018 MAY 5 16 20 0.075 0.0 0.0 15126223.2000 198555.6 713128.2 0.0 0.0 3.475 20.925 58.525 0.0 0.0 100.0 0.0 0.0
MrBurns 2018 MAY 5 16 30 0.025 0.0 0.0 15125870.4000 199101.2 713146.0 0.0 0.0 3.275 20.375 57.2 0.0 0.0 100.0 0.0 0.0
MrBurns 2018 MAY 5 16 40 0.1 0.0 0.0 15125578.6000 199440.3 713170.3 0.0 0.0 2.9 20.6 57.6 0.0 0.0 100.0 0.0 0.0
MrBurns 2018 MAY 5 16 50 0.1 0.0 0.0 15125174.6000 199848.2 713187.6 0.0 0.0 3.6 20.55 57.325 0.0 0.0 100.0 0.0 0.0
MrBurns 2018 MAY 5 17 0 0.175 0.0 0.0 15124489.9000 200364.3 713207.7 0.0 0.0 3.25 20.75 57.975 0.0 0.0 100.0 0.0 0.0
MrBurns 2018 MAY 5 17 10 0.1 0.0 0.0 15124057.8000 200703.6 713227.9 0.0 0.0 2.95 20.15 56.2 0.0 0.0 100.0 0.0 0.0
MrBurns 2018 MAY 5 17 20 0.225 0.0 0.0 15123456.6000 201159.4 713249.4 0.0 0.0 3.65 21.0 58.675 0.0 0.0 100.0 0.0 0.0
MrBurns 2018 MAY 5 17 30 0.1 0.025 0.0 15122935.6000 201683.6 713270.0 0.0 0.0 3.05 20.3 56.975 0.0 0.0 100.0 0.0 0.0
MrBurns 2018 MAY 5 17 40 0.1 0.0 0.0 15122638.1000 202012.0 713288.4 0.0 0.0 2.975 20.4 57.425 0.0 0.0 100.0 0.0 0.0
MrBurns 2018 MAY 5 17 50 0.1 0.0 0.0 15122016.1000 202454.9 713305.5 0.0 0.0 3.575 20.425 57.475 0.0 0.0 100.0 0.0 0.0
MrBurns 2018 MAY 5 18 0 0.175 0.025 0.0 15121439.4000 202909.7 713329.6 0.0 0.0 3.2 20.625 57.675 0.0 0.0 100.0 0.0 0.0
MrBurns 2018 MAY 5 18 10 0.1 0.0 0.0 15121304.0000 203212.8 713348.9 0.0 0.0 3.15 20.175 56.875 0.0 0.0 100.0 0.0 0.0
MrBurns 2018 MAY 5 18 20 0.15 0.0 0.0 15120835.1000 203675.8 713365.9 0.0 0.0 4.1 20.875 58.75 0.0 0.0 100.0 0.0 0.0
MrBurns 2018 MAY 5 18 30 0.1 0.0 0.0 15120307.0000 204093.9 713387.1 0.0 0.0 3.275 20.25 56.4 0.0 0.0 100.0 0.0 0.0
MrBurns 2018 MAY 5 18 40 0.125 0.0 0.0 15120072.8000 204378.9 713409.2 0.0 0.0 3.3 20.725 58.225 0.0 0.0 100.0 0.0 0.0
MrBurns 2018 MAY 5 18 50 0.1 0.0 0.0 15119592.9000 204729.8 713428.5 0.0 0.0 3.525 20.65 57.2 0.0 0.0 100.0 0.0 0.0
MrBurns 2018 MAY 5 19 0 0.075 0.0 0.0 15119191.6000 205015.0 713447.8 0.0 0.0 2.975 20.6 57.75 0.0 0.0 100.0 0.0 0.0
MrBurns 2018 MAY 5 19 10 0.1 0.0 0.0 15119067.0000 205295.9 713466.3 0.0 0.0 3.2 20.425 57.075 0.0 0.0 100.0 0.0 0.0
MrBurns 2018 MAY 5 19 20 0.2 0.0 0.0 15118606.1000 205783.2 713488.6 0.0 0.0 3.525 20.75 58.475 0.0 0.0 100.0 0.0 0.0
MrBurns 2018 MAY 5 19 30 0.125 0.0 0.0 15118062.5000 206120.5 713508.3 0.0 0.0 3.175 20.1 56.6 0.0 0.0 100.0 0.0 0.0
MrBurns 2018 MAY 5 19 40 0.125 0.0 0.0 15117845.5000 206380.3 713526.5 0.0 0.0 3.425 20.75 58.2 0.0 0.0 100.0 0.0 0.0
MrBurns 2018 MAY 5 19 50 0.05 0.0 0.0 15117500.9000 206741.8 713545.0 0.0 0.0 3.125 20.425 57.15 0.0 0.0 100.0 0.0 0.0
MrBurns 2018 MAY 5 20 0 0.15 0.0 0.0 15117192.2000 206987.2 713568.1 0.0 0.0 3.15 20.6 57.85 0.0 0.0 100.0 0.0 0.0
MrBurns 2018 MAY 5 20 10 0.175 0.0 0.0 15116922.8000 207246.4 713588.5 0.0 0.0 3.25 20.375 57.15 0.0 0.0 100.0 0.0 0.0
MrBurns 2018 MAY 5 20 20 0.15 0.0 0.0 15116281.2000 207594.1 713606.0 0.0 0.0 3.35 20.675 58.175 0.0 0.0 100.0 0.0 0.0
MrBurns 2018 MAY 5 20 30 0.15 0.0 0.0 15116107.5000 207815.0 713624.6 0.0 0.0 2.925 20.075 56.175 0.0 0.0 100.0 0.0 0.0
MrBurns 2018 MAY 5 20 40 0.1 0.0 0.0 15115772.3000 208059.9 713647.5 0.0 0.0 3.45 20.85 58.6 0.0 0.0 100.0 0.0 0.0
MrBurns 2018 MAY 5 20 50 0.175 0.0 0.0 15115319.1000 208441.5 713666.7 0.0 0.0 3.3 20.3 56.9 0.0 0.0 100.0 0.0 0.0
MrBurns 2018 MAY 5 21 0 0.125 0.0 0.0 15114927.4000 208708.1 713685.6 0.0 0.0 2.975 20.55 57.575 0.0 0.0 100.0 0.0 0.0
MrBurns 2018 MAY 5 21 10 0.125 0.0 0.0 15114958.2000 208985.1 713705.0 0.0 0.0 3.475 20.275 56.875 0.0 0.0 100.0 0.0 0.0
MrBurns 2018 MAY 5 21 20 0.1 0.025 0.0 15114301.8000 209347.5 713726.6 0.0 0.0 3.275 20.475 57.0 0.0 0.0 100.0 0.0 0.0
MrBurns 2018 MAY 5 21 30 0.025 0.0 0.0 15114174.7000 209575.9 713746.6 0.0 0.0 2.9 19.775 55.2 0.0 0.0 100.0 0.0 0.0
MrBurns 2018 MAY 5 21 40 0.1 0.025 0.0 15113812.3000 209849.2 713764.9 0.0 0.0 3.55 20.625 57.725 0.0 0.0 100.0 0.0 0.0
MrBurns 2018 MAY 5 21 50 0.125 0.075 0.0 15113415.5000 210222.1 713785.5 0.0 0.0 3.25 20.0 55.8 0.0 0.0 100.0 0.0 0.0
MrBurns 2018 MAY 5 22 0 0.125 0.0 0.0 15113058.4000 210518.5 713807.4 0.0 0.0 3.0 20.45 56.575 0.0 0.0 100.0 0.0 0.0
MrBurns 2018 MAY 5 22 10 0.125 0.0 0.0 15112681.6000 210895.6 713825.2 0.0 0.0 3.475 20.175 56.225 0.0 0.0 100.0 0.0 0.0
MrBurns 2018 MAY 5 22 20 0.1 0.0 0.0 15112100.6000 211340.2 713844.7 0.0 0.0 3.125 20.525 57.15 0.0 0.0 100.0 0.0 0.0
MrBurns 2018 MAY 5 22 30 0.225 0.0 0.0 15111769.6000 211630.0 713868.9 0.0 0.0 3.125 20.05 55.325 0.0 0.0 100.0 0.0 0.0
MrBurns 2018 MAY 5 22 40 0.175 0.0 0.0 15111422.3000 212031.8 713886.2 0.0 0.0 3.5 20.675 57.675 0.0 0.0 100.0 0.0 0.0
MrBurns 2018 MAY 5 22 50 0.05 0.0 0.0 15110888.3000 212434.7 713906.2 0.0 0.0 3.0 19.9 55.375 0.0 0.0 100.0 0.0 0.0
MrBurns 2018 MAY 5 23 0 0.075 0.0 0.0 15110588.7000 212716.5 713966.4 0.0 0.0 3.45 20.775 57.95 0.0 0.0 100.0 0.0 0.0
MrBurns 2018 MAY 5 23 10 0.1 0.0 0.0 15110039.6000 213136.1 713988.9 0.0 0.0 3.6 20.275 56.275 0.0 0.0 100.0 0.0 0.0
MrBurns 2018 MAY 5 23 20 0.1 0.0 0.0 15109685.1000 213537.8 714011.7 0.0 0.0 3.15 20.375 56.6 0.0 0.0 100.0 0.0 0.0
MrBurns 2018 MAY 5 23 30 0.1 0.0 0.0 15109303.9000 213830.0 714030.2 0.0 0.0 2.95 20.025 55.925 0.0 0.0 100.0 0.0 0.0
MrBurns 2018 MAY 5 23 40 0.075 0.025 0.0 15108813.4000 214273.1 714046.5 0.0 0.0 3.55 20.6 57.675 0.0 0.0 100.0 0.0 0.0
