MrBurns 2018 MAY 2 0 0 0.05128205128205128 0.0 0.0 15101037.2308 214571.6923076923 721102.4615384615 0.0 0.0 3.1025641025641026 20.307692307692307 56.17948717948718 0.0 0.0 100.0 0.0 0.0
MrBurns 2018 MAY 2 0 10 0.075 0.0 0.0 15100616.2000 214921.2 721120.5 0.0 0.0 3.225 20.725 57.675 0.0 0.0 100.0 0.0 0.0
MrBurns 2018 MAY 2 0 20 0.2 0.0 0.0 15100205.3000 215171.5 721140.8 0.0 0.0 2.675 20.0 55.1 0.0 0.0 100.0 0.0 0.0
MrBurns 2018 MAY 2 0 30 0.075 0.0 0.0 15100327.4000 215403.1 720655.8 0.0 0.0 5.475 22.6 62.9 0.025 0.0 99.925 0.025 0.0
MrBurns 2018 MAY 2 0 40 0.175 0.0 0.0 15100481.2000 215817.2 720062.3 0.0 0.0 3.4 20.125 55.775 0.0 0.0 100.0 0.0 0.0
MrBurns 2018 MAY 2 0 50 0.15 0.0 0.0 15100094.5000 216038.3 720082.7 0.0 0.0 2.975 20.525 56.55 0.0 0.0 100.0 0.0 0.0
MrBurns 2018 MAY 2 1 0 0.125 0.025 0.0 15100004.6000 216309.1 720100.5 0.0 0.0 3.475 20.325 56.025 0.0 0.0 100.0 0.0 0.0
MrBurns 2018 MAY 2 1 10 0.125 0.0 0.0 15100060.4000 216687.0 720118.3 0.0 0.0 3.1 20.8 57.375 0.0 0.0 100.0 0.0 0.0
MrBurns 2018 MAY 2 1 20 0.125 0.0 0.0 15100091.4000 216895.1 720140.4 0.0 0.0 3.175 20.05 55.275 0.0 0.0 100.0 0.0 0.0
MrBurns 2018 MAY 2 1 30 0.1 0.0 0.0 15099766.6000 217178.4 720157.2 0.0 0.0 3.55 20.85 57.975 0.0 0.0 100.0 0.0 0.0
MrBurns 2018 MAY 2 1 40 0.15 0.0 0.0 15099400.0000 217552.8 720178.4 0.0 0.0 3.175 20.5 56.375 0.0 0.0 100.0 0.0 0.0
MrBurns 2018 MAY 2 1 50 0.2 0.0 0.0 15099030.8000 217765.2 720198.4 0.0 0.0 3.025 20.575 56.575 0.0 0.0 100.0 0.0 0.0
MrBurns 2018 MAY 2 2 0 0.05 0.0 0.0 15098840.1000 218082.8 720219.2 0.0 0.0 3.575 20.525 56.4 0.0 0.0 100.0 0.0 0.0
MrBurns 2018 MAY 2 2 10 0.125 0.025 0.0 15098203.8000 218421.6 720239.2 0.0 0.0 3.05 20.7 57.275 0.0 0.0 99.975 0.0 0.0
MrBurns 2018 MAY 2 2 20 0.125 0.0 0.0 15098195.5000 218608.7 720257.1 0.0 0.0 3.125 20.15 55.25 0.0 0.0 100.0 0.0 0.0
MrBurns 2018 MAY 2 2 30 0.075 0.1 0.0 15097737.3000 218951.9 720276.9 0.0 0.0 3.65 20.95 57.5 0.0 0.0 100.0 0.0 0.0
MrBurns 2018 MAY 2 2 40 0.05 0.05 0.0 15097382.6000 219289.2 720299.6 0.0 0.0 2.875 20.1 55.525 0.0 0.0 100.0 0.0 0.0
MrBurns 2018 MAY 2 2 50 0.125 0.0 0.0 15096910.2000 219489.8 720318.3 0.0 0.0 3.2 20.625 57.075 0.0 0.0 100.0 0.0 0.0
MrBurns 2018 MAY 2 3 0 0.1 0.0 0.0 15096842.6000 219810.2 720336.0 0.0 0.0 3.875 20.775 57.425 0.0 0.0 100.0 0.0 0.0
MrBurns 2018 MAY 2 3 10 0.15 0.0 0.0 15096249.6000 220136.6 720358.0 0.0 0.0 3.15 20.675 56.775 0.0 0.0 100.0 0.0 0.0
MrBurns 2018 MAY 2 3 20 0.125 0.0 0.0 15096074.8000 220338.2 720378.5 0.0 0.0 2.975 20.05 55.625 0.0 0.0 100.0 0.0 0.0
MrBurns 2018 MAY 2 3 30 0.125 0.025 0.0 15381402.9000 160321.3 502562.1 0.0 0.0 41.1 79.9 147.5 0.075 0.075 99.125 0.725 0.0
MrBurns 2018 MAY 2 3 40 0.0 0.0 0.0 15391756.4000 163646.5 491946.5 0.0 0.0 3.25 20.475 57.75 0.0 0.0 100.0 0.0 0.0
MrBurns 2018 MAY 2 3 50 0.175 0.0 0.0 15391082.7000 164012.0 491967.9 0.0 0.0 3.55 20.075 55.85 0.0 0.0 99.975 0.025 0.0
MrBurns 2018 MAY 2 4 0 0.175 0.0 0.0 15390695.7000 164358.7 491984.8 0.0 0.0 3.2 20.375 57.25 0.0 0.0 100.0 0.0 0.0
MrBurns 2018 MAY 2 4 10 0.125 0.1 0.0 15390124.8000 164906.8 492002.5 0.0 0.0 3.7 20.225 56.55 0.0 0.0 99.975 0.0 0.0
MrBurns 2018 MAY 2 4 20 0.2 0.0 0.0 15389605.5000 165286.7 492028.0 0.0 0.0 3.175 20.125 56.425 0.0 0.0 100.0 0.0 0.0
MrBurns 2018 MAY 2 4 30 0.175 0.0 0.0 15389325.4000 165653.9 492045.8 0.0 0.0 3.525 20.275 56.675 0.0 0.0 99.975 0.0 0.0
MrBurns 2018 MAY 2 4 40 0.075 0.0 0.0 15388629.9000 166202.1 492063.7 0.0 0.0 3.375 20.475 57.375 0.0 0.0 100.0 0.0 0.0
MrBurns 2018 MAY 2 4 50 0.175 0.0 0.0 15388210.9000 166602.8 492083.9 0.0 0.0 3.175 19.85 55.575 0.0 0.0 99.975 0.0 0.0
MrBurns 2018 MAY 2 5 0 0.125 0.0 0.0 15387829.1000 166977.6 492105.0 0.0 0.0 3.225 20.425 57.7 0.0 0.0 100.0 0.0 0.0
MrBurns 2018 MAY 2 5 10 0.15 0.0 0.0 15387283.9000 167515.3 492125.2 0.0 0.0 3.3 20.1 56.175 0.0 0.0 100.0 0.0 0.0
MrBurns 2018 MAY 2 5 20 0.15 0.0 0.0 15386702.2000 167858.8 492145.0 0.0 0.0 3.025 20.5 57.1 0.0 0.0 100.0 0.0 0.0
MrBurns 2018 MAY 2 5 30 0.1 0.0 0.0 15386429.3000 168259.8 492162.4 0.0 0.0 3.525 20.35 57.05 0.0 0.0 100.0 0.0 0.0
MrBurns 2018 MAY 2 5 40 0.1 0.0 0.0 15385868.0000 168801.3 492185.4 0.0 0.0 3.3 20.675 57.9 0.0 0.0 100.0 0.0 0.0
MrBurns 2018 MAY 2 5 50 0.1 0.025 0.0 15385211.5000 169155.7 492223.8 0.0 0.0 3.325 20.275 56.375 0.0 0.0 100.0 0.0 0.0
MrBurns 2018 MAY 2 6 0 0.1 0.0 0.0 15289999.1000 170457.5 582360.2 0.0 0.0 364.2 32.275 117.05 0.075 0.075 99.425 0.425 0.0
MrBurns 2018 MAY 2 6 10 0.125 0.0 0.0 15151197.9000 172294.4 714406.7 0.0 0.0 3.65 20.375 57.275 0.0 0.0 100.0 0.0 0.0
MrBurns 2018 MAY 2 6 20 0.15 0.025 0.0 15150761.1000 172642.5 714430.9 0.0 0.0 3.075 20.55 56.8 0.0 0.0 100.0 0.0 0.0
MrBurns 2018 MAY 2 6 30 0.075 0.0 0.0 15150675.5000 173066.5 714449.7 0.0 0.0 3.75 20.275 56.825 0.0 0.0 100.0 0.0 0.0
MrBurns 2018 MAY 2 6 40 0.075 0.0 0.0 15149800.2000 173553.8 714470.5 0.0 0.0 3.0 20.325 56.825 0.0 0.0 100.0 0.0 0.0
MrBurns 2018 MAY 2 6 50 0.075 0.0 0.0 15149572.2000 173879.0 714488.6 0.0 0.0 3.225 19.825 55.55 0.0 0.0 100.0 0.0 0.0
MrBurns 2018 MAY 2 7 0 0.125 0.0 0.0 15149172.0000 174339.5 714510.7 0.0 0.0 3.6 20.55 58.05 0.0 0.0 100.0 0.0 0.0
MrBurns 2018 MAY 2 7 10 0.1 0.0 0.0 15148321.8000 174838.3 714531.7 0.0 0.0 3.4 19.9 55.575 0.0 0.0 100.0 0.0 0.0
MrBurns 2018 MAY 2 7 20 0.125 0.0 0.0 15148030.4000 175186.5 714550.4 0.0 0.0 3.25 20.55 58.15 0.0 0.0 100.0 0.0 0.0
MrBurns 2018 MAY 2 7 30 0.2 0.0 0.0 15147362.9000 175674.6 714568.9 0.0 0.0 3.575 20.175 56.725 0.0 0.0 100.0 0.0 0.0
MrBurns 2018 MAY 2 7 40 0.1 0.0 0.0 15146872.2000 176118.8 714591.0 0.0 0.0 3.075 20.2 56.475 0.0 0.0 100.0 0.0 0.0
MrBurns 2018 MAY 2 7 50 0.1 0.0 0.0 15146309.9000 176447.9 714611.2 0.0 0.0 3.325 20.0 55.925 0.0 0.0 100.0 0.0 0.0
MrBurns 2018 MAY 2 8 0 0.1 0.05 0.0 15146158.8000 176955.8 714630.2 0.0 0.0 3.55 20.475 57.9 0.0 0.0 100.0 0.0 0.0
MrBurns 2018 MAY 2 8 10 0.15 0.0 0.0 15145452.8000 177368.0 714649.0 0.0 0.0 3.075 19.675 55.3 0.0 0.0 100.0 0.0 0.0
MrBurns 2018 MAY 2 8 20 0.15 0.0 0.0 15145309.4000 177724.8 714672.1 0.0 0.0 3.425 20.5 57.675 0.0 0.0 100.0 0.0 0.0
MrBurns 2018 MAY 2 8 30 0.175 0.0 0.0 15144424.7000 178266.7 714690.0 0.0 0.0 3.25 19.975 56.075 0.0 0.0 100.0 0.0 0.0
MrBurns 2018 MAY 2 8 40 0.15 0.0 0.0 15144130.9000 178624.0 714709.5 0.0 0.0 2.8 20.075 56.625 0.0 0.0 100.0 0.0 0.0
MrBurns 2018 MAY 2 8 50 0.15 0.0 0.0 15143813.8000 179000.5 714730.0 0.0 0.0 3.525 20.2 56.325 0.0 0.0 100.0 0.0 0.0
MrBurns 2018 MAY 2 9 0 0.05 0.0 0.0 15143111.9000 179545.8 714750.1 0.0 0.0 3.35 20.625 57.725 0.0 0.0 100.0 0.0 0.0
MrBurns 2018 MAY 2 9 10 0.125 0.0 0.0 15142675.0000 179911.5 714770.6 0.0 0.0 3.0 19.675 55.25 0.0 0.0 100.0 0.0 0.0
MrBurns 2018 MAY 2 9 20 0.125 0.0 0.0 15142295.0000 180292.0 714788.7 0.0 0.0 3.75 20.9 59.425 0.0 0.0 100.0 0.0 0.0
MrBurns 2018 MAY 2 9 30 0.05 0.0 0.0 15141843.0000 180823.7 714805.3 0.0 0.0 3.3 20.125 56.825 0.0 0.0 100.0 0.0 0.0
MrBurns 2018 MAY 2 9 40 0.075 0.0 0.0 15141193.5000 181163.9 714828.9 0.0 0.0 2.975 20.325 56.75 0.0 0.0 100.0 0.0 0.0
MrBurns 2018 MAY 2 9 50 0.1 0.0 0.0 15140966.6000 181532.6 714847.7 0.0 0.0 3.45 20.375 56.7 0.0 0.0 100.0 0.0 0.0
MrBurns 2018 MAY 2 10 0 0.175 0.0 0.0 15140196.6000 182061.7 714864.7 0.0 0.0 3.25 20.5 57.525 0.0 0.0 100.0 0.0 0.0
MrBurns 2018 MAY 2 10 10 0.2 0.0 0.0 15139796.2000 182408.1 714887.1 0.0 0.0 3.05 20.0 55.35 0.0 0.0 100.0 0.0 0.0
MrBurns 2018 MAY 2 10 20 0.125 0.0 0.0 15139277.1000 182834.0 714908.5 0.0 0.0 3.625 20.65 57.825 0.0 0.0 100.0 0.0 0.0
MrBurns 2018 MAY 2 10 30 0.075 0.0 0.0 15138740.0000 183347.6 714926.6 0.0 0.0 3.2 20.075 56.15 0.0 0.0 100.0 0.0 0.0
MrBurns 2018 MAY 2 10 40 0.125 0.0 0.0 15138114.5000 183682.4 714951.9 0.0 0.0 3.2 21.75 58.95 0.0 0.0 100.0 0.0 0.0
MrBurns 2018 MAY 2 10 50 0.1 0.0 0.0 15137664.1000 184108.6 714970.1 0.0 0.0 3.625 20.375 56.825 0.0 0.0 100.0 0.0 0.0
MrBurns 2018 MAY 2 11 0 0.1 0.0 0.0 15136874.0000 184605.0 714992.6 0.0 0.0 3.075 20.65 58.025 0.0 0.0 100.0 0.0 0.0
MrBurns 2018 MAY 2 11 10 0.225 0.0 0.0 15136449.2000 184934.7 715013.5 0.0 0.0 3.075 20.575 57.375 0.0 0.0 100.0 0.0 0.0
MrBurns 2018 MAY 2 11 20 0.05 0.0 0.0 15136000.8000 185402.0 715029.6 0.0 0.0 3.55 21.2 59.625 0.0 0.0 100.0 0.0 0.0
MrBurns 2018 MAY 2 11 30 0.175 0.0 0.0 15135220.9000 185900.0 715050.8 0.0 0.0 3.125 20.425 56.525 0.0 0.0 100.0 0.0 0.0
MrBurns 2018 MAY 2 11 40 0.125 0.0 0.0 15135108.3000 186232.3 715073.0 0.0 0.0 2.975 21.125 57.975 0.0 0.0 100.0 0.0 0.0
MrBurns 2018 MAY 2 11 50 0.1 0.0 0.0 15134334.2000 186686.0 715090.3 0.0 0.0 3.425 21.4 56.55 0.0 0.0 100.0 0.0 0.0
MrBurns 2018 MAY 2 12 0 0.1 0.0 0.0 15133373.9000 187135.8 715112.3 0.0 0.0 3.1 21.65 57.375 0.0 0.0 100.0 0.0 0.0
MrBurns 2018 MAY 2 12 10 0.15 0.0 0.0 15133250.9000 187469.8 715131.0 0.0 0.0 2.975 20.625 56.725 0.0 0.0 100.0 0.0 0.0
MrBurns 2018 MAY 2 12 20 0.075 0.025 0.0 15132581.1000 187973.5 715150.6 0.0 0.0 3.625 20.875 58.525 0.0 0.0 100.0 0.0 0.0
MrBurns 2018 MAY 2 12 30 0.05 0.0 0.0 15131935.6000 188444.3 715172.6 0.0 0.0 3.25 20.425 56.5 0.0 0.0 100.0 0.0 0.0
MrBurns 2018 MAY 2 12 40 0.15 0.0 0.0 15131857.8000 188784.2 715189.8 0.0 0.0 3.05 21.025 57.725 0.0 0.0 100.0 0.0 0.0
MrBurns 2018 MAY 2 12 50 0.225 0.0 0.0 15131018.9000 189295.8 715209.0 0.0 0.0 3.6 20.725 57.45 0.0 0.0 100.0 0.0 0.0
MrBurns 2018 MAY 2 13 0 0.15 0.0 0.0 15130464.1000 189696.0 715232.2 0.0 0.0 3.0 20.55 57.2 0.0 0.0 100.0 0.0 0.0
MrBurns 2018 MAY 2 13 10 0.15 0.0 0.0 15130184.0000 190037.8 715250.6 0.0 0.0 3.25 20.2 56.3 0.0 0.0 100.0 0.0 0.0
MrBurns 2018 MAY 2 13 20 0.15 0.025 0.0 15129593.2000 190577.6 715268.0 0.0 0.0 3.625 21.825 58.55 0.0 0.0 100.0 0.0 0.0
MrBurns 2018 MAY 2 13 30 0.075 0.0 0.0 15128860.9000 191022.9 715290.6 0.0 0.0 3.175 19.875 55.675 0.0 0.0 100.0 0.0 0.0
MrBurns 2018 MAY 2 13 40 0.075 0.0 0.0 15128765.0000 191372.9 715312.0 0.0 0.0 3.225 20.6 57.5 0.0 0.0 100.0 0.0 0.0
MrBurns 2018 MAY 2 13 50 0.075 0.0 0.0 15128134.7000 191881.1 715331.7 0.0 0.0 3.3 20.675 56.35 0.0 0.0 100.0 0.0 0.0
MrBurns 2018 MAY 2 14 0 0.2 0.0 0.0 15127438.6000 192252.0 715349.7 0.0 0.0 3.0 20.85 57.525 0.0 0.0 100.0 0.0 0.0
MrBurns 2018 MAY 2 14 10 0.075 0.0 0.0 15127269.3000 192638.1 715369.7 0.0 0.0 3.375 20.6 56.625 0.0 0.0 100.0 0.0 0.0
MrBurns 2018 MAY 2 14 20 0.175 0.0 0.0 15126653.6000 193167.4 715391.7 0.0 0.0 3.475 20.525 57.55 0.0 0.0 100.0 0.0 0.0
MrBurns 2018 MAY 2 14 30 0.2 0.0 0.0 15126231.4000 193508.6 715412.6 0.0 0.0 3.325 20.95 57.075 0.0 0.0 100.0 0.0 0.0
MrBurns 2018 MAY 2 14 40 0.25 0.025 0.0 15125532.7000 193955.3 715439.7 0.0 0.0 3.7 21.9 61.4 0.0 0.0 100.0 0.0 0.0
MrBurns 2018 MAY 2 14 50 0.075 0.0 0.0 15124766.7000 194499.8 715466.2 0.0 0.0 3.35 21.05 57.45 0.0 0.0 100.0 0.0 0.0
MrBurns 2018 MAY 2 15 0 0.125 0.0 0.0 15124452.5000 194878.9 715492.6 0.0 0.0 3.1 21.3 59.125 0.0 0.0 100.0 0.0 0.0
MrBurns 2018 MAY 2 15 10 0.075 0.0 0.0 15124252.1000 195305.4 715511.6 0.0 0.0 3.5 20.175 56.55 0.0 0.0 100.0 0.0 0.0
MrBurns 2018 MAY 2 15 20 0.1 0.025 0.0 15123430.4000 195803.1 715531.8 0.0 0.0 3.125 20.925 58.0 0.0 0.0 100.0 0.0 0.0
MrBurns 2018 MAY 2 15 30 0.15 0.0 0.0 15123146.4000 196133.1 715553.8 0.0 0.0 3.2 20.925 56.95 0.0 0.0 100.0 0.0 0.0
MrBurns 2018 MAY 2 15 40 0.175 0.0 0.0 15122839.9000 196579.4 715573.1 0.0 0.0 3.425 21.025 58.425 0.0 0.0 100.0 0.0 0.0
MrBurns 2018 MAY 2 15 50 0.15 0.0 0.0 15122242.0000 197090.6 715592.0 0.0 0.0 2.95 20.5 56.6 0.0 0.0 100.0 0.0 0.0
MrBurns 2018 MAY 2 16 0 0.075 0.025 0.0 15121621.7000 197420.3 715610.7 0.0 0.0 3.025 21.225 57.425 0.0 0.0 100.0 0.0 0.0
MrBurns 2018 MAY 2 16 10 0.175 0.0 0.0 15121086.5000 197871.6 715632.6 0.0 0.0 3.55 22.35 57.6 0.0 0.0 100.0 0.0 0.0
MrBurns 2018 MAY 2 16 20 0.15 0.0 0.0 15120216.5000 198389.4 715653.6 0.0 0.0 3.425 21.525 57.5 0.0 0.0 100.0 0.0 0.0
MrBurns 2018 MAY 2 16 30 0.1 0.0 0.0 15120000.1000 198740.2 715672.3 0.0 0.0 3.1 20.4 56.95 0.0 0.0 100.0 0.0 0.0
MrBurns 2018 MAY 2 16 40 0.125 0.0 0.0 15119427.6000 199209.9 715689.9 0.0 0.0 3.55 21.65 58.725 0.0 0.0 100.0 0.0 0.0
MrBurns 2018 MAY 2 16 50 0.1 0.0 0.0 15118704.6000 199699.4 715712.8 0.0 0.0 3.35 20.7 55.975 0.0 0.0 100.0 0.0 0.0
MrBurns 2018 MAY 2 17 0 0.125 0.0 0.0 15118304.2000 200048.0 715733.3 0.0 0.0 2.975 21.225 58.1 0.0 0.0 100.0 0.0 0.0
MrBurns 2018 MAY 2 17 10 0.175 0.0 0.0 15117931.6000 200539.5 715750.5 0.0 0.0 3.55 20.425 57.0 0.0 0.0 100.0 0.0 0.0
MrBurns 2018 MAY 2 17 20 0.075 0.0 0.0 15117266.6000 200988.2 715770.6 0.0 0.0 3.0 20.7 57.3 0.0 0.0 100.0 0.0 0.0
MrBurns 2018 MAY 2 17 30 0.075 0.0 0.0 15117326.6000 201318.6 715793.8 0.0 0.0 3.25 20.375 56.95 0.0 0.0 100.0 0.0 0.0
MrBurns 2018 MAY 2 17 40 0.175 0.0 0.0 15116596.5000 201821.4 715810.6 0.0 0.0 3.45 20.9 58.7 0.0 0.0 100.0 0.0 0.0
MrBurns 2018 MAY 2 17 50 0.1 0.0 0.0 15115982.2000 202187.3 715831.8 0.0 0.0 2.95 20.2 55.9 0.0 0.0 100.0 0.0 0.0
MrBurns 2018 MAY 2 18 0 0.1 0.0 0.0 15115837.7000 202507.1 715850.9 0.0 0.0 3.2 20.925 57.975 0.0 0.0 100.0 0.0 0.0
MrBurns 2018 MAY 2 18 10 0.125 0.025 0.0 15115272.7000 203010.5 715870.6 0.0 0.0 3.55 20.325 56.8 0.0 0.0 100.0 0.0 0.0
MrBurns 2018 MAY 2 18 20 0.125 0.0 0.0 15114834.9000 203353.9 715892.0 0.0 0.0 3.275 21.525 57.0 0.0 0.0 100.0 0.0 0.0
MrBurns 2018 MAY 2 18 30 0.175 0.025 0.0 15114488.3000 203647.1 715913.9 0.0 0.0 3.9 20.45 56.525 0.0 0.0 100.0 0.0 0.0
MrBurns 2018 MAY 2 18 40 0.175 0.0 0.0 15113935.8000 204175.4 715934.2 0.0 0.0 3.625 20.675 58.425 0.0 0.0 100.0 0.0 0.0
MrBurns 2018 MAY 2 18 50 0.2 0.0 0.0 15113261.4000 204552.8 715958.7 0.0 0.0 3.05 19.975 55.65 0.0 0.0 100.0 0.0 0.0
MrBurns 2018 MAY 2 19 0 0.125 0.0 0.0 15112973.6000 204867.2 715976.2 0.0 0.0 3.3 20.675 57.725 0.0 0.0 100.0 0.0 0.0
MrBurns 2018 MAY 2 19 10 0.025 0.0 0.0 15112533.4000 205371.1 715994.8 0.0 0.0 3.425 20.35 56.65 0.0 0.0 100.0 0.0 0.0
MrBurns 2018 MAY 2 19 20 0.075 0.0 0.0 15112119.2000 205634.4 716015.6 0.0 0.0 3.325 20.625 57.4 0.0 0.0 100.0 0.0 0.0
MrBurns 2018 MAY 2 19 30 0.15 0.0 0.0 15112034.4000 205898.3 716036.5 0.0 0.0 3.65 20.425 56.925 0.0 0.0 100.0 0.0 0.0
MrBurns 2018 MAY 2 19 40 0.1 0.0 0.0 15111573.6000 206277.9 716054.8 0.0 0.0 3.25 20.75 57.6 0.0 0.0 100.0 0.0 0.0
MrBurns 2018 MAY 2 19 50 0.1 0.0 0.0 15111344.4000 206491.6 716074.3 0.0 0.0 2.95 20.0 55.575 0.0 0.0 100.0 0.0 0.0
MrBurns 2018 MAY 2 20 0 0.125 0.0 0.0 15111247.9000 206755.1 716093.7 0.0 0.0 3.625 20.9 58.325 0.0 0.0 100.0 0.0 0.0
MrBurns 2018 MAY 2 20 10 0.175 0.025 0.0 15110891.5000 207098.1 716116.7 0.0 0.0 2.925 19.875 55.2 0.0 0.0 100.0 0.0 0.0
MrBurns 2018 MAY 2 20 20 0.175 0.0 0.0 15110534.7000 207301.5 716135.3 0.0 0.0 3.0 20.1 56.125 0.0 0.0 100.0 0.0 0.0
MrBurns 2018 MAY 2 20 30 0.2 0.0 0.0 15110296.7000 207604.4 716152.9 0.0 0.0 3.55 20.45 56.025 0.0 0.0 100.0 0.0 0.0
MrBurns 2018 MAY 2 20 40 0.125 0.0 0.0 15109663.9000 207946.3 716174.5 0.0 0.0 3.1 20.425 56.8 0.0 0.0 100.0 0.0 0.0
MrBurns 2018 MAY 2 20 50 0.1 0.0 0.0 15109649.7000 208145.5 716195.8 0.0 0.0 3.1 20.45 55.675 0.0 0.0 100.0 0.0 0.0
MrBurns 2018 MAY 2 21 0 0.125 0.075 0.0 15109234.3000 208448.4 716212.3 0.0 0.0 3.6 20.85 57.9 0.0 0.0 100.0 0.0 0.0
MrBurns 2018 MAY 2 21 10 0.15 0.0 0.0 15108840.9000 208756.7 716233.8 0.0 0.0 2.875 19.925 55.375 0.0 0.0 100.0 0.0 0.0
MrBurns 2018 MAY 2 21 20 0.15 0.0 0.0 15108653.6000 208927.6 716253.6 0.0 0.0 3.15 20.575 57.075 0.0 0.0 100.0 0.0 0.0
MrBurns 2018 MAY 2 21 30 0.2 0.0 0.0 15108372.2000 209214.9 716273.7 0.0 0.0 3.625 20.2 56.65 0.0 0.0 100.0 0.0 0.0
MrBurns 2018 MAY 2 21 40 0.125 0.0 0.0 15107905.0000 209550.0 716294.1 0.0 0.0 3.2 20.425 56.975 0.0 0.0 100.0 0.0 0.0
MrBurns 2018 MAY 2 21 50 0.225 0.0 0.0 15107810.0000 209785.6 716312.4 0.0 0.0 3.275 20.475 55.825 0.0 0.0 100.0 0.0 0.0
MrBurns 2018 MAY 2 22 0 0.125 0.025 0.0 15107198.9000 210208.8 716332.7 0.0 0.0 3.5 20.8 57.6 0.0 0.0 100.0 0.0 0.0
MrBurns 2018 MAY 2 22 10 0.05 0.0 0.0 15106778.7000 210577.0 716355.2 0.0 0.0 2.9 19.925 55.225 0.0 0.0 100.0 0.0 0.0
MrBurns 2018 MAY 2 22 20 0.125 0.0 0.0 15106375.3000 210869.1 716373.1 0.0 0.0 3.125 20.65 57.425 0.0 0.0 100.0 0.0 0.0
MrBurns 2018 MAY 2 22 30 0.1 0.0 0.0 15106267.8000 211302.5 716391.8 0.0 0.0 3.425 20.125 56.35 0.0 0.0 100.0 0.0 0.0
MrBurns 2018 MAY 2 22 40 0.15 0.0 0.0 15105866.2000 211646.4 716413.4 0.0 0.0 2.95 20.3 56.625 0.0 0.0 100.0 0.0 0.0
MrBurns 2018 MAY 2 22 50 0.2 0.0 0.0 15105441.2000 211956.8 716434.3 0.0 0.0 3.275 20.05 56.225 0.0 0.0 100.0 0.0 0.0
MrBurns 2018 MAY 2 23 0 0.025 0.0 0.0 15104890.0000 212443.1 716493.8 0.0 0.0 3.9 20.95 58.55 0.0 0.0 100.0 0.0 0.0
MrBurns 2018 MAY 2 23 10 0.15 0.0 0.0 15104424.9000 212831.3 716516.5 0.0 0.0 3.2 19.85 55.125 0.0 0.0 100.0 0.0 0.0
MrBurns 2018 MAY 2 23 20 0.1 0.0 0.0 15104127.3000 213143.2 716539.7 0.0 0.0 3.375 20.4 57.5 0.0 0.0 100.0 0.0 0.0
MrBurns 2018 MAY 2 23 30 0.1 0.0 0.0 15103466.2000 213621.4 716557.2 0.0 0.0 3.25 20.1 56.325 0.0 0.0 100.0 0.0 0.0
MrBurns 2018 MAY 2 23 40 0.1 0.0 0.0 15103052.6000 213930.8 716576.5 0.0 0.0 2.975 20.325 56.675 0.0 0.0 100.0 0.0 0.0
