MrBurns 2018 MAY 7 0 0 0.15384615384615385 0.0 0.0 15095618.3590 214659.38461538462 714407.4871794871 0.0 0.0 3.3846153846153846 21.76923076923077 56.48717948717949 0.0 0.0 100.0 0.0 0.0
MrBurns 2018 MAY 7 0 10 0.125 0.0 0.0 15094950.8000 215137.6 714424.2 0.0 0.0 3.275 22.075 57.975 0.0 0.0 100.0 0.0 0.0
MrBurns 2018 MAY 7 0 20 0.15 0.0 0.0 15094525.9000 215438.2 714444.9 0.0 0.0 2.85 21.375 55.2 0.0 0.0 100.0 0.0 0.0
MrBurns 2018 MAY 7 0 30 0.175 0.0 0.0 15093607.7000 215791.6 714254.8 0.0 0.0 5.725 22.975 62.1 0.0 0.0 99.95 0.025 0.0
MrBurns 2018 MAY 7 0 40 0.075 0.0 0.0 15094257.8000 216225.3 713991.3 0.0 0.0 3.325 21.75 56.425 0.0 0.0 100.0 0.0 0.0
MrBurns 2018 MAY 7 0 50 0.225 0.0 0.0 15093685.5000 216505.6 714011.3 0.0 0.0 3.05 21.775 56.95 0.0 0.0 100.0 0.0 0.0
MrBurns 2018 MAY 7 1 0 0.1 0.0 0.0 15093562.3000 216792.9 714028.4 0.0 0.0 3.575 22.0 57.0 0.0 0.0 100.0 0.0 0.0
MrBurns 2018 MAY 7 1 10 0.1 0.025 0.0 15093149.1000 217112.5 714050.9 0.0 0.0 3.175 21.975 57.175 0.0 0.0 100.0 0.0 0.0
MrBurns 2018 MAY 7 1 20 0.225 0.025 0.0 15092752.1000 217360.5 714072.9 0.0 0.0 3.025 21.525 55.225 0.0 0.0 100.0 0.0 0.0
MrBurns 2018 MAY 7 1 30 0.075 0.0 0.0 15092426.4000 217657.1 714089.9 0.0 0.0 3.35 22.3 57.825 0.0 0.0 100.0 0.0 0.0
MrBurns 2018 MAY 7 1 40 0.15 0.025 0.0 15091961.5000 217962.5 714111.1 0.0 0.0 3.05 21.525 55.15 0.0 0.0 100.0 0.0 0.0
MrBurns 2018 MAY 7 1 50 0.1 0.0 0.0 15091663.9000 218184.3 714128.7 0.0 0.0 3.075 22.625 57.35 0.0 0.0 100.0 0.0 0.0
MrBurns 2018 MAY 7 2 0 0.15 0.15 0.0 15091309.1000 218459.4 714149.7 0.0 0.0 3.575 22.475 57.0 0.0 0.0 100.0 0.0 0.0
MrBurns 2018 MAY 7 2 10 0.1 0.0 0.0 15090787.5000 218788.5 714171.8 0.0 0.0 3.05 22.5 57.0 0.0 0.0 100.0 0.0 0.0
MrBurns 2018 MAY 7 2 20 0.1 0.0 0.0 15090544.0000 219015.4 714189.6 0.0 0.0 3.0 22.15 56.25 0.0 0.0 100.0 0.0 0.0
MrBurns 2018 MAY 7 2 30 0.075 0.0 0.0 15090192.8000 219329.8 714206.8 0.0 0.0 3.5 23.125 58.1 0.0 0.0 100.0 0.0 0.0
MrBurns 2018 MAY 7 2 40 0.15 0.0 0.0 15089473.3000 219600.1 714231.9 0.0 0.0 3.15 22.0 55.5 0.0 0.0 100.0 0.0 0.0
MrBurns 2018 MAY 7 2 50 0.075 0.0 0.0 15089129.7000 219828.9 714250.8 0.0 0.0 3.15 22.7 57.85 0.0 0.0 100.0 0.0 0.0
MrBurns 2018 MAY 7 3 0 0.075 0.0 0.0 15089105.8000 220161.7 714268.9 0.0 0.0 3.925 23.65 58.7 0.0 0.0 100.0 0.0 0.0
MrBurns 2018 MAY 7 3 10 0.125 0.0 0.0 15088682.1000 220460.2 714288.9 0.0 0.0 2.95 23.225 57.975 0.0 0.0 100.0 0.0 0.0
MrBurns 2018 MAY 7 3 20 0.15 0.0 0.0 15088871.3000 220651.8 714310.2 0.0 0.0 3.2 22.3 58.025 0.0 0.0 100.0 0.0 0.0
MrBurns 2018 MAY 7 3 30 0.075 0.0 0.0 15393953.0000 166002.6 491673.2 0.0 0.0 4.975 23.25 61.975 0.025 0.0 99.925 0.05 0.0
MrBurns 2018 MAY 7 3 40 0.15 0.0 0.0 15408946.4000 163675.9 479978.4 0.0 0.0 3.425 22.65 60.45 0.0 0.0 100.0 0.0 0.0
MrBurns 2018 MAY 7 3 50 0.25 0.0 0.0 15408223.5000 164111.2 480002.9 0.0 0.0 3.575 22.15 58.9 0.0 0.0 99.975 0.025 0.0
MrBurns 2018 MAY 7 4 0 0.15 0.0 0.0 15407661.7000 164527.1 480020.7 0.0 0.0 3.475 22.125 59.75 0.0 0.0 100.0 0.0 0.0
MrBurns 2018 MAY 7 4 10 0.075 0.0 0.0 15406995.5000 165084.2 480038.3 0.0 0.0 3.475 22.225 59.575 0.0 0.0 99.975 0.0 0.0
MrBurns 2018 MAY 7 4 20 0.175 0.025 0.0 15406490.0000 165440.0 480061.1 0.0 0.0 2.875 21.95 59.15 0.0 0.0 100.0 0.0 0.0
MrBurns 2018 MAY 7 4 30 0.1 0.0 0.0 15406185.1000 165827.8 480081.9 0.0 0.0 3.775 22.5 59.875 0.0 0.0 99.975 0.0 0.0
MrBurns 2018 MAY 7 4 40 0.05 0.0 0.0 15405632.3000 166373.6 480100.1 0.0 0.0 3.275 22.0 59.525 0.0 0.0 100.0 0.0 0.0
MrBurns 2018 MAY 7 4 50 0.1 0.0 0.0 15405331.9000 166718.8 480119.8 0.0 0.0 3.175 22.075 58.75 0.0 0.0 100.0 0.0 0.0
MrBurns 2018 MAY 7 5 0 0.1 0.0 0.0 15404738.2000 167126.5 480139.4 0.0 0.0 3.45 22.1 60.075 0.0 0.0 100.0 0.0 0.0
MrBurns 2018 MAY 7 5 10 0.075 0.0 0.0 15404287.8000 167670.4 480162.4 0.0 0.0 3.375 22.4 59.475 0.0 0.0 100.0 0.0 0.0
MrBurns 2018 MAY 7 5 20 0.2 0.0 0.0 15403442.6000 168046.2 480182.1 0.0 0.0 2.95 21.975 58.825 0.0 0.0 100.0 0.0 0.0
MrBurns 2018 MAY 7 5 30 0.075 0.025 0.0 15403248.1000 168467.8 480199.8 0.0 0.0 3.55 22.3 59.775 0.0 0.0 100.0 0.0 0.0
MrBurns 2018 MAY 7 5 40 0.075 0.025 0.0 15402543.6000 168980.3 480221.7 0.0 0.0 3.3 22.0 59.4 0.0 0.0 100.0 0.0 0.0
MrBurns 2018 MAY 7 5 50 0.175 0.025 0.0 15402162.5000 169322.7 480262.0 0.0 0.0 3.2 22.125 59.325 0.0 0.0 100.0 0.0 0.0
MrBurns 2018 MAY 7 6 0 0.05 0.0 0.0 15307268.8000 170674.1 570375.1 0.0 0.0 364.2 34.175 122.05 0.075 0.075 99.425 0.425 0.0
MrBurns 2018 MAY 7 6 10 0.075 0.0 0.0 15168571.3000 172501.1 702407.8 0.0 0.0 3.35 21.85 58.55 0.0 0.0 100.0 0.0 0.0
MrBurns 2018 MAY 7 6 20 0.175 0.0 0.0 15168395.8000 172832.5 702427.4 0.0 0.0 3.0 22.125 59.775 0.0 0.0 100.0 0.0 0.0
MrBurns 2018 MAY 7 6 30 0.1 0.0 0.0 15167922.1000 173347.9 702448.6 0.0 0.0 3.65 22.075 59.275 0.0 0.0 100.0 0.0 0.0
MrBurns 2018 MAY 7 6 40 0.05 0.0 0.0 15167484.5000 173806.8 702468.7 0.0 0.0 3.05 22.5 60.125 0.0 0.0 100.0 0.0 0.0
MrBurns 2018 MAY 7 6 50 0.15 0.0 0.0 15167140.7000 174169.7 702488.0 0.0 0.0 3.35 22.0 58.325 0.0 0.0 100.0 0.0 0.0
MrBurns 2018 MAY 7 7 0 0.125 0.025 0.0 15166471.7000 174690.9 702510.8 0.0 0.0 3.65 22.975 61.6 0.0 0.0 100.0 0.0 0.0
MrBurns 2018 MAY 7 7 10 0.125 0.0 0.0 15165839.1000 175156.0 702530.7 0.0 0.0 3.25 22.3 59.325 0.0 0.0 100.0 0.0 0.0
MrBurns 2018 MAY 7 7 20 0.075 0.0 0.0 15165775.1000 175531.2 702549.4 0.0 0.0 3.3 23.45 62.375 0.0 0.0 100.0 0.0 0.0
MrBurns 2018 MAY 7 7 30 0.125 0.025 0.0 15164983.3000 176069.4 702571.3 0.0 0.0 3.6 22.4 59.875 0.0 0.0 100.0 0.0 0.0
MrBurns 2018 MAY 7 7 40 0.1 0.0 0.0 15164319.8000 176466.0 702595.1 0.0 0.0 2.975 22.9 60.45 0.0 0.0 100.0 0.0 0.0
MrBurns 2018 MAY 7 7 50 0.05 0.0 0.0 15164160.7000 176828.7 702615.7 0.0 0.0 3.25 22.075 59.3 0.0 0.0 100.0 0.0 0.0
MrBurns 2018 MAY 7 8 0 0.15 0.0 0.0 15163421.6000 177369.3 702634.2 0.0 0.0 3.45 23.25 62.125 0.0 0.0 100.0 0.0 0.0
MrBurns 2018 MAY 7 8 10 0.1 0.0 0.0 15163058.8000 177748.0 702655.4 0.0 0.0 3.275 22.0 58.075 0.0 0.0 100.0 0.0 0.0
MrBurns 2018 MAY 7 8 20 0.15 0.0 0.0 15162691.5000 178112.8 702677.1 0.0 0.0 3.175 22.725 60.975 0.0 0.0 100.0 0.0 0.0
MrBurns 2018 MAY 7 8 30 0.05 0.0 0.0 15161940.6000 178657.5 702696.2 0.0 0.0 3.375 21.575 58.275 0.0 0.0 100.0 0.0 0.0
MrBurns 2018 MAY 7 8 40 0.125 0.0 0.0 15161312.6000 179023.8 702715.3 0.0 0.0 3.05 22.6 60.05 0.0 0.0 100.0 0.0 0.0
MrBurns 2018 MAY 7 8 50 0.175 0.0 0.0 15160863.5000 179430.8 702736.6 0.0 0.0 3.575 22.3 59.25 0.0 0.0 100.0 0.0 0.0
MrBurns 2018 MAY 7 9 0 0.125 0.0 0.0 15160700.4000 179969.5 702756.2 0.0 0.0 3.3 23.2 62.0 0.0 0.0 100.0 0.0 0.0
MrBurns 2018 MAY 7 9 10 0.125 0.0 0.0 15160430.3000 180316.6 702776.5 0.0 0.0 2.975 22.425 59.025 0.0 0.0 100.0 0.0 0.0
MrBurns 2018 MAY 7 9 20 0.15 0.0 0.0 15159927.6000 180733.7 702796.6 0.0 0.0 3.525 23.075 61.675 0.0 0.0 100.0 0.0 0.0
MrBurns 2018 MAY 7 9 30 0.15 0.05 0.0 15159253.5000 181279.6 702817.6 0.0 0.0 3.425 21.8 58.5 0.0 0.0 100.0 0.0 0.0
MrBurns 2018 MAY 7 9 40 0.125 0.0 0.0 15158630.9000 181629.1 702837.5 0.0 0.0 3.025 22.9 59.675 0.0 0.0 100.0 0.0 0.0
MrBurns 2018 MAY 7 9 50 0.075 0.0 0.0 15158160.8000 182031.8 702857.0 0.0 0.0 3.5 21.425 57.225 0.0 0.0 100.0 0.0 0.0
MrBurns 2018 MAY 7 10 0 0.15 0.0 0.0 15157284.2000 182565.5 702874.7 0.0 0.0 3.175 22.45 58.625 0.0 0.0 100.0 0.0 0.0
MrBurns 2018 MAY 7 10 10 0.05 0.0 0.0 15156679.3000 182904.3 702900.1 0.0 0.0 3.075 21.6 56.225 0.0 0.0 100.0 0.0 0.0
MrBurns 2018 MAY 7 10 20 0.125 0.0 0.0 15156465.5000 183337.1 702918.0 0.0 0.0 3.575 22.725 58.9 0.0 0.0 100.0 0.0 0.0
MrBurns 2018 MAY 7 10 30 0.15 0.0 0.0 15155618.6000 183836.2 702937.1 0.0 0.0 3.025 22.675 56.9 0.0 0.0 100.0 0.0 0.0
MrBurns 2018 MAY 7 10 40 0.1 0.0 0.0 15155051.0000 184162.6 702957.4 0.0 0.0 3.0 21.85 58.375 0.0 0.0 100.0 0.0 0.0
MrBurns 2018 MAY 7 10 50 0.075 0.0 0.0 15154575.5000 184648.2 702977.1 0.0 0.0 3.7 20.675 57.0 0.0 0.0 100.0 0.0 0.0
MrBurns 2018 MAY 7 11 0 0.125 0.0 0.0 15153955.6000 185103.4 702997.9 0.0 0.0 2.875 20.9 57.5 0.0 0.0 100.0 0.0 0.0
MrBurns 2018 MAY 7 11 10 0.15 0.0 0.0 15154007.1000 185447.3 703017.7 0.0 0.0 3.3 20.375 56.6 0.0 0.0 100.0 0.0 0.0
MrBurns 2018 MAY 7 11 20 0.1 0.0 0.0 15153210.2000 185959.9 703034.1 0.0 0.0 3.575 21.0 58.45 0.0 0.0 100.0 0.0 0.0
MrBurns 2018 MAY 7 11 30 0.175 0.0 0.0 15152481.2000 186375.7 703059.2 0.0 0.0 3.075 20.825 56.175 0.0 0.0 100.0 0.0 0.0
MrBurns 2018 MAY 7 11 40 0.075 0.0 0.0 15152359.4000 186703.9 703077.7 0.0 0.0 3.125 21.075 57.725 0.0 0.0 100.0 0.0 0.0
MrBurns 2018 MAY 7 11 50 0.15 0.025 0.0 15151829.6000 187221.5 703094.3 0.0 0.0 3.2 20.55 57.175 0.0 0.0 100.0 0.0 0.0
MrBurns 2018 MAY 7 12 0 0.1 0.0 0.0 15150973.2000 187611.5 703116.2 0.0 0.0 2.975 20.425 57.225 0.0 0.0 100.0 0.0 0.0
MrBurns 2018 MAY 7 12 10 0.075 0.0 0.0 15150952.1000 187959.7 703139.0 0.0 0.0 3.425 20.225 56.575 0.0 0.0 100.0 0.0 0.0
MrBurns 2018 MAY 7 12 20 0.1 0.0 0.0 15150147.0000 188508.9 703154.8 0.0 0.0 3.6 21.05 58.35 0.0 0.0 100.0 0.0 0.0
MrBurns 2018 MAY 7 12 30 0.125 0.0 0.0 15149695.6000 188903.9 703177.1 0.0 0.0 3.175 20.1 56.025 0.0 0.0 100.0 0.0 0.0
MrBurns 2018 MAY 7 12 40 0.125 0.0 0.0 15149249.7000 189258.8 703194.1 0.0 0.0 3.45 20.775 58.1 0.0 0.0 100.0 0.0 0.0
MrBurns 2018 MAY 7 12 50 0.15 0.0 0.0 15148719.2000 189799.6 703215.6 0.0 0.0 3.25 21.05 57.35 0.0 0.0 100.0 0.0 0.0
MrBurns 2018 MAY 7 13 0 0.075 0.0 0.0 15148072.9000 190152.3 703236.8 0.0 0.0 3.05 21.55 57.175 0.0 0.0 100.0 0.0 0.0
MrBurns 2018 MAY 7 13 10 0.25 0.0 0.0 15147643.7000 190548.4 703255.2 0.0 0.0 3.55 20.375 56.825 0.0 0.0 100.0 0.0 0.0
MrBurns 2018 MAY 7 13 20 0.1 0.0 0.0 15146979.0000 191088.9 703273.3 0.0 0.0 3.25 20.725 58.25 0.0 0.0 100.0 0.0 0.0
MrBurns 2018 MAY 7 13 30 0.125 0.0 0.0 15146739.3000 191438.4 703297.5 0.0 0.0 3.075 20.55 56.725 0.0 0.0 100.0 0.0 0.0
MrBurns 2018 MAY 7 13 40 0.075 0.0 0.0 15146391.0000 191848.6 703316.0 0.0 0.0 3.375 20.9 58.575 0.0 0.0 100.0 0.0 0.0
MrBurns 2018 MAY 7 13 50 0.075 0.0 0.0 15145766.8000 192385.7 703336.1 0.0 0.0 3.225 20.4 57.125 0.0 0.0 100.0 0.0 0.0
MrBurns 2018 MAY 7 14 0 0.075 0.0 0.0 15145075.9000 192755.5 703354.1 0.0 0.0 3.15 20.825 57.775 0.0 0.0 100.0 0.0 0.0
MrBurns 2018 MAY 7 14 10 0.05 0.0 0.0 15144754.7000 193163.5 703376.1 0.0 0.0 3.55 21.125 57.1 0.0 0.0 100.0 0.0 0.0
MrBurns 2018 MAY 7 14 20 0.075 0.025 0.0 15144155.5000 193684.8 703395.7 0.0 0.0 3.175 21.4 58.55 0.0 0.0 100.0 0.0 0.0
MrBurns 2018 MAY 7 14 30 0.125 0.0 0.0 15144064.0000 194017.7 703415.4 0.0 0.0 3.025 21.125 56.875 0.0 0.0 100.0 0.0 0.0
MrBurns 2018 MAY 7 14 40 0.075 0.0 0.0 15143467.4000 194499.4 703434.7 0.0 0.0 3.65 21.55 58.95 0.0 0.0 100.0 0.0 0.0
MrBurns 2018 MAY 7 14 50 0.1 0.0 0.0 15142912.9000 194944.0 703457.2 0.0 0.0 3.0 20.075 55.55 0.0 0.0 100.0 0.0 0.0
MrBurns 2018 MAY 7 15 0 0.15 0.0 0.0 15142613.7000 195273.1 703475.4 0.0 0.0 3.075 20.95 57.925 0.0 0.0 100.0 0.0 0.0
MrBurns 2018 MAY 7 15 10 0.175 0.025 0.0 15142127.6000 195754.6 703493.5 0.0 0.0 3.625 22.75 57.225 0.0 0.0 100.0 0.0 0.0
MrBurns 2018 MAY 7 15 20 0.2 0.0 0.0 15141466.4000 196221.2 703516.2 0.0 0.0 2.975 21.425 58.025 0.0 0.0 100.0 0.0 0.0
MrBurns 2018 MAY 7 15 30 0.075 0.0 0.0 15140990.6000 196555.2 703536.5 0.0 0.0 3.0 20.8 56.5 0.0 0.0 100.0 0.0 0.0
MrBurns 2018 MAY 7 15 40 0.075 0.0 0.0 15140494.9000 197056.8 703554.4 0.0 0.0 3.525 20.975 59.05 0.0 0.0 100.0 0.0 0.0
MrBurns 2018 MAY 7 15 50 0.125 0.0 0.0 15139993.6000 197488.0 703574.6 0.0 0.0 2.925 20.0 55.875 0.0 0.0 100.0 0.0 0.0
MrBurns 2018 MAY 7 16 0 0.125 0.0 0.0 15139499.3000 197816.2 703596.8 0.0 0.0 3.125 20.675 57.75 0.0 0.0 100.0 0.0 0.0
MrBurns 2018 MAY 7 16 10 0.175 0.0 0.0 15139110.1000 198325.3 703615.5 0.0 0.0 3.45 20.95 56.825 0.0 0.0 100.0 0.0 0.0
MrBurns 2018 MAY 7 16 20 0.1 0.0 0.0 15138563.9000 198730.0 703635.4 0.0 0.0 3.1 20.725 57.2 0.0 0.0 100.0 0.0 0.0
MrBurns 2018 MAY 7 16 30 0.125 0.0 0.0 15138205.1000 199079.2 703654.4 0.0 0.0 3.075 20.5 56.325 0.0 0.0 100.0 0.0 0.0
MrBurns 2018 MAY 7 16 40 0.075 0.025 0.0 15137286.3000 199618.6 703675.7 0.0 0.0 3.775 21.225 58.075 0.0 0.0 100.0 0.0 0.0
MrBurns 2018 MAY 7 16 50 0.125 0.0 0.0 15136801.1000 200016.0 703696.3 0.0 0.0 3.0 20.35 55.675 0.0 0.0 100.0 0.0 0.0
MrBurns 2018 MAY 7 17 0 0.175 0.0 0.0 15136385.0000 200362.2 703715.4 0.0 0.0 3.175 20.45 57.375 0.0 0.0 100.0 0.0 0.0
MrBurns 2018 MAY 7 17 10 0.125 0.0 0.0 15135846.0000 200898.0 703733.1 0.0 0.0 3.375 20.3 56.875 0.0 0.0 100.0 0.0 0.0
MrBurns 2018 MAY 7 17 20 0.175 0.0 0.0 15135400.7000 201270.2 703756.5 0.0 0.0 3.1 20.95 57.2 0.0 0.0 100.0 0.0 0.0
MrBurns 2018 MAY 7 17 30 0.075 0.0 0.0 15135157.0000 201645.3 703776.8 0.0 0.0 3.3 20.375 56.425 0.0 0.0 100.0 0.0 0.0
MrBurns 2018 MAY 7 17 40 0.15 0.0 0.0 15134469.9000 202191.9 703793.6 0.0 0.0 3.375 20.7 58.2 0.0 0.0 100.0 0.0 0.0
MrBurns 2018 MAY 7 17 50 0.325 0.0 0.0 15134150.3000 202559.8 703813.8 0.0 0.0 2.95 20.175 55.575 0.0 0.0 100.0 0.0 0.0
MrBurns 2018 MAY 7 18 0 0.1 0.0 0.0 15133755.3000 202918.3 703836.3 0.0 0.0 3.325 21.15 58.05 0.0 0.0 100.0 0.0 0.0
MrBurns 2018 MAY 7 18 10 0.05 0.0 0.0 15133206.0000 203409.8 703855.3 0.0 0.0 3.475 21.525 56.725 0.0 0.0 100.0 0.0 0.0
MrBurns 2018 MAY 7 18 20 0.075 0.0 0.0 15132630.2000 203761.7 703875.2 0.0 0.0 3.5 21.075 57.775 0.0 0.0 100.0 0.0 0.0
MrBurns 2018 MAY 7 18 30 0.125 0.0 0.0 15132391.5000 204129.4 703893.9 0.0 0.0 3.65 20.675 57.075 0.0 0.0 100.0 0.0 0.0
MrBurns 2018 MAY 7 18 40 0.1 0.0 0.0 15132013.7000 204585.7 703915.1 0.0 0.0 3.35 20.625 57.525 0.0 0.0 100.0 0.0 0.0
MrBurns 2018 MAY 7 18 50 0.15 0.0 0.0 15131848.8000 204853.5 703936.5 0.0 0.0 3.025 20.0 55.575 0.0 0.0 100.0 0.0 0.0
MrBurns 2018 MAY 7 19 0 0.075 0.025 0.0 15131477.4000 205230.9 703953.9 0.0 0.0 3.5 20.85 58.2 0.0 0.0 100.0 0.0 0.0
MrBurns 2018 MAY 7 19 10 0.1 0.0 0.0 15130918.2000 205674.2 703972.8 0.0 0.0 3.15 20.15 56.05 0.0 0.0 100.0 0.0 0.0
MrBurns 2018 MAY 7 19 20 0.175 0.0 0.0 15130540.4000 205892.8 703996.4 0.0 0.0 3.175 20.45 56.95 0.0 0.0 100.0 0.0 0.0
MrBurns 2018 MAY 7 19 30 0.075 0.0 0.0 15130366.6000 206136.2 704013.6 0.0 0.0 3.575 20.625 56.9 0.0 0.0 100.0 0.0 0.0
MrBurns 2018 MAY 7 19 40 0.15 0.025 0.0 15129782.1000 206487.7 704033.5 0.0 0.0 3.05 20.725 57.65 0.0 0.0 100.0 0.0 0.0
MrBurns 2018 MAY 7 19 50 0.2 0.0 0.0 15130110.8000 206727.5 704052.9 0.0 0.0 3.1 20.025 56.375 0.0 0.0 100.0 0.0 0.0
MrBurns 2018 MAY 7 20 0 0.2 0.025 0.0 15129614.3000 207028.8 704074.6 0.0 0.0 3.8 20.8 58.3 0.0 0.0 100.0 0.0 0.0
MrBurns 2018 MAY 7 20 10 0.15 0.025 0.0 15129017.2000 207388.3 704094.9 0.0 0.0 3.2 20.275 55.825 0.0 0.0 100.0 0.0 0.0
MrBurns 2018 MAY 7 20 20 0.125 0.0 0.0 15128843.1000 207660.0 704113.3 0.0 0.0 3.3 21.225 57.675 0.0 0.0 100.0 0.0 0.0
MrBurns 2018 MAY 7 20 30 0.1 0.025 0.0 15128364.0000 207988.7 704130.3 0.0 0.0 3.375 20.575 56.85 0.0 0.0 100.0 0.0 0.0
MrBurns 2018 MAY 7 20 40 0.175 0.025 0.0 15127811.8000 208298.7 704154.9 0.0 0.0 3.2 20.375 57.125 0.0 0.0 100.0 0.0 0.0
MrBurns 2018 MAY 7 20 50 0.05 0.0 0.0 15127844.2000 208513.6 704174.1 0.0 0.0 3.25 22.45 56.025 0.0 0.0 100.0 0.0 0.0
MrBurns 2018 MAY 7 21 0 0.15 0.0 0.0 15127371.1000 208817.7 704190.6 0.0 0.0 3.425 20.45 57.925 0.0 0.0 100.0 0.0 0.0
MrBurns 2018 MAY 7 21 10 0.15 0.0 0.0 15126979.5000 209116.7 704213.7 0.0 0.0 3.05 20.275 55.4 0.0 0.0 100.0 0.0 0.0
MrBurns 2018 MAY 7 21 20 0.125 0.0 0.0 15126648.9000 209330.1 704233.6 0.0 0.0 3.2 20.825 57.875 0.0 0.0 100.0 0.0 0.0
MrBurns 2018 MAY 7 21 30 0.175 0.025 0.0 15126493.0000 209639.8 704252.4 0.0 0.0 3.5 20.55 56.875 0.0 0.0 100.0 0.0 0.0
MrBurns 2018 MAY 7 21 40 0.225 0.0 0.0 15125827.0000 209915.1 704273.0 0.0 0.0 3.4 20.475 57.15 0.0 0.0 100.0 0.0 0.0
MrBurns 2018 MAY 7 21 50 0.1 0.0 0.0 15125863.0000 210157.0 704292.8 0.0 0.0 3.225 20.075 56.15 0.0 0.0 100.0 0.0 0.0
MrBurns 2018 MAY 7 22 0 0.125 0.0 0.0 15125214.1000 210634.1 704313.0 0.0 0.0 3.4 21.3 57.975 0.0 0.0 100.0 0.0 0.0
MrBurns 2018 MAY 7 22 10 0.1 0.0 0.0 15124653.2000 210967.7 704333.4 0.0 0.0 2.9 20.625 55.725 0.0 0.0 100.0 0.0 0.0
MrBurns 2018 MAY 7 22 20 0.125 0.0 0.0 15124278.7000 211303.8 704351.3 0.0 0.0 3.625 20.5 57.525 0.0 0.0 100.0 0.0 0.0
MrBurns 2018 MAY 7 22 30 0.175 0.0 0.0 15123838.0000 211783.7 704371.8 0.0 0.0 3.3 20.175 56.675 0.0 0.0 100.0 0.0 0.0
MrBurns 2018 MAY 7 22 40 0.225 0.0 0.0 15123595.3000 212125.5 704393.6 0.0 0.0 3.175 20.3 56.675 0.0 0.0 100.0 0.0 0.0
MrBurns 2018 MAY 7 22 50 0.075 0.0 0.0 15123153.8000 212470.7 704412.5 0.0 0.0 3.3 20.325 56.45 0.0 0.0 100.0 0.0 0.0
MrBurns 2018 MAY 7 23 0 0.175 0.0 0.0 15122630.8000 212954.0 704472.4 0.0 0.0 3.85 20.875 58.675 0.0 0.0 100.0 0.0 0.0
MrBurns 2018 MAY 7 23 10 0.15 0.0 0.0 15122241.5000 213280.8 704499.2 0.0 0.0 3.225 19.85 55.5 0.0 0.0 100.0 0.0 0.0
MrBurns 2018 MAY 7 23 20 0.15 0.0 0.0 15121773.5000 213638.1 704517.4 0.0 0.0 3.5 20.775 58.275 0.0 0.0 100.0 0.0 0.0
MrBurns 2018 MAY 7 23 30 0.1 0.0 0.0 15121407.2000 214121.3 704536.1 0.0 0.0 3.3 20.175 56.525 0.0 0.0 100.0 0.0 0.0
MrBurns 2018 MAY 7 23 40 0.1 0.0 0.0 15121001.9000 214452.9 704555.0 0.0 0.0 3.0 20.225 56.825 0.0 0.0 100.0 0.0 0.0
