MrBurns 2018 MAY 4 0 0 0.10256410256410256 0.0 0.0 15091060.9231 216194.46153846153 718266.7692307692 0.0 0.0 3.41025641025641 20.256410256410255 57.05128205128205 0.0 0.0 100.0 0.0 0.0
MrBurns 2018 MAY 4 0 10 0.0 0.0 0.0 15090706.6000 216576.7 718285.5 0.0 0.0 3.05 20.45 57.325 0.0 0.0 100.0 0.0 0.0
MrBurns 2018 MAY 4 0 20 0.175 0.0 0.0 15090688.2000 216925.9 718304.2 0.0 0.0 3.325 20.025 56.5 0.0 0.0 100.0 0.0 0.0
MrBurns 2018 MAY 4 0 30 0.025 0.0 0.0 15090272.1000 217359.1 717821.8 0.0 0.0 5.75 22.425 63.125 0.025 0.0 99.9 0.025 0.0
MrBurns 2018 MAY 4 0 40 0.125 0.0 0.0 15090792.6000 217623.7 717232.1 0.0 0.0 3.275 19.925 55.35 0.0 0.0 100.0 0.0 0.0
MrBurns 2018 MAY 4 0 50 0.075 0.0 0.0 15090671.0000 217826.0 717252.1 0.0 0.0 3.3 20.45 57.675 0.0 0.0 100.0 0.0 0.0
MrBurns 2018 MAY 4 1 0 0.15 0.0 0.0 15090399.4000 218219.0 717268.4 0.0 0.0 3.725 20.1 56.6 0.0 0.0 100.0 0.0 0.0
MrBurns 2018 MAY 4 1 10 0.05 0.0 0.0 15090025.7000 218460.0 717289.0 0.0 0.0 3.05 20.325 56.75 0.0 0.0 100.0 0.0 0.0
MrBurns 2018 MAY 4 1 20 0.125 0.0 0.0 15089653.8000 218686.9 717312.1 0.0 0.0 3.475 20.05 56.4 0.0 0.0 100.0 0.0 0.0
MrBurns 2018 MAY 4 1 30 0.15 0.0 0.0 15089407.8000 219056.6 717329.9 0.0 0.0 3.625 20.625 57.95 0.0 0.0 100.0 0.0 0.0
MrBurns 2018 MAY 4 1 40 0.175 0.0 0.0 15089032.0000 219285.8 717351.2 0.0 0.0 3.15 19.95 55.775 0.0 0.0 100.0 0.0 0.0
MrBurns 2018 MAY 4 1 50 0.1 0.0 0.0 15088807.9000 219531.7 717370.5 0.0 0.0 3.575 20.675 57.825 0.0 0.0 100.0 0.0 0.0
MrBurns 2018 MAY 4 2 0 0.125 0.0 0.0 15088521.8000 219871.6 717390.7 0.0 0.0 3.25 20.025 56.275 0.0 0.0 100.0 0.0 0.0
MrBurns 2018 MAY 4 2 10 0.1 0.0 0.0 15088132.1000 220068.8 717412.1 0.0 0.0 3.175 20.325 57.0 0.0 0.0 100.0 0.0 0.0
MrBurns 2018 MAY 4 2 20 0.075 0.0 0.0 15088101.6000 220345.4 717429.7 0.0 0.0 3.8 20.375 56.75 0.0 0.0 100.0 0.0 0.0
MrBurns 2018 MAY 4 2 30 0.05 0.0 0.0 15087245.2000 220689.1 717450.5 0.0 0.0 3.25 20.475 57.775 0.0 0.0 100.0 0.0 0.0
MrBurns 2018 MAY 4 2 40 0.175 0.0 0.0 15087382.7000 220881.1 717472.6 0.0 0.0 3.375 19.95 55.9 0.0 0.0 100.0 0.0 0.0
MrBurns 2018 MAY 4 2 50 0.175 0.0 0.0 15087015.4000 221154.4 717489.7 0.0 0.0 3.85 20.675 58.25 0.0 0.0 100.0 0.0 0.0
MrBurns 2018 MAY 4 3 0 0.125 0.025 0.0 15086543.0000 221489.9 717509.6 0.0 0.0 3.65 20.55 57.475 0.0 0.0 100.0 0.0 0.0
MrBurns 2018 MAY 4 3 10 0.15 0.0 0.0 15086163.5000 221692.5 717530.3 0.0 0.0 3.2 20.475 57.425 0.0 0.0 100.0 0.0 0.0
MrBurns 2018 MAY 4 3 20 0.075 0.025 0.0 15085855.9000 222029.7 717549.8 0.0 0.0 3.65 20.225 56.75 0.0 0.0 100.0 0.0 0.0
MrBurns 2018 MAY 4 3 30 0.125 0.0 0.0 15832239.7000 50470.1 221902.8 0.0 0.0 4.925 22.25 71.45 0.025 0.025 99.925 0.05 0.0
MrBurns 2018 MAY 4 3 40 0.15 0.0 0.0 15868764.8000 41871.6 195865.8 0.0 0.0 3.075 20.375 57.475 0.0 0.0 100.0 0.0 0.0
MrBurns 2018 MAY 4 3 50 0.125 0.05 0.0 15567861.5000 113302.0 387888.8 0.0 0.0 289.95 111.35 182.3 0.775 0.125 98.225 0.875 0.0
MrBurns 2018 MAY 4 4 0 0.3 0.025 0.0 15384728.5000 164476.6 493926.3 0.0 0.0 3.575 20.775 58.2 0.0 0.0 100.0 0.0 0.0
MrBurns 2018 MAY 4 4 10 0.175 0.0 0.0 15384056.7000 164922.0 493947.3 0.0 0.0 3.55 20.25 56.0 0.0 0.0 99.975 0.0 0.0
MrBurns 2018 MAY 4 4 20 0.175 0.025 0.0 15383807.6000 165256.2 493969.7 0.0 0.0 3.275 20.525 57.575 0.0 0.0 100.0 0.0 0.0
MrBurns 2018 MAY 4 4 30 0.075 0.0 0.0 15383114.0000 165776.1 493985.7 0.0 0.0 3.9 20.475 56.975 0.0 0.0 99.975 0.0 0.0
MrBurns 2018 MAY 4 4 40 0.175 0.0 0.0 15382372.3000 166184.1 494007.4 0.0 0.0 3.0 20.475 56.925 0.0 0.0 100.0 0.0 0.0
MrBurns 2018 MAY 4 4 50 0.075 0.0 0.0 15382592.7000 166542.1 494025.8 0.0 0.0 3.525 20.2 56.475 0.0 0.0 99.975 0.0 0.0
MrBurns 2018 MAY 4 5 0 0.1 0.0 0.0 15381804.0000 167079.7 494045.7 0.0 0.0 3.45 20.8 58.1 0.0 0.0 100.0 0.0 0.0
MrBurns 2018 MAY 4 5 10 0.1 0.0 0.0 15381271.1000 167460.0 494069.6 0.0 0.0 3.3 20.125 55.5 0.0 0.0 100.0 0.0 0.0
MrBurns 2018 MAY 4 5 20 0.125 0.0 0.0 15381032.0000 167821.6 494087.4 0.0 0.0 3.475 20.675 57.625 0.0 0.0 100.0 0.0 0.0
MrBurns 2018 MAY 4 5 30 0.125 0.0 0.0 15380301.4000 168372.0 494104.4 0.0 0.0 3.65 20.325 56.675 0.0 0.0 100.0 0.0 0.0
MrBurns 2018 MAY 4 5 40 0.1 0.0 0.0 15379740.8000 168744.0 494129.2 0.0 0.0 3.2 20.625 57.5 0.0 0.0 100.0 0.0 0.0
MrBurns 2018 MAY 4 5 50 0.15 0.025 0.0 15379128.4000 169125.0 494165.5 0.0 0.0 3.675 20.475 57.675 0.0 0.0 100.0 0.0 0.0
MrBurns 2018 MAY 4 6 0 0.075 0.0 0.0 15283848.5000 170563.0 584293.9 0.0 0.0 363.375 32.7 117.725 0.075 0.075 99.45 0.4 0.0
MrBurns 2018 MAY 4 6 10 0.125 0.0 0.0 15145546.3000 172246.3 716345.9 0.0 0.0 3.45 20.075 55.725 0.0 0.0 100.0 0.0 0.0
MrBurns 2018 MAY 4 6 20 0.225 0.0 0.0 15144835.7000 172648.5 716365.0 0.0 0.0 3.675 20.675 57.975 0.0 0.0 100.0 0.0 0.0
MrBurns 2018 MAY 4 6 30 0.1 0.0 0.0 15144376.5000 173157.7 716386.2 0.0 0.0 3.4 20.1 56.3 0.0 0.0 100.0 0.0 0.0
MrBurns 2018 MAY 4 6 40 0.05 0.0 0.0 15143971.6000 173486.8 716404.7 0.0 0.0 3.075 20.25 56.575 0.0 0.0 100.0 0.0 0.0
MrBurns 2018 MAY 4 6 50 0.125 0.0 0.0 15143439.7000 173926.3 716421.5 0.0 0.0 3.8 20.35 56.65 0.0 0.0 100.0 0.0 0.0
MrBurns 2018 MAY 4 7 0 0.15 0.0 0.0 15142972.2000 174422.0 716446.7 0.0 0.0 3.475 20.4 57.725 0.0 0.0 100.0 0.0 0.0
MrBurns 2018 MAY 4 7 10 0.175 0.0 0.0 15142493.6000 174799.8 716470.9 0.0 0.0 3.325 20.15 55.975 0.0 0.0 100.0 0.0 0.0
MrBurns 2018 MAY 4 7 20 0.1 0.0 0.0 15141809.4000 175273.4 716488.6 0.0 0.0 3.775 20.95 58.725 0.0 0.0 100.0 0.0 0.0
MrBurns 2018 MAY 4 7 30 0.075 0.0 0.0 15141398.5000 175732.8 716511.0 0.0 0.0 3.375 20.125 55.5 0.0 0.0 100.0 0.0 0.0
MrBurns 2018 MAY 4 7 40 0.15 0.0 0.0 15141104.3000 176067.0 716531.0 0.0 0.0 3.125 20.875 56.75 0.0 0.0 100.0 0.0 0.0
MrBurns 2018 MAY 4 7 50 0.075 0.0 0.0 15140379.4000 176563.5 716550.9 0.0 0.0 3.8 20.625 56.2 0.0 0.0 100.0 0.0 0.0
MrBurns 2018 MAY 4 8 0 0.075 0.0 0.0 15139556.6000 176988.0 716570.4 0.0 0.0 3.25 20.6 56.325 0.0 0.0 100.0 0.0 0.0
MrBurns 2018 MAY 4 8 10 0.175 0.0 0.0 15139300.2000 177320.9 716590.2 0.0 0.0 3.45 20.275 55.625 0.0 0.0 100.0 0.0 0.0
MrBurns 2018 MAY 4 8 20 0.1 0.025 0.0 15138742.3000 177845.1 716610.6 0.0 0.0 3.7 21.1 57.8 0.0 0.0 100.0 0.0 0.0
MrBurns 2018 MAY 4 8 30 0.125 0.0 0.0 15138034.8000 178293.6 716631.3 0.0 0.0 3.3 20.275 55.15 0.0 0.0 100.0 0.0 0.0
MrBurns 2018 MAY 4 8 40 0.075 0.0 0.0 15137873.4000 178641.1 716649.1 0.0 0.0 3.175 20.625 56.9 0.0 0.0 100.0 0.0 0.0
MrBurns 2018 MAY 4 8 50 0.125 0.025 0.0 15137197.4000 179167.2 716670.1 0.0 0.0 3.675 20.55 55.85 0.0 0.0 100.0 0.0 0.0
MrBurns 2018 MAY 4 9 0 0.125 0.0 0.0 15136597.6000 179536.0 716691.1 0.0 0.0 3.225 20.725 56.275 0.0 0.0 100.0 0.0 0.0
MrBurns 2018 MAY 4 9 10 0.125 0.0 0.0 15136095.9000 179903.4 716710.4 0.0 0.0 3.475 20.55 56.375 0.0 0.0 100.0 0.0 0.0
MrBurns 2018 MAY 4 9 20 0.05 0.0 0.0 15135454.6000 180451.7 716728.8 0.0 0.0 3.625 21.15 58.05 0.0 0.0 100.0 0.0 0.0
MrBurns 2018 MAY 4 9 30 0.05 0.0 0.0 15135117.1000 180863.1 716752.2 0.0 0.0 3.375 20.45 55.675 0.0 0.0 100.0 0.0 0.0
MrBurns 2018 MAY 4 9 40 0.1 0.0 0.0 15134482.3000 181237.6 716770.4 0.0 0.0 3.375 20.925 57.675 0.0 0.0 100.0 0.0 0.0
MrBurns 2018 MAY 4 9 50 0.1 0.0 0.0 15133954.1000 181777.0 716788.6 0.0 0.0 3.5 20.575 56.15 0.0 0.0 100.0 0.0 0.0
MrBurns 2018 MAY 4 10 0 0.125 0.0 0.0 15133413.5000 182128.0 716808.5 0.0 0.0 3.2 20.775 56.9 0.0 0.0 100.0 0.0 0.0
MrBurns 2018 MAY 4 10 10 0.125 0.0 0.0 15132935.0000 182520.2 716831.1 0.0 0.0 3.725 20.675 56.425 0.0 0.0 100.0 0.0 0.0
MrBurns 2018 MAY 4 10 20 0.075 0.0 0.0 15132480.2000 183053.8 716849.7 0.0 0.0 3.275 20.75 57.05 0.0 0.0 100.0 0.0 0.0
MrBurns 2018 MAY 4 10 30 0.1 0.0 0.0 15131965.4000 183393.5 716869.1 0.0 0.0 3.15 20.725 55.775 0.0 0.0 100.0 0.0 0.0
MrBurns 2018 MAY 4 10 40 0.1 0.0 0.0 15131246.1000 183821.8 716888.2 0.0 0.0 3.675 21.05 57.825 0.0 0.0 100.0 0.0 0.0
MrBurns 2018 MAY 4 10 50 0.15 0.025 0.0 15130611.0000 184335.2 716910.8 0.0 0.0 3.375 20.75 56.075 0.0 0.0 100.0 0.0 0.0
MrBurns 2018 MAY 4 11 0 0.25 0.0 0.0 15130142.3000 184660.0 716930.5 0.0 0.0 3.125 20.675 56.975 0.0 0.0 100.0 0.0 0.0
MrBurns 2018 MAY 4 11 10 0.125 0.0 0.0 15130011.2000 185105.6 716948.4 0.0 0.0 3.675 20.625 56.425 0.0 0.0 100.0 0.0 0.0
MrBurns 2018 MAY 4 11 20 0.075 0.0 0.0 15129156.1000 185589.2 716967.7 0.0 0.0 3.275 20.575 57.15 0.0 0.0 100.0 0.0 0.0
MrBurns 2018 MAY 4 11 30 0.225 0.0 0.0 15128948.7000 185921.5 716991.1 0.0 0.0 3.35 20.525 56.125 0.0 0.0 100.0 0.0 0.0
MrBurns 2018 MAY 4 11 40 0.1 0.0 0.0 15128318.8000 186412.8 717008.8 0.0 0.0 3.7 21.075 58.075 0.0 0.0 100.0 0.0 0.0
MrBurns 2018 MAY 4 11 50 0.075 0.0 0.0 15127763.6000 186878.8 717027.5 0.0 0.0 2.95 19.875 55.475 0.0 0.0 100.0 0.0 0.0
MrBurns 2018 MAY 4 12 0 0.125 0.0 0.0 15127337.5000 187211.5 717049.6 0.0 0.0 3.225 20.55 57.375 0.0 0.0 100.0 0.0 0.0
MrBurns 2018 MAY 4 12 10 0.15 0.0 0.0 15127061.8000 187715.2 717069.4 0.0 0.0 3.575 20.3 56.85 0.0 0.0 100.0 0.0 0.0
MrBurns 2018 MAY 4 12 20 0.175 0.0 0.0 15126177.2000 188126.6 717088.6 0.0 0.0 3.225 20.475 57.05 0.0 0.0 100.0 0.0 0.0
MrBurns 2018 MAY 4 12 30 0.1 0.0 0.0 15126070.9000 188467.8 717109.2 0.0 0.0 3.325 20.35 56.4 0.0 0.0 100.0 0.0 0.0
MrBurns 2018 MAY 4 12 40 0.175 0.05 0.0 15125520.3000 189004.7 717127.1 0.0 0.0 3.575 20.725 57.8 0.0 0.0 100.0 0.0 0.0
MrBurns 2018 MAY 4 12 50 0.225 0.0 0.0 15124529.5000 189396.1 717149.1 0.0 0.0 3.15 20.025 55.55 0.0 0.0 100.0 0.0 0.0
MrBurns 2018 MAY 4 13 0 0.075 0.0 0.0 15124574.1000 189754.9 717168.5 0.0 0.0 3.425 20.725 58.075 0.0 0.0 100.0 0.0 0.0
MrBurns 2018 MAY 4 13 10 0.1 0.0 0.0 15123925.7000 190294.4 717186.2 0.0 0.0 3.575 20.475 57.0 0.0 0.0 100.0 0.0 0.0
MrBurns 2018 MAY 4 13 20 0.175 0.0 0.0 15123401.2000 190666.6 717208.7 0.0 0.0 3.175 20.825 56.775 0.0 0.0 100.0 0.0 0.0
MrBurns 2018 MAY 4 13 30 0.075 0.0 0.0 15123035.0000 191054.2 717229.6 0.0 0.0 3.625 20.825 56.625 0.0 0.0 100.0 0.0 0.0
MrBurns 2018 MAY 4 13 40 0.05 0.0 0.0 15122169.3000 191608.9 717246.4 0.0 0.0 3.275 20.775 57.775 0.0 0.0 100.0 0.0 0.0
MrBurns 2018 MAY 4 13 50 0.15 0.0 0.0 15121726.8000 191964.0 717267.8 0.0 0.0 3.125 20.15 55.325 0.0 0.0 100.0 0.0 0.0
MrBurns 2018 MAY 4 14 0 0.125 0.0 0.0 15121651.8000 192360.3 717290.2 0.0 0.0 3.7 21.15 57.975 0.0 0.0 100.0 0.0 0.0
MrBurns 2018 MAY 4 14 10 0.075 0.025 0.0 15120785.0000 192896.2 717307.9 0.0 0.0 3.375 20.625 56.35 0.0 0.0 100.0 0.0 0.0
MrBurns 2018 MAY 4 14 20 0.125 0.0 0.0 15120305.4000 193240.0 717328.5 0.0 0.0 3.325 22.7 59.2 0.0 0.0 100.0 0.0 0.0
MrBurns 2018 MAY 4 14 30 0.125 0.0 0.0 15119587.7000 193644.4 717344.3 0.0 0.0 3.675 21.975 56.775 0.0 0.0 100.0 0.0 0.0
MrBurns 2018 MAY 4 14 40 0.05 0.025 0.0 15119124.8000 194151.5 717367.4 0.0 0.0 3.125 22.175 58.15 0.0 0.0 100.0 0.0 0.0
MrBurns 2018 MAY 4 14 50 0.075 0.0 0.0 15118980.8000 194478.9 717386.9 0.0 0.0 3.075 20.35 55.7 0.0 0.0 100.0 0.0 0.0
MrBurns 2018 MAY 4 15 0 0.075 0.2 0.0 15118470.9000 194950.0 717402.4 0.0 0.0 3.675 20.875 57.75 0.0 0.0 100.0 0.0 0.0
MrBurns 2018 MAY 4 15 10 0.175 0.0 0.0 15117894.1000 195422.8 717424.8 0.0 0.0 3.15 20.45 55.475 0.0 0.0 100.0 0.0 0.0
MrBurns 2018 MAY 4 15 20 0.075 0.0 0.0 15117543.9000 195758.7 717452.3 0.0 0.0 3.4 21.825 59.25 0.0 0.0 100.0 0.0 0.0
MrBurns 2018 MAY 4 15 30 0.1 0.0 0.0 15116966.4000 196252.4 717474.2 0.0 0.0 3.725 20.675 56.95 0.0 0.0 100.0 0.0 0.0
MrBurns 2018 MAY 4 15 40 0.1 0.0 0.0 15116354.3000 196703.4 717495.2 0.0 0.0 3.15 20.5 56.8 0.0 0.0 100.0 0.0 0.0
MrBurns 2018 MAY 4 15 50 0.175 0.0 0.0 15116090.6000 197033.5 717515.0 0.0 0.0 3.15 20.625 56.35 0.0 0.0 100.0 0.0 0.0
MrBurns 2018 MAY 4 16 0 0.15 0.0 0.0 15115512.4000 197536.0 717535.1 0.0 0.0 3.65 20.65 58.0 0.0 0.0 100.0 0.0 0.0
MrBurns 2018 MAY 4 16 10 0.175 0.0 0.0 15114865.9000 197970.7 717556.4 0.0 0.0 3.05 19.975 55.575 0.0 0.0 100.0 0.0 0.0
MrBurns 2018 MAY 4 16 20 0.125 0.0 0.0 15114377.7000 198305.9 717574.3 0.0 0.0 3.45 20.675 58.0 0.0 0.0 100.0 0.0 0.0
MrBurns 2018 MAY 4 16 30 0.175 0.0 0.0 15114168.5000 198833.6 717591.9 0.0 0.0 3.525 20.475 57.175 0.0 0.0 100.0 0.0 0.0
MrBurns 2018 MAY 4 16 40 0.15 0.0 0.0 15113529.3000 199232.0 717616.5 0.0 0.0 3.1 20.825 56.725 0.0 0.0 100.0 0.0 0.0
MrBurns 2018 MAY 4 16 50 0.125 0.0 0.0 15113142.9000 199576.5 717634.5 0.0 0.0 3.375 20.55 56.175 0.0 0.0 100.0 0.0 0.0
MrBurns 2018 MAY 4 17 0 0.125 0.0 0.0 15112510.5000 200110.2 717652.4 0.0 0.0 3.45 21.4 58.65 0.0 0.0 100.0 0.0 0.0
MrBurns 2018 MAY 4 17 10 0.1 0.025 0.0 15111944.9000 200481.5 717674.9 0.0 0.0 3.2 20.55 56.275 0.0 0.0 100.0 0.0 0.0
MrBurns 2018 MAY 4 17 20 0.125 0.0 0.0 15111712.8000 200841.7 717696.0 0.0 0.0 3.55 21.275 60.05 0.0 0.0 100.0 0.0 0.0
MrBurns 2018 MAY 4 17 30 0.175 0.0 0.0 15111258.2000 201345.7 717716.1 0.0 0.0 3.775 20.625 56.975 0.0 0.0 100.0 0.0 0.0
MrBurns 2018 MAY 4 17 40 0.125 0.0 0.0 15110525.7000 201680.1 717735.9 0.0 0.0 3.05 20.675 56.825 0.0 0.0 100.0 0.0 0.0
MrBurns 2018 MAY 4 17 50 0.05 0.0 0.0 15110241.2000 202041.1 717756.3 0.0 0.0 3.65 20.525 56.425 0.0 0.0 100.0 0.0 0.0
MrBurns 2018 MAY 4 18 0 0.175 0.0 0.0 15109668.4000 202475.2 717776.5 0.0 0.0 3.375 21.15 57.675 0.0 0.0 100.0 0.0 0.0
MrBurns 2018 MAY 4 18 10 0.125 0.0 0.0 15109500.3000 202675.4 717796.1 0.0 0.0 3.275 20.35 55.525 0.0 0.0 100.0 0.0 0.0
MrBurns 2018 MAY 4 18 20 0.075 0.0 0.0 15109285.1000 202949.2 717814.2 0.0 0.0 3.925 21.45 58.025 0.0 0.0 100.0 0.0 0.0
MrBurns 2018 MAY 4 18 30 0.15 0.0 0.0 15108690.0000 203371.8 717835.0 0.0 0.0 3.975 21.525 56.575 0.0 0.0 100.0 0.0 0.0
MrBurns 2018 MAY 4 18 40 0.1 0.0 0.0 15108104.5000 203711.1 717856.7 0.0 0.0 3.25 20.85 56.825 0.0 0.0 100.0 0.0 0.0
MrBurns 2018 MAY 4 18 50 0.125 0.0 0.0 15107705.9000 204099.1 717875.8 0.0 0.0 3.675 20.55 56.625 0.0 0.0 100.0 0.0 0.0
MrBurns 2018 MAY 4 19 0 0.25 0.025 0.0 15107238.4000 204556.0 717894.4 0.0 0.0 3.375 20.875 57.25 0.0 0.0 100.0 0.0 0.0
MrBurns 2018 MAY 4 19 10 0.15 0.0 0.0 15106808.9000 204873.7 717915.5 0.0 0.0 3.25 20.275 55.1 0.0 0.0 100.0 0.0 0.0
MrBurns 2018 MAY 4 19 20 0.1 0.0 0.0 15106442.9000 205181.6 717937.0 0.0 0.0 3.775 21.05 57.675 0.0 0.0 100.0 0.0 0.0
MrBurns 2018 MAY 4 19 30 0.15 0.0 0.0 15105896.8000 205481.0 717955.2 0.0 0.0 3.275 20.5 56.075 0.0 0.0 100.0 0.0 0.0
MrBurns 2018 MAY 4 19 40 0.05 0.0 0.0 15105812.4000 205717.5 717974.1 0.0 0.0 3.075 20.85 57.475 0.0 0.0 100.0 0.0 0.0
MrBurns 2018 MAY 4 19 50 0.2 0.0 0.0 15105487.0000 205971.8 717996.8 0.0 0.0 3.85 20.7 56.975 0.0 0.0 100.0 0.0 0.0
MrBurns 2018 MAY 4 20 0 0.075 0.0 0.0 15105165.7000 206256.5 718016.0 0.0 0.0 3.3 20.6 57.125 0.0 0.0 100.0 0.0 0.0
MrBurns 2018 MAY 4 20 10 0.125 0.0 0.0 15104884.9000 206507.1 718035.7 0.0 0.0 3.3 20.225 55.975 0.0 0.0 100.0 0.0 0.0
MrBurns 2018 MAY 4 20 20 0.05 0.0 0.0 15104525.0000 206805.4 718052.8 0.0 0.0 3.8 21.2 57.675 0.0 0.0 100.0 0.0 0.0
MrBurns 2018 MAY 4 20 30 0.2 0.0 0.0 15104210.3000 207088.7 718075.3 0.0 0.0 3.025 19.975 55.525 0.0 0.0 100.0 0.0 0.0
MrBurns 2018 MAY 4 20 40 0.1 0.0 0.0 15104075.4000 207283.3 718095.5 0.0 0.0 3.375 20.525 57.0 0.0 0.0 100.0 0.0 0.0
MrBurns 2018 MAY 4 20 50 0.025 0.0 0.0 15103706.1000 207625.6 718113.0 0.0 0.0 3.725 20.075 56.0 0.0 0.0 100.0 0.0 0.0
MrBurns 2018 MAY 4 21 0 0.175 0.0 0.0 15103286.7000 207929.0 718132.9 0.0 0.0 2.95 20.225 56.675 0.0 0.0 100.0 0.0 0.0
MrBurns 2018 MAY 4 21 10 0.1 0.0 0.0 15103079.4000 208206.5 718156.3 0.0 0.0 3.525 20.025 55.875 0.0 0.0 100.0 0.0 0.0
MrBurns 2018 MAY 4 21 20 0.125 0.0 0.0 15102668.7000 208504.9 718173.5 0.0 0.0 3.65 20.525 57.2 0.0 0.0 100.0 0.0 0.0
MrBurns 2018 MAY 4 21 30 0.175 0.0 0.0 15102383.3000 208807.3 718194.0 0.0 0.0 3.15 19.925 54.925 0.0 0.0 100.0 0.0 0.0
MrBurns 2018 MAY 4 21 40 0.1 0.0 0.0 15101971.4000 209133.3 718213.1 0.0 0.0 3.45 20.5 57.125 0.0 0.0 100.0 0.0 0.0
MrBurns 2018 MAY 4 21 50 0.075 0.0 0.0 15101458.7000 209620.1 718233.2 0.0 0.0 3.5 20.075 56.05 0.0 0.0 100.0 0.0 0.0
MrBurns 2018 MAY 4 22 0 0.15 0.0 0.0 15100942.3000 209939.8 718254.5 0.0 0.0 3.025 20.15 56.475 0.0 0.0 100.0 0.0 0.0
MrBurns 2018 MAY 4 22 10 0.225 0.0 0.0 15100802.6000 210261.1 718272.7 0.0 0.0 3.575 19.975 55.85 0.0 0.0 100.0 0.0 0.0
MrBurns 2018 MAY 4 22 20 0.1 0.0 0.0 15100189.2000 210713.3 718291.1 0.0 0.0 3.35 20.425 57.175 0.0 0.0 100.0 0.0 0.0
MrBurns 2018 MAY 4 22 30 0.075 0.0 0.0 15099913.7000 210994.6 718316.1 0.0 0.0 3.35 19.85 55.2 0.0 0.0 100.0 0.0 0.0
MrBurns 2018 MAY 4 22 40 0.175 0.0 0.0 15099431.4000 211361.3 718333.4 0.0 0.0 3.525 20.475 57.4 0.0 0.0 100.0 0.0 0.0
MrBurns 2018 MAY 4 22 50 0.05 0.0 0.0 15099233.1000 211798.6 718352.7 0.0 0.0 3.225 19.85 55.6 0.0 0.0 100.0 0.0 0.0
MrBurns 2018 MAY 4 23 0 0.05 0.0 0.0 15098847.7000 212101.0 718416.3 0.0 0.0 3.675 20.5 57.475 0.0 0.0 100.0 0.0 0.0
MrBurns 2018 MAY 4 23 10 0.075 0.0 0.0 15098380.2000 212506.8 718438.5 0.0 0.0 3.775 20.1 56.275 0.0 0.0 100.0 0.0 0.0
MrBurns 2018 MAY 4 23 20 0.075 0.0 0.0 15097740.6000 212975.9 718458.6 0.0 0.0 3.325 20.55 57.975 0.0 0.0 100.0 0.0 0.0
MrBurns 2018 MAY 4 23 30 0.15 0.0 0.0 15097336.1000 213284.4 718477.2 0.0 0.0 3.225 19.875 55.775 0.0 0.0 100.0 0.0 0.0
MrBurns 2018 MAY 4 23 40 0.1 0.0 0.0 15096898.6000 213694.7 718495.9 0.0 0.0 3.775 20.625 58.275 0.0 0.0 100.0 0.0 0.0
