MrBurns 2018 MAY 1 0 0 0.02564102564102564 0.0 0.0 15102924.8205 214571.89743589744 715303.6923076923 0.0 0.0 2.923076923076923 19.76923076923077 55.51282051282051 0.0 0.0 100.0 0.0 0.0
MrBurns 2018 MAY 1 0 10 0.175 0.0 0.0 15102538.0000 214864.1 715321.7 0.0 0.0 3.175 20.475 57.775 0.0 0.0 100.0 0.0 0.0
MrBurns 2018 MAY 1 0 20 0.075 0.025 0.0 15102207.2000 215348.0 715338.8 0.0 0.0 3.275 19.9 56.375 0.0 0.0 100.0 0.0 0.0
MrBurns 2018 MAY 1 0 30 0.05 0.0 0.0 15101614.6000 215672.8 714863.3 0.0 0.0 5.15 22.25 62.625 0.025 0.0 99.925 0.05 0.0
MrBurns 2018 MAY 1 0 40 0.1 0.0 0.0 15102511.5000 215964.8 714260.1 0.0 0.0 3.475 19.925 56.175 0.0 0.0 100.0 0.0 0.0
MrBurns 2018 MAY 1 0 50 0.1 0.0 0.0 15101834.8000 216352.6 714279.1 0.0 0.0 3.55 20.475 57.75 0.0 0.0 100.0 0.0 0.0
MrBurns 2018 MAY 1 1 0 0.125 0.0 0.0 15101877.6000 216576.6 714297.8 0.0 0.0 3.15 19.7 55.45 0.0 0.0 100.0 0.0 0.0
MrBurns 2018 MAY 1 1 10 0.175 0.0 0.0 15102247.5000 216824.5 714315.8 0.0 0.0 3.525 20.7 57.875 0.0 0.0 100.0 0.0 0.0
MrBurns 2018 MAY 1 1 20 0.075 0.0 0.0 15102136.8000 217191.3 714335.8 0.0 0.0 3.4 20.2 56.075 0.0 0.0 100.0 0.0 0.0
MrBurns 2018 MAY 1 1 30 0.1 0.0 0.0 15101670.4000 217401.1 714354.3 0.0 0.0 2.975 20.25 56.6 0.0 0.0 100.0 0.0 0.0
MrBurns 2018 MAY 1 1 40 0.1 0.0 0.0 15101430.7000 217639.0 714375.4 0.0 0.0 3.775 20.275 56.675 0.0 0.0 100.0 0.0 0.0
MrBurns 2018 MAY 1 1 50 0.1 0.0 0.0 15101170.7000 218007.3 714395.4 0.0 0.0 3.65 20.525 57.4 0.0 0.0 100.0 0.0 0.0
MrBurns 2018 MAY 1 2 0 0.1 0.0 0.0 15100873.8000 218247.1 714415.9 0.0 0.0 3.1 19.875 55.525 0.0 0.0 100.0 0.0 0.0
MrBurns 2018 MAY 1 2 10 0.2 0.0 0.0 15100322.4000 218543.5 714435.4 0.0 0.0 3.875 20.65 58.0 0.0 0.0 100.0 0.0 0.0
MrBurns 2018 MAY 1 2 20 0.075 0.0 0.0 15099923.3000 218864.3 714454.1 0.0 0.0 3.35 19.95 56.05 0.0 0.0 100.0 0.0 0.0
MrBurns 2018 MAY 1 2 30 0.125 0.0 0.0 15099632.4000 219049.7 714474.7 0.0 0.0 3.275 20.325 56.875 0.0 0.0 100.0 0.0 0.0
MrBurns 2018 MAY 1 2 40 0.1 0.0 0.0 15099487.0000 219350.3 714496.1 0.0 0.0 3.725 20.225 56.875 0.0 0.0 100.0 0.0 0.0
MrBurns 2018 MAY 1 2 50 0.1 0.025 0.0 15099099.6000 219634.5 714514.5 0.0 0.0 3.25 20.325 57.1 0.0 0.0 100.0 0.0 0.0
MrBurns 2018 MAY 1 3 0 0.05 0.0 0.0 15098768.1000 219856.0 714537.4 0.0 0.0 3.625 20.3 56.525 0.0 0.0 100.0 0.0 0.0
MrBurns 2018 MAY 1 3 10 0.1 0.0 0.0 15098348.4000 220207.3 714558.1 0.0 0.0 3.8 20.45 57.35 0.0 0.0 100.0 0.0 0.0
MrBurns 2018 MAY 1 3 20 0.1 0.0 0.0 15097956.1000 220499.9 714579.1 0.0 0.0 3.1 19.6 54.65 0.0 0.0 100.0 0.0 0.0
MrBurns 2018 MAY 1 3 30 0.075 0.0 0.0 15838831.7000 50516.9 222052.1 0.0 0.0 4.475 21.8 70.475 0.025 0.025 99.925 0.05 0.0
MrBurns 2018 MAY 1 3 40 0.125 0.025 0.0 15546521.8000 119456.4 404793.3 0.0 0.0 298.05 113.025 184.5 0.775 0.1 98.225 0.85 0.0
MrBurns 2018 MAY 1 3 50 0.15 0.025 0.0 15389328.7000 164307.6 495855.1 0.0 0.0 4.125 20.55 57.425 0.0 0.0 99.975 0.025 0.0
MrBurns 2018 MAY 1 4 0 0.1 0.025 0.0 15388603.8000 164701.1 495873.9 0.0 0.0 3.3 20.475 56.775 0.0 0.0 100.0 0.0 0.0
MrBurns 2018 MAY 1 4 10 0.1 0.0 0.0 15388330.9000 165056.8 495893.0 0.0 0.0 3.675 20.425 56.55 0.0 0.0 99.975 0.0 0.0
MrBurns 2018 MAY 1 4 20 0.075 0.0 0.0 15387338.3000 165593.7 495912.2 0.0 0.0 3.775 20.8 57.95 0.0 0.0 100.0 0.0 0.0
MrBurns 2018 MAY 1 4 30 0.075 0.0 0.0 15386960.8000 165999.2 495933.5 0.0 0.0 3.5 20.075 55.925 0.0 0.0 99.975 0.0 0.0
MrBurns 2018 MAY 1 4 40 0.125 0.0 0.0 15386785.0000 166355.2 495953.2 0.0 0.0 3.45 20.525 57.45 0.0 0.0 100.0 0.0 0.0
MrBurns 2018 MAY 1 4 50 0.2 0.0 0.0 15386211.0000 166896.8 495969.8 0.0 0.0 3.675 20.125 56.35 0.0 0.0 99.975 0.0 0.0
MrBurns 2018 MAY 1 5 0 0.1 0.0 0.0 15385635.7000 167249.5 495993.8 0.0 0.0 3.225 20.525 56.95 0.0 0.0 100.0 0.0 0.0
MrBurns 2018 MAY 1 5 10 0.075 0.0 0.0 15385303.1000 167634.8 496014.8 0.0 0.0 3.55 20.2 55.975 0.0 0.0 100.0 0.0 0.0
MrBurns 2018 MAY 1 5 20 0.15 0.0 0.0 15384709.9000 168177.8 496031.9 0.0 0.0 3.525 20.625 57.525 0.0 0.0 100.0 0.0 0.0
MrBurns 2018 MAY 1 5 30 0.15 0.0 0.0 15384230.1000 168559.8 496051.7 0.0 0.0 3.225 20.05 55.975 0.0 0.0 100.0 0.0 0.0
MrBurns 2018 MAY 1 5 40 0.1 0.0 0.0 15383809.5000 168957.2 496074.1 0.0 0.0 3.425 20.7 57.65 0.0 0.0 100.0 0.0 0.0
MrBurns 2018 MAY 1 5 50 0.1 0.025 0.0 15383070.2000 169482.6 496111.4 0.0 0.0 3.625 20.525 57.2 0.0 0.0 100.0 0.0 0.0
MrBurns 2018 MAY 1 6 0 0.075 0.025 0.0 15287702.9000 170744.4 586241.1 0.0 0.0 363.5 32.25 115.125 0.075 0.075 99.475 0.4 0.0
MrBurns 2018 MAY 1 6 10 0.1 0.0 0.0 15149124.3000 172523.1 718282.7 0.0 0.0 4.275 20.375 56.425 0.0 0.0 100.0 0.0 0.0
MrBurns 2018 MAY 1 6 20 0.075 0.0 0.0 15148567.2000 173048.2 718307.7 0.0 0.0 3.45 20.5 55.85 0.0 0.0 100.0 0.0 0.0
MrBurns 2018 MAY 1 6 30 0.175 0.0 0.0 15147965.3000 173423.6 718327.8 0.0 0.0 3.35 20.075 54.375 0.0 0.0 100.0 0.0 0.0
MrBurns 2018 MAY 1 6 40 0.075 0.0 0.0 15147538.2000 173896.8 718345.2 0.0 0.0 3.7 20.575 57.075 0.0 0.0 100.0 0.0 0.0
MrBurns 2018 MAY 1 6 50 0.175 0.0 0.0 15147024.3000 174355.9 718366.9 0.0 0.0 3.325 19.975 54.45 0.0 0.0 100.0 0.0 0.0
MrBurns 2018 MAY 1 7 0 0.0 0.0 0.0 15146647.4000 174687.4 718389.9 0.0 0.0 3.3 20.5 56.5 0.0 0.0 100.0 0.0 0.0
MrBurns 2018 MAY 1 7 10 0.075 0.0 0.0 15146452.5000 175172.3 718406.2 0.0 0.0 3.7 20.55 55.75 0.0 0.0 100.0 0.0 0.0
MrBurns 2018 MAY 1 7 20 0.225 0.0 0.0 15145548.3000 175622.0 718426.3 0.0 0.0 3.275 20.775 57.175 0.0 0.0 100.0 0.0 0.0
MrBurns 2018 MAY 1 7 30 0.15 0.0 0.0 15145531.7000 175991.4 718447.7 0.0 0.0 3.625 20.225 55.5 0.0 0.0 100.0 0.0 0.0
MrBurns 2018 MAY 1 7 40 0.125 0.0 0.0 15144989.7000 176538.2 718466.5 0.0 0.0 3.45 20.55 56.775 0.0 0.0 100.0 0.0 0.0
MrBurns 2018 MAY 1 7 50 0.1 0.0 0.0 15144160.2000 176916.0 718488.4 0.0 0.0 3.3 19.95 53.475 0.0 0.0 100.0 0.0 0.0
MrBurns 2018 MAY 1 8 0 0.15 0.0 0.0 15143811.3000 177275.9 718507.3 0.0 0.0 3.525 20.75 57.325 0.0 0.0 100.0 0.0 0.0
MrBurns 2018 MAY 1 8 10 0.1 0.0 0.0 15143403.5000 177820.7 718525.4 0.0 0.0 3.65 20.325 55.75 0.0 0.0 100.0 0.0 0.0
MrBurns 2018 MAY 1 8 20 0.175 0.0 0.0 15142705.9000 178187.5 718549.2 0.0 0.0 3.2 20.475 56.35 0.0 0.0 100.0 0.0 0.0
MrBurns 2018 MAY 1 8 30 0.1 0.0 0.0 15142526.5000 178576.0 718568.2 0.0 0.0 3.7 20.175 55.825 0.0 0.0 100.0 0.0 0.0
MrBurns 2018 MAY 1 8 40 0.05 0.0 0.0 15141836.2000 179112.0 718585.0 0.0 0.0 3.5 20.7 56.825 0.0 0.0 100.0 0.0 0.0
MrBurns 2018 MAY 1 8 50 0.1 0.0 0.0 15141320.7000 179461.3 718607.8 0.0 0.0 3.25 19.975 55.225 0.0 0.0 100.0 0.0 0.0
MrBurns 2018 MAY 1 9 0 0.1 0.0 0.0 15140928.7000 179889.1 718627.9 0.0 0.0 3.65 20.7 57.5 0.0 0.0 100.0 0.0 0.0
MrBurns 2018 MAY 1 9 10 0.075 0.0 0.0 15140341.1000 180427.4 718647.2 0.0 0.0 3.4 20.45 56.45 0.0 0.0 100.0 0.0 0.0
MrBurns 2018 MAY 1 9 20 0.1 0.0 0.0 15139729.8000 180823.9 718667.6 0.0 0.0 3.325 20.6 57.05 0.0 0.0 100.0 0.0 0.0
MrBurns 2018 MAY 1 9 30 0.2 0.05 0.0 15139434.6000 181233.7 718686.2 0.0 0.0 3.7 20.375 56.275 0.0 0.0 100.0 0.0 0.0
MrBurns 2018 MAY 1 9 40 0.125 0.075 0.0 15138860.0000 181723.6 718707.5 0.0 0.0 3.25 20.575 56.625 0.0 0.0 100.0 0.0 0.0
MrBurns 2018 MAY 1 9 50 0.025 0.0 0.0 15138585.8000 182048.0 718727.2 0.0 0.0 3.125 20.0 55.35 0.0 0.0 100.0 0.0 0.0
MrBurns 2018 MAY 1 10 0 0.2 0.0 0.0 15138067.2000 182476.8 718743.8 0.0 0.0 3.825 20.775 57.8 0.0 0.0 100.0 0.0 0.0
MrBurns 2018 MAY 1 10 10 0.2 0.0 0.0 15137404.9000 182993.0 718767.0 0.0 0.0 3.35 20.35 56.175 0.0 0.0 100.0 0.0 0.0
MrBurns 2018 MAY 1 10 20 0.075 0.0 0.0 15137149.7000 183325.2 718788.1 0.0 0.0 3.125 20.725 56.525 0.0 0.0 100.0 0.0 0.0
MrBurns 2018 MAY 1 10 30 0.1 0.0 0.0 15136810.6000 183768.1 718804.5 0.0 0.0 3.625 20.55 56.9 0.0 0.0 100.0 0.0 0.0
MrBurns 2018 MAY 1 10 40 0.175 0.0 0.0 15136138.0000 184249.9 718827.2 0.0 0.0 3.3 20.7 56.95 0.0 0.0 100.0 0.0 0.0
MrBurns 2018 MAY 1 10 50 0.1 0.0 0.0 15135881.4000 184574.1 718846.6 0.0 0.0 3.25 20.45 56.25 0.0 0.0 100.0 0.0 0.0
MrBurns 2018 MAY 1 11 0 0.175 0.0 0.0 15135330.4000 185061.2 718865.3 0.0 0.0 3.6 20.9 57.875 0.0 0.0 100.0 0.0 0.0
MrBurns 2018 MAY 1 11 10 0.125 0.0 0.0 15134795.1000 185500.0 718887.4 0.0 0.0 3.25 20.2 55.075 0.0 0.0 100.0 0.0 0.0
MrBurns 2018 MAY 1 11 20 0.1 0.0 0.0 15134377.6000 185827.1 718904.8 0.0 0.0 3.275 20.775 57.325 0.0 0.0 100.0 0.0 0.0
MrBurns 2018 MAY 1 11 30 0.15 0.0 0.0 15133961.7000 186325.9 718923.9 0.0 0.0 3.75 20.6 56.525 0.0 0.0 100.0 0.0 0.0
MrBurns 2018 MAY 1 11 40 0.075 0.0 0.0 15133275.0000 186744.0 718946.7 0.0 0.0 3.1 20.625 56.875 0.0 0.0 100.0 0.0 0.0
MrBurns 2018 MAY 1 11 50 0.1 0.0 0.0 15133029.9000 187078.9 718964.8 0.0 0.0 3.125 20.325 56.175 0.0 0.0 100.0 0.0 0.0
MrBurns 2018 MAY 1 12 0 0.125 0.025 0.0 15132426.3000 187603.7 718984.6 0.0 0.0 3.725 21.275 58.075 0.0 0.0 100.0 0.0 0.0
MrBurns 2018 MAY 1 12 10 0.05 0.0 0.0 15132006.3000 188014.8 719006.0 0.0 0.0 3.25 20.25 55.45 0.0 0.0 100.0 0.0 0.0
MrBurns 2018 MAY 1 12 20 0.05 0.025 0.0 15131621.3000 188366.7 719025.5 0.0 0.0 3.4 20.85 57.45 0.0 0.0 100.0 0.0 0.0
MrBurns 2018 MAY 1 12 30 0.125 0.0 0.0 15131341.8000 188878.8 719046.0 0.0 0.0 3.825 20.525 56.675 0.0 0.0 100.0 0.0 0.0
MrBurns 2018 MAY 1 12 40 0.15 0.0 0.0 15130636.1000 189276.0 719063.8 0.0 0.0 3.175 20.55 56.75 0.0 0.0 100.0 0.0 0.0
MrBurns 2018 MAY 1 12 50 0.175 0.0 0.0 15130370.2000 189667.5 719083.7 0.0 0.0 3.6 20.55 56.325 0.0 0.0 100.0 0.0 0.0
MrBurns 2018 MAY 1 13 0 0.175 0.0 0.0 15130019.6000 190209.5 719103.8 0.0 0.0 3.35 20.375 57.325 0.0 0.0 100.0 0.0 0.0
MrBurns 2018 MAY 1 13 10 0.125 0.0 0.0 15129454.8000 190553.9 719124.0 0.0 0.0 3.175 19.9 55.3 0.0 0.0 100.0 0.0 0.0
MrBurns 2018 MAY 1 13 20 0.175 0.0 0.0 15128870.7000 190984.6 719142.4 0.0 0.0 3.675 20.625 57.75 0.0 0.0 100.0 0.0 0.0
MrBurns 2018 MAY 1 13 30 0.125 0.0 0.0 15128374.5000 191527.5 719164.0 0.0 0.0 3.475 20.025 56.2 0.0 0.0 100.0 0.0 0.0
MrBurns 2018 MAY 1 13 40 0.15 0.0 0.0 15127790.7000 191921.1 719184.8 0.0 0.0 3.05 20.175 56.55 0.0 0.0 100.0 0.0 0.0
MrBurns 2018 MAY 1 13 50 0.125 0.0 0.0 15127421.8000 192372.5 719204.4 0.0 0.0 3.8 20.25 56.65 0.0 0.0 100.0 0.0 0.0
MrBurns 2018 MAY 1 14 0 0.1 0.025 0.0 15126863.5000 192870.9 719223.6 0.0 0.0 3.2 20.5 57.75 0.0 0.0 100.0 0.0 0.0
MrBurns 2018 MAY 1 14 10 0.125 0.0 0.0 15126334.7000 193207.0 719243.6 0.0 0.0 3.225 19.975 55.625 0.0 0.0 100.0 0.0 0.0
MrBurns 2018 MAY 1 14 20 0.1 0.0 0.0 15125842.3000 193682.4 719265.4 0.0 0.0 3.925 20.725 58.25 0.0 0.0 100.0 0.0 0.0
MrBurns 2018 MAY 1 14 30 0.025 0.0 0.0 15125321.3000 194157.5 719283.9 0.0 0.0 3.1 20.075 55.85 0.0 0.0 100.0 0.0 0.0
MrBurns 2018 MAY 1 14 40 0.075 0.0 0.0 15124887.2000 194487.8 719303.6 0.0 0.0 3.25 20.5 57.3 0.0 0.0 100.0 0.0 0.0
MrBurns 2018 MAY 1 14 50 0.15 0.0 0.0 15124756.3000 194997.2 719323.4 0.0 0.0 3.8 20.3 56.575 0.0 0.0 100.0 0.0 0.0
MrBurns 2018 MAY 1 15 0 0.125 0.0 0.0 15123910.4000 195439.5 719344.2 0.0 0.0 3.075 20.45 56.675 0.0 0.0 100.0 0.0 0.0
MrBurns 2018 MAY 1 15 10 0.15 0.0 0.0 15123677.7000 195763.7 719363.9 0.0 0.0 3.075 20.15 55.275 0.0 0.0 100.0 0.0 0.0
MrBurns 2018 MAY 1 15 20 0.075 0.05 0.0 15122948.7000 196257.2 719381.7 0.0 0.0 3.775 20.9 57.6 0.0 0.0 100.0 0.0 0.0
MrBurns 2018 MAY 1 15 30 0.1 0.0 0.0 15122555.1000 196692.4 719403.6 0.0 0.0 3.35 20.3 55.7 0.0 0.0 100.0 0.0 0.0
MrBurns 2018 MAY 1 15 40 0.125 0.0 0.0 15122124.3000 197072.3 719426.0 0.0 0.0 3.275 20.6 56.95 0.0 0.0 100.0 0.0 0.0
MrBurns 2018 MAY 1 15 50 0.15 0.0 0.0 15121573.5000 197577.8 719442.3 0.0 0.0 3.55 20.45 56.25 0.0 0.0 100.0 0.0 0.0
MrBurns 2018 MAY 1 16 0 0.075 0.0 0.0 15121116.4000 197968.0 719464.3 0.0 0.0 3.075 20.475 56.525 0.0 0.0 100.0 0.0 0.0
MrBurns 2018 MAY 1 16 10 0.15 0.0 0.0 15120704.4000 198305.5 719485.7 0.0 0.0 3.45 20.325 56.075 0.0 0.0 100.0 0.0 0.0
MrBurns 2018 MAY 1 16 20 0.1 0.0 0.0 15119972.8000 198837.4 719503.5 0.0 0.0 3.65 20.9 57.8 0.0 0.0 100.0 0.0 0.0
MrBurns 2018 MAY 1 16 30 0.125 0.0 0.0 15119717.0000 199208.7 719524.3 0.0 0.0 3.025 20.175 55.75 0.0 0.0 100.0 0.0 0.0
MrBurns 2018 MAY 1 16 40 0.15 0.0 0.0 15119243.6000 199574.4 719544.0 0.0 0.0 3.375 20.975 57.775 0.0 0.0 100.0 0.0 0.0
MrBurns 2018 MAY 1 16 50 0.2 0.0 0.0 15118512.8000 200108.1 719561.9 0.0 0.0 3.525 20.35 55.975 0.0 0.0 100.0 0.0 0.0
MrBurns 2018 MAY 1 17 0 0.075 0.0 0.0 15118119.3000 200468.3 719585.5 0.0 0.0 3.075 20.55 56.725 0.0 0.0 100.0 0.0 0.0
MrBurns 2018 MAY 1 17 10 0.2 0.0 0.0 15117734.0000 200855.7 719604.3 0.0 0.0 3.475 20.45 56.4 0.0 0.0 100.0 0.0 0.0
MrBurns 2018 MAY 1 17 20 0.15 0.025 0.0 15117340.1000 201388.2 719621.2 0.0 0.0 3.475 20.8 57.325 0.0 0.0 100.0 0.0 0.0
MrBurns 2018 MAY 1 17 30 0.125 0.0 0.0 15116808.2000 201721.7 719645.4 0.0 0.0 3.3 20.05 55.1 0.0 0.0 100.0 0.0 0.0
MrBurns 2018 MAY 1 17 40 0.125 0.0 0.0 15116434.2000 202073.6 719665.3 0.0 0.0 3.475 20.75 57.4 0.0 0.0 100.0 0.0 0.0
MrBurns 2018 MAY 1 17 50 0.1 0.0 0.0 15115830.2000 202573.7 719683.7 0.0 0.0 3.3 20.2 56.05 0.0 0.0 100.0 0.0 0.0
MrBurns 2018 MAY 1 18 0 0.05 0.0 0.0 15115368.9000 202878.1 719703.0 0.0 0.0 3.05 20.525 57.075 0.0 0.0 100.0 0.0 0.0
MrBurns 2018 MAY 1 18 10 0.1 0.0 0.0 15115216.8000 203264.0 719721.5 0.0 0.0 3.85 20.4 56.175 0.0 0.0 100.0 0.0 0.0
MrBurns 2018 MAY 1 18 20 0.125 0.0 0.0 15114776.5000 203622.2 719745.0 0.0 0.0 3.725 20.65 56.975 0.0 0.0 100.0 0.0 0.0
MrBurns 2018 MAY 1 18 30 0.075 0.0 0.0 15114549.3000 203889.9 719763.6 0.0 0.0 3.525 20.15 55.875 0.0 0.0 100.0 0.0 0.0
MrBurns 2018 MAY 1 18 40 0.1 0.025 0.0 15114145.7000 204309.2 719780.8 0.0 0.0 3.9 20.775 57.55 0.0 0.0 100.0 0.0 0.0
MrBurns 2018 MAY 1 18 50 0.075 0.0 0.0 15113574.4000 204689.8 719804.2 0.0 0.0 3.15 20.025 55.0 0.0 0.0 100.0 0.0 0.0
MrBurns 2018 MAY 1 19 0 0.1 0.0 0.0 15113460.1000 204930.5 719824.9 0.0 0.0 3.35 20.75 57.325 0.0 0.0 100.0 0.0 0.0
MrBurns 2018 MAY 1 19 10 0.175 0.0 0.0 15113023.7000 205254.5 719843.1 0.0 0.0 3.725 20.325 56.1 0.0 0.0 100.0 0.0 0.0
MrBurns 2018 MAY 1 19 20 0.15 0.0 0.0 15112601.9000 205561.7 719862.7 0.0 0.0 3.5 20.45 56.325 0.0 0.0 100.0 0.0 0.0
MrBurns 2018 MAY 1 19 30 0.2 0.0 0.0 15112465.6000 205833.9 719880.7 0.0 0.0 3.7 20.375 56.1 0.0 0.0 100.0 0.0 0.0
MrBurns 2018 MAY 1 19 40 0.1 0.025 0.0 15111893.2000 206214.0 719900.7 0.0 0.0 3.675 20.65 57.175 0.0 0.0 100.0 0.0 0.0
MrBurns 2018 MAY 1 19 50 0.225 0.0 0.0 15111562.2000 206480.1 719920.5 0.0 0.0 3.075 20.15 55.175 0.0 0.0 100.0 0.0 0.0
MrBurns 2018 MAY 1 20 0 0.05 0.025 0.0 15111365.6000 206711.8 719938.7 0.0 0.0 3.6 20.775 57.45 0.0 0.0 100.0 0.0 0.0
MrBurns 2018 MAY 1 20 10 0.075 0.025 0.0 15110992.2000 207035.0 719960.3 0.0 0.0 3.7 20.375 56.05 0.0 0.0 100.0 0.0 0.0
MrBurns 2018 MAY 1 20 20 0.1 0.0 0.0 15110573.1000 207320.3 719981.2 0.0 0.0 3.35 20.475 56.45 0.0 0.0 100.0 0.0 0.0
MrBurns 2018 MAY 1 20 30 0.125 0.0 0.0 15110528.5000 207543.8 719999.5 0.0 0.0 3.55 20.375 56.225 0.0 0.0 100.0 0.0 0.0
MrBurns 2018 MAY 1 20 40 0.2 0.0 0.0 15110039.2000 207894.5 720018.7 0.0 0.0 3.35 20.75 57.35 0.0 0.0 100.0 0.0 0.0
MrBurns 2018 MAY 1 20 50 0.1 0.0 0.0 15109672.7000 208158.0 720039.5 0.0 0.0 3.225 20.0 54.775 0.0 0.0 100.0 0.0 0.0
MrBurns 2018 MAY 1 21 0 0.125 0.0 0.0 15109134.2000 208414.6 720060.0 0.0 0.0 3.5 20.7 57.5 0.0 0.0 100.0 0.0 0.0
MrBurns 2018 MAY 1 21 10 0.225 0.0 0.0 15108839.9000 208752.1 720078.8 0.0 0.0 3.35 20.2 55.8 0.0 0.0 100.0 0.0 0.0
MrBurns 2018 MAY 1 21 20 0.15 0.0 0.0 15108477.9000 209058.0 720098.6 0.0 0.0 3.45 20.45 56.45 0.0 0.0 100.0 0.0 0.0
MrBurns 2018 MAY 1 21 30 0.1 0.0 0.0 15108251.0000 209399.7 720120.4 0.0 0.0 3.4 20.275 56.05 0.0 0.0 100.0 0.0 0.0
MrBurns 2018 MAY 1 21 40 0.1 0.0 0.0 15107664.1000 209876.6 720138.4 0.0 0.0 3.3 20.6 57.05 0.0 0.0 100.0 0.0 0.0
MrBurns 2018 MAY 1 21 50 0.1 0.0 0.0 15107494.5000 210179.5 720158.6 0.0 0.0 3.25 20.075 55.2 0.0 0.0 100.0 0.0 0.0
MrBurns 2018 MAY 1 22 0 0.125 0.0 0.0 15106816.8000 210514.5 720177.4 0.0 0.0 3.5 20.75 57.8 0.0 0.0 100.0 0.0 0.0
MrBurns 2018 MAY 1 22 10 0.175 0.0 0.0 15106307.8000 210966.3 720200.1 0.0 0.0 3.35 20.3 55.85 0.0 0.0 100.0 0.0 0.0
MrBurns 2018 MAY 1 22 20 0.05 0.0 0.0 15106029.2000 211268.0 720219.2 0.0 0.0 3.275 20.625 56.675 0.0 0.0 100.0 0.0 0.0
MrBurns 2018 MAY 1 22 30 0.125 0.0 0.0 15105716.4000 211647.6 720237.8 0.0 0.0 3.6 20.475 56.35 0.0 0.0 100.0 0.0 0.0
MrBurns 2018 MAY 1 22 40 0.075 0.0 0.0 15105190.2000 212110.3 720258.0 0.0 0.0 3.25 20.75 57.025 0.0 0.0 100.0 0.0 0.0
MrBurns 2018 MAY 1 22 50 0.225 0.0 0.0 15104815.7000 212413.6 720280.6 0.0 0.0 3.175 20.2 55.575 0.0 0.0 100.0 0.0 0.0
MrBurns 2018 MAY 1 23 0 0.0 0.0 0.0 15102698.6000 212848.5 720937.1 0.0 0.0 4.875 21.625 59.75 0.0 0.0 100.0 0.0 0.0
MrBurns 2018 MAY 1 23 10 0.2 0.0 0.0 15102294.9000 213250.6 721007.1 0.0 0.0 3.125 20.275 55.725 0.0 0.0 100.0 0.0 0.0
MrBurns 2018 MAY 1 23 20 0.05 0.0 0.0 15102120.0000 213547.7 721026.2 0.0 0.0 3.35 20.9 57.475 0.0 0.0 100.0 0.0 0.0
MrBurns 2018 MAY 1 23 30 0.125 0.0 0.0 15101671.9000 213996.1 721047.5 0.0 0.0 3.725 20.325 56.175 0.0 0.0 100.0 0.0 0.0
MrBurns 2018 MAY 1 23 40 0.05 0.0 0.0 15101050.9000 214337.1 721067.4 0.0 0.0 3.15 20.45 56.375 0.0 0.0 100.0 0.0 0.0
