neo-slayer 2018 MAY 2 0 0 0.1282051282051282 0.02564102564102564 0.0 1689298.6667 220032.5128205128 44723.794871794875 0.0 0.0 9.282051282051283 39.82051282051282 57.12820512820513 0.0 0.0 99.92307692307692 0.0 0.0
neo-slayer 2018 MAY 2 0 10 0.075 0.0 0.0 1688458.8000 220495.3 44757.3 0.0 0.0 9.5 41.525 55.925 0.0 0.0 99.875 0.025 0.0
neo-slayer 2018 MAY 2 0 20 0.05 0.0 0.0 1688088.6000 221004.3 44791.5 0.0 0.0 9.1 43.15 55.525 0.025 0.0 99.8 0.0 0.0
neo-slayer 2018 MAY 2 0 30 0.025 0.0 0.0 1686930.0000 221673.7 45226.5 0.0 0.0 11.5 43.325 56.975 0.025 0.0 99.825 0.1 0.0
neo-slayer 2018 MAY 2 0 40 0.075 0.0 0.0 1686263.0000 222211.6 45276.4 0.0 0.0 8.525 39.4 54.075 0.0 0.0 99.95 0.0 0.0
neo-slayer 2018 MAY 2 0 50 0.05 0.0 0.0 1685566.1000 222701.2 45302.0 0.0 0.0 10.0 40.85 55.875 0.0 0.0 99.9 0.0 0.0
neo-slayer 2018 MAY 2 1 0 0.05 0.0 0.0 1685158.1000 223211.4 45328.2 0.0 0.0 8.95 39.875 54.275 0.0 0.0 99.925 0.0 0.0
neo-slayer 2018 MAY 2 1 10 0.025 0.025 0.0 1684612.2000 223751.3 45355.5 0.0 0.0 8.95 39.175 54.125 0.0 0.0 100.0 0.0 0.0
neo-slayer 2018 MAY 2 1 20 0.075 0.0 0.0 1684318.4000 224160.5 45388.0 0.0 0.0 8.875 38.0 53.25 0.0 0.0 99.9 0.0 0.0
neo-slayer 2018 MAY 2 1 30 0.025 0.0 0.0 1683857.4000 224552.0 45415.9 0.0 0.0 9.05 39.9 55.75 0.0 0.0 99.95 0.0 0.0
neo-slayer 2018 MAY 2 1 40 0.05 0.025 0.0 1683433.3000 224922.7 45438.2 0.0 0.0 8.7 38.2 53.675 0.0 0.0 99.975 0.0 0.0
neo-slayer 2018 MAY 2 1 50 0.05 0.0 0.0 1683050.9000 225337.5 45470.4 0.0 0.0 10.2 40.425 56.225 0.0 0.0 99.8 0.0 0.0
neo-slayer 2018 MAY 2 2 0 0.075 0.0 0.0 1682643.3000 225746.5 45496.1 0.0 0.0 8.95 39.375 54.1 0.0 0.0 99.9 0.0 0.0
neo-slayer 2018 MAY 2 2 10 0.025 0.0 0.0 1682114.3000 226183.3 45522.5 0.0 0.0 8.9 40.175 55.725 0.0 0.0 99.975 0.0 0.0
neo-slayer 2018 MAY 2 2 20 0.15 0.025 0.0 1681694.8000 226587.6 45555.2 0.0 0.0 9.05 39.7 54.3 0.0 0.0 99.85 0.0 0.0
neo-slayer 2018 MAY 2 2 30 0.025 0.0 0.0 1681059.6000 227004.4 45587.6 0.0 0.0 9.075 41.125 56.925 0.05 0.0 99.925 0.0 0.0
neo-slayer 2018 MAY 2 2 40 0.05 0.025 0.0 1680770.4000 227352.3 45616.4 0.0 0.0 8.675 39.725 53.45 0.0 0.0 99.95 0.0 0.0
neo-slayer 2018 MAY 2 2 50 0.025 0.0 0.0 1680293.3000 227734.4 45642.5 0.0 0.0 10.125 40.525 55.275 0.0 0.0 99.825 0.0 0.0
neo-slayer 2018 MAY 2 3 0 0.025 0.0 0.0 1679968.9000 228198.1 45672.6 0.0 0.0 9.025 40.575 56.6 0.0 0.0 99.9 0.0 0.0
neo-slayer 2018 MAY 2 3 10 0.025 0.025 0.0 1679178.8000 228624.2 45701.4 0.0 0.0 8.825 40.05 54.475 0.0 0.0 99.95 0.0 0.0
neo-slayer 2018 MAY 2 3 20 0.025 0.0 0.0 1679160.2000 228968.8 45727.9 0.0 0.0 8.975 39.875 54.325 0.0 0.0 99.9 0.0 0.0
neo-slayer 2018 MAY 2 3 30 0.0 0.0 0.0 1678431.1000 229308.0 45768.4 0.0 0.0 9.3 47.7 58.325 0.025 0.0 99.825 0.0 0.0
neo-slayer 2018 MAY 2 3 40 0.025 0.0 0.0 1678413.5000 229642.7 45797.0 0.0 0.0 8.625 61.725 55.175 0.0 0.0 100.0 0.0 0.0
neo-slayer 2018 MAY 2 3 50 0.025 0.0 0.0 1678046.4000 230001.9 45825.5 0.0 0.0 10.1 39.775 54.5 0.0 0.0 99.825 0.025 0.0
neo-slayer 2018 MAY 2 4 0 0.025 0.0 0.0 1677745.6000 230332.5 45848.5 0.0 0.0 8.775 38.475 53.475 0.0 0.0 100.0 0.0 0.0
neo-slayer 2018 MAY 2 4 10 0.025 0.0 0.0 1677276.4000 230731.5 45876.3 0.0 0.0 8.9 39.4 55.7 0.0 0.0 99.975 0.0 0.0
neo-slayer 2018 MAY 2 4 20 0.05 0.0 0.0 1676853.0000 231165.5 45906.4 0.0 0.0 8.875 37.975 54.25 0.0 0.0 99.875 0.0 0.0
neo-slayer 2018 MAY 2 4 30 0.0 0.0 0.0 1676433.6000 231549.5 45936.2 0.0 0.0 9.4 40.975 55.275 0.0 0.0 99.875 0.0 0.0
neo-slayer 2018 MAY 2 4 40 0.025 0.0 0.0 1676039.4000 231922.2 45964.0 0.0 0.0 9.05 38.75 54.025 0.0 0.0 100.0 0.0 0.0
neo-slayer 2018 MAY 2 4 50 0.05 0.025 0.0 1675678.2000 232234.8 45994.1 0.0 0.0 10.425 40.125 54.775 0.0 0.0 99.675 0.0 0.0
neo-slayer 2018 MAY 2 5 0 0.025 0.0 0.0 1675247.5000 232639.5 46019.5 0.0 0.0 9.125 39.525 53.7 0.0 0.0 99.75 0.0 0.0
neo-slayer 2018 MAY 2 5 10 0.0 0.0 0.0 1674665.4000 233080.4 46043.6 0.0 0.0 8.85 39.875 55.275 0.0 0.0 99.9 0.0 0.0
neo-slayer 2018 MAY 2 5 20 0.025 0.0 0.0 1674180.5000 233496.0 46069.3 0.0 0.0 9.375 40.625 54.35 0.0 0.0 99.725 0.05 0.0
neo-slayer 2018 MAY 2 5 30 0.0 0.0 0.0 1673544.3000 233911.4 46105.9 0.0 0.0 9.775 41.175 55.6 0.0 0.0 99.825 0.0 0.0
neo-slayer 2018 MAY 2 5 40 0.025 0.0 0.0 1673243.3000 234292.3 46134.3 0.0 0.0 9.0 39.925 54.65 0.0 0.0 99.825 0.0 0.0
neo-slayer 2018 MAY 2 5 50 0.05 0.025 0.0 1672809.6000 234672.4 46157.9 0.0 0.0 9.275 39.925 54.6 0.0 0.0 99.75 0.0 0.0
neo-slayer 2018 MAY 2 6 0 0.025 0.0 0.0 1672524.9000 235038.1 46189.9 0.0 0.0 10.275 39.825 54.25 0.0 0.0 99.8 0.0 0.0
neo-slayer 2018 MAY 2 6 10 0.0 0.0 0.0 1672125.1000 235308.2 46215.5 0.0 0.0 9.225 41.775 56.75 0.0 0.0 99.825 0.0 0.0
neo-slayer 2018 MAY 2 6 20 0.025 0.0 0.0 1651537.8000 235570.8 61738.5 0.0 0.0 18.025 46.425 59.975 0.025 0.025 99.5 0.25 0.0
neo-slayer 2018 MAY 2 6 30 0.0 0.0 0.0 1879898.1000 34074.7 45471.2 0.0 0.0 9.875 39.7 58.05 0.025 0.0 99.8 0.05 0.0
neo-slayer 2018 MAY 2 6 40 0.0 0.0 0.0 1906314.6000 12791.4 41589.5 0.0 0.0 9.525 44.25 58.55 0.025 0.0 99.725 0.05 0.0
neo-slayer 2018 MAY 2 6 50 0.075 0.0 0.0 1904813.2000 13918.0 41623.7 0.0 0.0 9.525 42.75 58.2 0.0 0.0 99.75 0.05 0.0
neo-slayer 2018 MAY 2 7 0 0.025 0.0 0.0 1903689.4000 15039.4 41655.8 0.0 0.0 10.3 1114.925 58.775 0.0 0.0 99.6 0.075 0.0
neo-slayer 2018 MAY 2 7 10 0.025 0.0 0.0 1902233.0000 16180.2 41702.0 0.0 0.0 10.8 679.7 57.975 0.0 0.0 99.55 0.075 0.0
neo-slayer 2018 MAY 2 7 20 0.025 0.0 0.0 1900938.9000 17317.4 41754.0 0.0 0.0 11.075 54.7 58.675 0.0 0.0 99.675 0.025 0.0
neo-slayer 2018 MAY 2 7 30 0.025 0.0 0.0 1899442.4000 18449.8 41795.6 0.0 0.0 9.75 46.975 58.225 0.025 0.0 99.7 0.0 0.0
neo-slayer 2018 MAY 2 7 40 0.0 0.0 0.0 1898124.4000 19589.4 41838.1 0.0 0.0 9.9 91.125 59.35 0.0 0.0 99.725 0.0 0.0
neo-slayer 2018 MAY 2 7 50 0.075 0.025 0.0 1897060.4000 20722.2 41888.1 0.0 0.0 9.725 46.625 57.25 0.0 0.0 99.875 0.025 0.0
neo-slayer 2018 MAY 2 8 0 0.0 0.0 0.0 1895889.5000 21861.4 41928.7 0.0 0.0 9.8 43.525 54.75 0.0 0.0 99.825 0.0 0.0
neo-slayer 2018 MAY 2 8 10 0.025 0.0 0.0 1894302.3000 23006.3 41973.3 0.0 0.0 9.875 45.525 56.25 0.0 0.0 99.55 0.05 0.0
neo-slayer 2018 MAY 2 8 20 0.05 0.025 0.0 1893112.3000 24241.6 42021.6 0.0 0.0 11.375 1324.975 57.0 0.025 0.0 99.525 0.05 0.0
neo-slayer 2018 MAY 2 8 30 0.025 0.0 0.0 1891754.9000 25385.8 42067.4 0.0 0.0 10.075 775.9 55.525 0.0 0.0 99.475 0.0 0.0
neo-slayer 2018 MAY 2 8 40 0.0 0.0 0.0 1890701.9000 26612.0 42116.7 0.0 0.0 10.075 562.7 55.2 0.0 0.0 99.425 0.025 0.0
neo-slayer 2018 MAY 2 8 50 0.05 0.025 0.0 1889405.5000 27795.8 42164.8 0.0 0.0 10.85 59.075 54.9 0.0 0.0 99.425 0.125 0.0
neo-slayer 2018 MAY 2 9 0 0.0 0.0 0.0 1887071.1000 28951.8 42512.8 0.0 0.0 11.0 263.2 61.8 0.05 0.0 99.4 0.1 0.0
neo-slayer 2018 MAY 2 9 10 0.05 0.0 0.0 1880902.7000 30120.0 47771.1 0.0 0.0 10.5 382.125 114.45 0.0 0.0 99.025 0.075 0.0
neo-slayer 2018 MAY 2 9 20 0.025 0.025 0.0 1879885.6000 31273.2 47820.3 0.0 0.0 11.325 151.925 77.15 0.0 0.0 99.35 0.05 0.0
neo-slayer 2018 MAY 2 9 30 0.025 0.0 0.0 1878604.9000 32428.0 47870.2 0.0 0.0 10.625 175.675 56.375 0.0 0.0 99.175 0.075 0.0
neo-slayer 2018 MAY 2 9 40 0.0 0.0 0.0 1877361.9000 33579.6 47929.0 0.0 0.0 10.65 507.925 57.575 0.0 0.0 99.225 0.025 0.0
neo-slayer 2018 MAY 2 9 50 0.05 0.025 0.0 1875915.2000 34720.6 47999.7 0.0 0.0 10.875 105.775 56.475 0.0 0.0 99.1 0.025 0.0
neo-slayer 2018 MAY 2 10 0 0.0 0.0 0.0 1874500.2000 35873.4 48060.2 0.0 0.0 10.45 1542.15 57.75 0.025 0.0 99.375 0.0 0.0
neo-slayer 2018 MAY 2 10 10 0.025 0.0 0.0 1873392.5000 37034.6 48122.1 0.0 0.0 11.125 1371.375 55.225 0.0 0.0 99.425 0.1 0.0
neo-slayer 2018 MAY 2 10 20 0.025 0.0 0.0 1872087.3000 38282.4 48179.4 0.0 0.0 10.575 692.075 55.6 0.0 0.0 99.7 0.05 0.0
neo-slayer 2018 MAY 2 10 30 0.025 0.0 0.0 1870672.9000 39496.2 48230.7 0.0 0.0 12.15 711.275 55.95 0.025 0.0 99.425 0.1 0.0
neo-slayer 2018 MAY 2 10 40 0.0 0.0 0.0 1869489.1000 40634.3 48296.6 0.0 0.0 11.625 1002.425 56.75 0.0 0.0 99.3 0.025 0.0
neo-slayer 2018 MAY 2 10 50 0.05 0.05 0.0 1868249.2000 41652.1 48369.0 0.0 0.0 11.4 476.525 55.375 0.0 0.0 99.35 0.0 0.0
neo-slayer 2018 MAY 2 11 0 0.025 0.0 0.0 1866978.3000 42607.4 48442.1 0.0 0.0 11.6 392.2 58.225 0.025 0.0 99.475 0.075 0.0
neo-slayer 2018 MAY 2 11 10 0.05 0.0 0.0 1866200.9000 43552.1 48510.9 0.0 0.0 11.4 1381.2 57.275 0.0 0.0 99.375 0.1 0.0
neo-slayer 2018 MAY 2 11 20 0.0 0.0 0.0 1865057.1000 44519.2 48580.2 0.0 0.0 11.65 220.925 56.175 0.0 0.0 99.425 0.05 0.0
neo-slayer 2018 MAY 2 11 30 0.05 0.0 0.0 1863829.5000 45517.0 48639.2 0.0 0.0 11.875 216.825 55.1 0.0 0.0 99.525 0.05 0.0
neo-slayer 2018 MAY 2 11 40 0.0 0.0 0.0 1862587.1000 46512.6 48689.4 0.0 0.0 10.525 270.225 56.45 0.025 0.0 99.425 0.05 0.0
neo-slayer 2018 MAY 2 11 50 0.025 0.0 0.0 1861631.6000 47477.4 48757.8 0.0 0.0 12.25 5138.75 60.375 0.0 0.0 99.3 0.15 0.0
neo-slayer 2018 MAY 2 12 0 0.0 0.0 0.0 1859725.7000 48556.0 48981.7 0.0 0.0 12.825 380.0 61.275 0.0 0.0 99.225 0.1 0.0
neo-slayer 2018 MAY 2 12 10 0.025 0.0 0.0 1858795.5000 49564.4 49232.9 0.0 0.0 11.625 253.45 60.95 0.0 0.0 99.45 0.05 0.0
neo-slayer 2018 MAY 2 12 20 0.0 0.025 0.0 1857889.6000 50496.5 49464.7 0.0 0.0 11.775 699.625 60.55 0.0 0.0 99.3 0.05 0.0
neo-slayer 2018 MAY 2 12 30 0.025 0.0 0.0 1856417.8000 51508.4 49693.5 0.0 0.0 12.7 2693.75 60.2 0.0 0.0 99.35 0.125 0.0
neo-slayer 2018 MAY 2 12 40 0.0 0.025 0.0 1855323.8000 52500.3 49933.7 0.0 0.0 12.4 75.375 60.775 0.0 0.0 99.425 0.075 0.0
neo-slayer 2018 MAY 2 12 50 0.025 0.0 0.0 1853805.3000 53752.0 50186.8 0.0 0.0 15.625 603.25 64.3 0.025 0.0 99.1 0.375 0.0
neo-slayer 2018 MAY 2 13 0 0.025 0.05 0.0 1852339.4000 55171.2 50318.2 0.0 0.0 11.4 352.975 59.475 0.0 0.0 99.6 0.15 0.0
neo-slayer 2018 MAY 2 13 10 0.05 0.025 0.0 1851244.3000 56129.5 50387.9 0.0 0.0 10.775 79.225 55.85 0.0 0.0 99.35 0.05 0.0
neo-slayer 2018 MAY 2 13 20 0.0 0.0 0.0 1849928.0000 57096.1 50459.4 0.0 0.0 11.075 169.775 57.775 0.0 0.0 99.3 0.075 0.0
neo-slayer 2018 MAY 2 13 30 0.075 0.0 0.0 1848991.3000 58108.3 50512.5 0.0 0.0 11.275 110.6 57.2 0.0 0.0 99.525 0.05 0.0
neo-slayer 2018 MAY 2 13 40 0.0 0.0 0.0 1848024.0000 59017.9 50563.9 0.0 0.0 11.65 108.225 60.275 0.0 0.0 99.35 0.1 0.0
neo-slayer 2018 MAY 2 13 50 0.45 0.0 0.0 1846781.2000 59989.6 50656.2 0.0 0.0 12.05 383.15 58.275 0.0 0.0 99.275 0.175 0.0
neo-slayer 2018 MAY 2 14 0 0.025 0.025 0.0 1845547.8000 61022.4 50766.0 0.0 0.0 12.175 1736.525 59.975 0.0 0.0 99.325 0.15 0.0
neo-slayer 2018 MAY 2 14 10 0.025 0.0 0.0 1844212.0000 61977.8 50863.2 0.0 0.0 11.15 1089.475 58.325 0.025 0.0 99.3 0.125 0.0
neo-slayer 2018 MAY 2 14 20 0.0 0.0 0.0 1843184.2000 62928.3 50965.2 0.0 0.0 11.35 1607.1 57.2 0.0 0.0 99.075 0.075 0.0
neo-slayer 2018 MAY 2 14 30 0.025 0.0 0.0 1841490.2000 63965.6 51115.7 0.0 0.0 13.675 7587.075 62.775 0.0 0.025 99.175 0.3 0.0
neo-slayer 2018 MAY 2 14 40 0.0 0.0 0.0 1839714.1000 64941.3 51370.2 0.0 0.0 12.825 804.075 64.075 0.025 0.0 99.175 0.25 0.0
neo-slayer 2018 MAY 2 14 50 0.025 0.0 0.0 1838736.0000 65807.7 51660.5 0.0 0.0 12.1 991.375 63.4 0.0 0.0 99.175 0.125 0.0
neo-slayer 2018 MAY 2 15 0 0.0 0.0 0.0 1837556.4000 66647.5 51965.8 0.0 0.0 12.55 725.45 63.775 0.0 0.0 99.225 0.05 0.0
neo-slayer 2018 MAY 2 15 10 0.025 0.0 0.0 1836359.9000 67519.2 52282.6 0.0 0.0 13.95 603.1 66.025 0.0 0.0 99.225 0.3 0.0
neo-slayer 2018 MAY 2 15 20 0.0 0.0 0.0 1834854.1000 68544.0 52773.1 0.0 0.0 12.325 397.175 68.675 0.0 0.0 99.25 0.125 0.0
neo-slayer 2018 MAY 2 15 30 0.025 0.0 0.0 1833538.9000 69268.8 53247.3 0.0 0.0 12.475 284.55 66.375 0.0 0.0 99.5 0.05 0.0
neo-slayer 2018 MAY 2 15 40 0.0 0.0 0.0 1832238.8000 70162.5 53693.3 0.0 0.0 12.625 435.65 68.4 0.0 0.0 99.275 0.15 0.0
neo-slayer 2018 MAY 2 15 50 0.025 0.05 0.0 1831016.2000 71061.3 54153.3 0.0 0.0 12.975 323.975 68.1 0.0 0.0 99.175 0.225 0.0
neo-slayer 2018 MAY 2 16 0 0.05 0.05 0.0 1829243.9000 72112.8 54549.4 0.0 0.0 13.4 458.75 65.95 0.025 0.0 99.225 0.275 0.0
neo-slayer 2018 MAY 2 16 10 0.025 0.0 0.0 1828314.1000 73061.6 54863.9 0.0 0.0 15.825 465.85 63.925 0.0 0.0 99.075 0.45 0.0
neo-slayer 2018 MAY 2 16 20 0.0 0.0 0.0 1826839.3000 74282.7 55060.1 0.0 0.0 12.375 457.125 59.475 0.0 0.0 99.25 0.2 0.0
neo-slayer 2018 MAY 2 16 30 0.025 0.05 0.0 1825808.0000 75079.4 55123.6 0.0 0.0 12.2 303.175 56.7 0.0 0.0 99.425 0.075 0.0
neo-slayer 2018 MAY 2 16 40 0.0 0.025 0.0 1825288.1000 75816.9 55172.7 0.0 0.0 11.525 1031.8 58.9 0.0 0.0 99.4 0.05 0.0
neo-slayer 2018 MAY 2 16 50 0.025 0.0 0.0 1824394.0000 76609.5 55255.3 0.0 0.0 11.0 256.65 58.45 0.0 0.0 99.375 0.075 0.0
neo-slayer 2018 MAY 2 17 0 0.025 0.0 0.0 1823313.9000 77444.7 55329.3 0.0 0.0 11.325 90.95 57.725 0.025 0.0 99.325 0.05 0.0
neo-slayer 2018 MAY 2 17 10 0.025 0.0 0.0 1822329.4000 78289.4 55419.0 0.0 0.0 11.225 91.55 56.775 0.025 0.0 99.35 0.025 0.0
neo-slayer 2018 MAY 2 17 20 0.0 0.0 0.0 1821444.0000 79142.0 55499.9 0.0 0.0 11.275 81.85 56.5 0.0 0.0 99.45 0.1 0.0
neo-slayer 2018 MAY 2 17 30 0.05 0.0 0.0 1820258.5000 79987.8 55557.5 0.0 0.0 12.175 93.825 56.475 0.025 0.0 99.275 0.025 0.0
neo-slayer 2018 MAY 2 17 40 0.0 0.0 0.0 1819679.7000 80806.9 55578.1 0.0 0.0 11.15 265.225 57.75 0.0 0.0 99.325 0.025 0.0
neo-slayer 2018 MAY 2 17 50 0.025 0.0 0.0 1818580.3000 81572.3 55655.4 0.0 0.0 11.175 255.075 57.375 0.025 0.0 99.35 0.025 0.0
neo-slayer 2018 MAY 2 18 0 0.05 0.0 0.0 1817694.8000 82406.4 55725.0 0.0 0.0 11.225 154.775 57.075 0.025 0.0 99.325 0.025 0.0
neo-slayer 2018 MAY 2 18 10 0.025 0.0 0.0 1816796.4000 83234.3 55795.2 0.0 0.0 10.8 192.8 56.3 0.0 0.0 99.375 0.025 0.0
neo-slayer 2018 MAY 2 18 20 0.0 0.0 0.0 1815753.3000 84074.0 55869.5 0.0 0.0 11.475 458.6 57.0 0.025 0.0 99.375 0.025 0.0
neo-slayer 2018 MAY 2 18 30 0.025 0.0 0.0 1814986.3000 84838.0 55932.2 0.0 0.0 12.0 529.025 56.75 0.0 0.0 99.325 0.1 0.0
neo-slayer 2018 MAY 2 18 40 0.025 0.0 0.0 1814221.2000 85575.2 55997.2 0.0 0.0 11.325 348.725 58.025 0.0 0.0 99.375 0.075 0.0
neo-slayer 2018 MAY 2 18 50 0.025 0.0 0.0 1813263.1000 86324.9 56092.2 0.0 0.0 11.15 158.3 58.15 0.0 0.0 99.35 0.0 0.0
neo-slayer 2018 MAY 2 19 0 0.0 0.0 0.0 1812274.1000 87040.0 56182.0 0.0 0.0 11.525 141.025 57.575 0.0 0.0 99.35 0.025 0.0
neo-slayer 2018 MAY 2 19 10 0.025 0.025 0.0 1811670.2000 87735.2 56275.6 0.0 0.0 11.225 394.75 57.4 0.0 0.0 99.5 0.075 0.0
neo-slayer 2018 MAY 2 19 20 0.025 0.0 0.0 1810805.9000 88397.9 56378.6 0.0 0.0 12.1 315.275 58.775 0.0 0.0 99.475 0.025 0.0
neo-slayer 2018 MAY 2 19 30 0.05 0.025 0.0 1809911.2000 89053.0 56470.2 0.0 0.0 12.575 187.325 56.55 0.0 0.0 99.475 0.0 0.0
neo-slayer 2018 MAY 2 19 40 0.0 0.025 0.0 1809320.8000 89715.1 56535.0 0.0 0.0 11.825 332.05 57.225 0.0 0.0 99.55 0.05 0.0
neo-slayer 2018 MAY 2 19 50 0.025 0.0 0.0 1808402.6000 90418.4 56628.2 0.0 0.0 11.85 217.075 58.55 0.0 0.0 99.425 0.05 0.0
neo-slayer 2018 MAY 2 20 0 0.0 0.0 0.0 1807569.6000 91140.6 56723.6 0.0 0.0 11.9 357.0 58.925 0.0 0.0 99.4 0.05 0.0
neo-slayer 2018 MAY 2 20 10 0.05 0.0 0.0 1806732.1000 91827.5 56801.0 0.0 0.0 11.425 341.775 55.475 0.0 0.0 99.525 0.0 0.0
neo-slayer 2018 MAY 2 20 20 0.0 0.0 0.0 1805921.1000 92429.9 56875.4 0.0 0.0 11.575 140.85 57.425 0.0 0.0 99.525 0.025 0.0
neo-slayer 2018 MAY 2 20 30 0.025 0.0 0.0 1805269.5000 93149.9 56948.6 0.0 0.0 11.325 181.25 55.625 0.0 0.0 99.5 0.0 0.0
neo-slayer 2018 MAY 2 20 40 0.0 0.025 0.0 1804413.4000 93894.6 57002.8 0.0 0.0 12.825 144.275 57.3 0.0 0.0 99.5 0.0 0.0
neo-slayer 2018 MAY 2 20 50 0.025 0.0 0.0 1803656.3000 94592.6 57078.3 0.0 0.0 11.575 138.3 55.65 0.0 0.0 99.5 0.0 0.0
neo-slayer 2018 MAY 2 21 0 0.0 0.0 0.0 1802851.2000 95268.0 57151.1 0.0 0.0 11.65 150.525 57.8 0.0 0.0 99.5 0.075 0.0
neo-slayer 2018 MAY 2 21 10 0.025 0.0 0.0 1802035.1000 95962.0 57216.8 0.0 0.0 11.225 148.275 54.875 0.0 0.0 99.525 0.0 0.0
neo-slayer 2018 MAY 2 21 20 0.0 0.0 0.0 1801297.0000 96643.7 57282.0 0.0 0.0 11.425 85.625 58.875 0.0 0.0 99.525 0.075 0.0
neo-slayer 2018 MAY 2 21 30 0.025 0.0 0.0 1800336.9000 97340.9 57344.7 0.0 0.0 11.05 300.2 58.175 0.0 0.0 99.55 0.0 0.0
neo-slayer 2018 MAY 2 21 40 0.025 0.0 0.0 1799653.7000 97964.2 57380.7 0.0 0.0 11.8 517.9 56.65 0.0 0.0 99.625 0.025 0.0
neo-slayer 2018 MAY 2 21 50 0.05 0.0 0.0 1799011.5000 98661.1 57437.1 0.0 0.0 10.825 48.075 55.1 0.0 0.0 99.675 0.0 0.0
neo-slayer 2018 MAY 2 22 0 0.0 0.0 0.0 1798144.8000 99376.8 57495.3 0.0 0.0 10.75 40.925 56.775 0.0 0.0 99.725 0.0 0.0
neo-slayer 2018 MAY 2 22 10 0.025 0.025 0.0 1797434.3000 100063.0 57547.9 0.0 0.0 10.575 44.3 54.95 0.0 0.0 99.675 0.0 0.0
neo-slayer 2018 MAY 2 22 20 0.0 0.0 0.0 1796674.2000 100727.2 57601.1 0.0 0.0 10.825 39.825 56.375 0.0 0.0 99.7 0.025 0.0
neo-slayer 2018 MAY 2 22 30 0.1 0.0 0.0 1795657.8000 101421.1 57652.9 0.0 0.0 10.425 48.975 57.925 0.0 0.0 99.675 0.0 0.0
neo-slayer 2018 MAY 2 22 40 0.0 0.0 0.0 1795079.4000 102051.0 57688.7 0.0 0.0 11.3 38.875 54.825 0.0 0.0 99.55 0.0 0.0
neo-slayer 2018 MAY 2 22 50 0.075 0.025 0.0 1794431.0000 102618.4 57730.2 0.0 0.0 10.1 44.025 53.4 0.0 0.0 99.675 0.025 0.0
neo-slayer 2018 MAY 2 23 0 0.0 0.0 0.0 1793954.4000 103164.8 57771.9 0.0 0.0 10.225 39.7 56.725 0.0 0.0 99.55 0.0 0.0
neo-slayer 2018 MAY 2 23 10 0.025 0.0 0.0 1793226.0000 103708.3 57814.2 0.0 0.0 10.425 45.1 57.15 0.0 0.0 99.475 0.05 0.0
neo-slayer 2018 MAY 2 23 20 0.05 0.025 0.0 1792648.6000 104262.1 57864.2 0.0 0.0 10.05 40.15 57.625 0.0 0.0 99.6 0.025 0.0
neo-slayer 2018 MAY 2 23 30 0.025 0.0 0.0 1792158.6000 104742.4 57904.6 0.0 0.0 9.55 44.95 54.4 0.0 0.0 99.725 0.0 0.0
neo-slayer 2018 MAY 2 23 40 0.025 0.0 0.0 1791686.3000 105216.7 57939.5 0.0 0.0 10.825 38.2 54.4 0.0 0.0 99.775 0.0 0.0
