neo-slayer 2018 MAY 5 0 0 0.02564102564102564 0.05128205128205128 0.0 1801945.6410 104147.69230769231 48570.05128205128 0.0 0.0 9.615384615384615 38.666666666666664 54.717948717948715 0.0 0.0 99.92307692307692 0.0 0.0
neo-slayer 2018 MAY 5 0 10 0.0 0.0 0.0 1801589.8000 104547.6 48607.3 0.0 0.0 9.625 38.65 55.8 0.0 0.0 99.9 0.0 0.0
neo-slayer 2018 MAY 5 0 20 0.025 0.0 0.0 1800950.9000 105023.9 48644.0 0.0 0.0 9.45 39.75 54.725 0.0 0.0 99.75 0.0 0.0
neo-slayer 2018 MAY 5 0 30 0.0 0.025 0.0 1800057.1000 105556.4 49091.7 0.0 0.0 11.825 45.9 57.475 0.025 0.0 99.725 0.125 0.0
neo-slayer 2018 MAY 5 0 40 0.025 0.0 0.0 1799530.4000 105993.1 49148.6 0.0 0.0 9.25 38.175 53.425 0.0 0.0 99.9 0.0 0.0
neo-slayer 2018 MAY 5 0 50 0.0 0.0 0.0 1798902.0000 106429.9 49170.4 0.0 0.0 10.2 38.2 54.825 0.0 0.0 99.95 0.025 0.0
neo-slayer 2018 MAY 5 1 0 0.025 0.025 0.0 1798369.3000 106906.6 49204.8 0.0 0.0 9.0 38.7 53.575 0.0 0.0 99.95 0.0 0.0
neo-slayer 2018 MAY 5 1 10 0.0 0.0 0.0 1797899.8000 107351.7 49240.0 0.0 0.0 9.475 39.325 55.125 0.0 0.0 99.925 0.0 0.0
neo-slayer 2018 MAY 5 1 20 0.025 0.0 0.0 1797548.0000 107778.0 49272.4 0.0 0.0 9.325 39.225 56.65 0.0 0.0 99.925 0.0 0.0
neo-slayer 2018 MAY 5 1 30 0.1 0.0 0.0 1796899.2000 108219.7 49304.7 0.0 0.0 9.125 37.875 54.575 0.0 0.0 99.9 0.0 0.0
neo-slayer 2018 MAY 5 1 40 0.025 0.0 0.0 1796520.9000 108624.7 49335.1 0.0 0.0 9.375 38.525 53.75 0.0 0.0 99.875 0.0 0.0
neo-slayer 2018 MAY 5 1 50 0.0 0.0 0.0 1796017.5000 109039.5 49367.5 0.0 0.0 10.725 38.6 56.3 0.0 0.0 99.925 0.0 0.0
neo-slayer 2018 MAY 5 2 0 0.05 0.025 0.0 1795414.6000 109482.9 49397.8 0.0 0.0 9.6 39.625 54.4 0.0 0.0 99.925 0.0 0.0
neo-slayer 2018 MAY 5 2 10 0.0 0.0 0.0 1795019.2000 109946.3 49430.1 0.0 0.0 9.8 40.1 56.925 0.0 0.0 99.875 0.0 0.0
neo-slayer 2018 MAY 5 2 20 0.025 0.0 0.0 1794525.2000 110376.5 49466.6 0.0 0.0 9.85 39.475 53.975 0.0 0.0 99.9 0.0 0.0
neo-slayer 2018 MAY 5 2 30 0.0 0.0 0.0 1794097.1000 110808.1 49499.0 0.0 0.0 9.775 43.7 55.775 0.0 0.0 99.9 0.0 0.0
neo-slayer 2018 MAY 5 2 40 0.025 0.025 0.0 1793660.1000 111185.0 49532.8 0.0 0.0 9.5 39.025 54.275 0.0 0.0 99.95 0.0 0.0
neo-slayer 2018 MAY 5 2 50 0.0 0.0 0.0 1793193.0000 111618.2 49562.2 0.0 0.0 10.55 38.8 54.925 0.0 0.0 99.825 0.0 0.0
neo-slayer 2018 MAY 5 3 0 0.025 0.0 0.0 1792356.6000 112074.9 49601.6 0.0 0.0 9.225 44.725 56.025 0.025 0.0 99.9 0.0 0.0
neo-slayer 2018 MAY 5 3 10 0.025 0.0 0.0 1791962.7000 112492.4 49635.9 0.0 0.0 9.325 42.85 56.3 0.025 0.0 99.875 0.0 0.0
neo-slayer 2018 MAY 5 3 20 0.025 0.0 0.0 1791758.9000 112851.1 49673.0 0.0 0.0 9.375 39.375 56.275 0.0 0.0 99.85 0.0 0.0
neo-slayer 2018 MAY 5 3 30 0.0 0.0 0.0 1791419.9000 113239.9 49709.0 0.0 0.0 9.3 41.35 55.05 0.0 0.0 99.9 0.0 0.0
neo-slayer 2018 MAY 5 3 40 0.025 0.0 0.0 1791096.3000 113555.4 49744.6 0.0 0.0 9.35 39.575 53.85 0.0 0.0 99.9 0.0 0.0
neo-slayer 2018 MAY 5 3 50 0.0 0.0 0.0 1790693.1000 113900.3 49776.7 0.0 0.0 10.7 38.775 56.55 0.0 0.0 99.925 0.0 0.0
neo-slayer 2018 MAY 5 4 0 0.025 0.0 0.0 1790168.8000 114254.3 49807.9 0.0 0.0 9.7 65.55 55.45 0.0 0.0 99.75 0.0 0.0
neo-slayer 2018 MAY 5 4 10 0.025 0.0 0.0 1789393.2000 114576.4 49842.2 0.0 0.0 9.65 40.925 56.9 0.0 0.0 99.95 0.0 0.0
neo-slayer 2018 MAY 5 4 20 0.025 0.0 0.0 1789635.4000 114945.8 49875.9 0.0 0.0 9.525 41.2 55.65 0.0 0.0 99.85 0.0 0.0
neo-slayer 2018 MAY 5 4 30 0.0 0.0 0.0 1789207.7000 115290.8 49910.8 0.0 0.0 9.775 40.55 55.7 0.0 0.0 99.9 0.0 0.0
neo-slayer 2018 MAY 5 4 40 0.05 0.0 0.0 1788593.3000 115648.3 49943.4 0.0 0.0 9.575 41.625 55.1 0.0 0.0 99.825 0.0 0.0
neo-slayer 2018 MAY 5 4 50 0.0 0.0 0.0 1788280.2000 115986.2 49980.4 0.0 0.0 11.05 41.475 56.325 0.0 0.0 99.75 0.0 0.0
neo-slayer 2018 MAY 5 5 0 0.025 0.0 0.0 1788118.2000 116306.7 50010.6 0.0 0.0 9.525 40.2 55.15 0.0 0.0 99.9 0.0 0.0
neo-slayer 2018 MAY 5 5 10 0.0 0.0 0.0 1787520.3000 116602.2 50043.5 0.0 0.0 9.525 40.45 55.675 0.0 0.0 99.925 0.0 0.0
neo-slayer 2018 MAY 5 5 20 0.05 0.0 0.0 1787446.3000 116948.1 50077.2 0.0 0.0 9.75 38.975 56.05 0.0 0.0 99.8 0.0 0.0
neo-slayer 2018 MAY 5 5 30 0.0 0.0 0.0 1787129.9000 117233.6 50115.0 0.0 0.0 9.8 39.5 55.725 0.0 0.0 99.95 0.0 0.0
neo-slayer 2018 MAY 5 5 40 0.05 0.0 0.0 1786493.9000 117572.7 50147.1 0.0 0.0 9.525 40.225 54.425 0.0 0.0 99.95 0.025 0.0
neo-slayer 2018 MAY 5 5 50 0.0 0.0 0.0 1786349.9000 117908.5 50176.8 0.0 0.0 10.625 38.725 54.3 0.0 0.0 99.85 0.0 0.0
neo-slayer 2018 MAY 5 6 0 0.025 0.0 0.0 1785912.0000 118193.6 50209.7 0.0 0.0 9.7 40.85 55.925 0.0 0.0 99.85 0.0 0.0
neo-slayer 2018 MAY 5 6 10 0.0 0.0 0.0 1785492.3000 118539.7 50241.6 0.0 0.0 9.625 39.2 54.5 0.0 0.0 99.975 0.0 0.0
neo-slayer 2018 MAY 5 6 20 0.075 0.0 0.0 1749647.9000 134030.6 65817.7 0.0 0.0 19.125 54.45 71.025 0.025 0.05 99.075 0.725 0.0
neo-slayer 2018 MAY 5 6 30 0.0 0.0 0.0 1887665.4000 25679.2 45908.3 0.0 0.0 9.9 43.375 58.975 0.0 0.0 99.725 0.05 0.0
neo-slayer 2018 MAY 5 6 40 0.0 0.0 0.0 1906434.3000 12642.2 41623.3 0.0 0.0 9.175 38.8 57.3 0.0 0.0 99.825 0.0 0.0
neo-slayer 2018 MAY 5 6 50 0.025 0.0 0.0 1905120.7000 13780.2 41661.4 0.0 0.0 9.2 40.7 57.7 0.0 0.0 99.675 0.05 0.0
neo-slayer 2018 MAY 5 7 0 0.0 0.0 0.0 1903781.9000 14919.9 41691.3 0.0 0.0 9.175 40.65 57.9 0.0 0.0 99.85 0.0 0.0
neo-slayer 2018 MAY 5 7 10 0.05 0.025 0.0 1902417.2000 16063.4 41726.5 0.0 0.0 9.325 39.575 56.95 0.0 0.0 99.675 0.0 0.0
neo-slayer 2018 MAY 5 7 20 0.0 0.0 0.0 1901074.3000 17198.4 41765.1 0.0 0.0 10.325 43.6 59.0 0.0 0.0 99.65 0.025 0.0
neo-slayer 2018 MAY 5 7 30 0.05 0.0 0.0 1899688.0000 18343.8 41800.7 0.0 0.0 9.15 40.3 57.425 0.0 0.0 99.825 0.0 0.0
neo-slayer 2018 MAY 5 7 40 0.0 0.0 0.0 1898570.3000 19483.2 41834.5 0.0 0.0 9.4 44.2 58.125 0.0 0.0 99.775 0.0 0.0
neo-slayer 2018 MAY 5 7 50 0.025 0.025 0.0 1897279.1000 20622.0 41866.4 0.0 0.0 9.425 42.625 56.6 0.0 0.0 99.725 0.0 0.0
neo-slayer 2018 MAY 5 8 0 0.0 0.0 0.0 1896165.3000 21777.6 41911.0 0.0 0.0 9.8 86.0 55.4 0.0 0.0 99.725 0.0 0.0
neo-slayer 2018 MAY 5 8 10 0.025 0.0 0.0 1894872.2000 22945.2 41957.8 0.0 0.0 10.175 107.125 55.025 0.0 0.0 99.5 0.0 0.0
neo-slayer 2018 MAY 5 8 20 0.0 0.025 0.0 1893513.4000 24090.2 42011.1 0.0 0.0 11.475 46.8 55.575 0.0 0.0 99.5 0.025 0.0
neo-slayer 2018 MAY 5 8 30 0.025 0.0 0.0 1892041.4000 25232.0 42068.6 0.0 0.0 10.15 52.275 57.9 0.0 0.0 99.575 0.025 0.0
neo-slayer 2018 MAY 5 8 40 0.0 0.0 0.0 1890878.8000 26373.2 42126.8 0.0 0.0 10.75 96.45 56.375 0.0 0.0 99.45 0.025 0.0
neo-slayer 2018 MAY 5 8 50 0.025 0.0 0.0 1889675.6000 27520.2 42184.0 0.0 0.0 10.5 51.1 55.475 0.0 0.0 99.375 0.025 0.0
neo-slayer 2018 MAY 5 9 0 0.05 0.025 0.0 1888177.0000 28651.6 42255.7 0.0 0.0 11.25 143.425 58.025 0.025 0.0 99.3 0.05 0.0
neo-slayer 2018 MAY 5 9 10 0.025 0.0 0.0 1887098.9000 29779.0 42329.4 0.0 0.0 10.925 121.625 57.475 0.0 0.0 99.4 0.025 0.0
neo-slayer 2018 MAY 5 9 20 0.0 0.0 0.0 1885705.2000 30907.2 42405.0 0.0 0.0 12.15 132.25 57.35 0.0 0.0 99.325 0.05 0.0
neo-slayer 2018 MAY 5 9 30 0.1 0.0 0.0 1884484.6000 32032.8 42473.0 0.0 0.0 10.95 94.55 55.7 0.0 0.0 99.35 0.025 0.0
neo-slayer 2018 MAY 5 9 40 0.025 0.0 0.0 1883227.1000 33194.6 42558.5 0.0 0.0 11.25 1191.825 58.325 0.0 0.0 99.275 0.025 0.0
neo-slayer 2018 MAY 5 9 50 0.025 0.0 0.0 1881972.3000 34330.2 42652.3 0.0 0.0 10.95 1222.225 56.0 0.0 0.0 99.5 0.0 0.0
neo-slayer 2018 MAY 5 10 0 0.0 0.025 0.0 1880653.8000 35453.0 42733.7 0.0 0.0 11.375 939.55 58.95 0.0 0.0 99.4 0.025 0.0
neo-slayer 2018 MAY 5 10 10 0.025 0.0 0.0 1879154.9000 36580.0 42835.1 0.0 0.0 11.5 952.075 57.925 0.025 0.0 99.3 0.075 0.0
neo-slayer 2018 MAY 5 10 20 0.0 0.0 0.0 1878086.4000 37801.2 42942.3 0.0 0.0 13.175 888.95 57.9 0.0 0.0 99.275 0.175 0.0
neo-slayer 2018 MAY 5 10 30 0.025 0.0 0.0 1876838.3000 38961.2 43019.3 0.0 0.0 10.8 56.0 57.425 0.0 0.0 99.475 0.0 0.0
neo-slayer 2018 MAY 5 10 40 0.0 0.0 0.0 1875352.6000 40058.7 43108.6 0.0 0.0 11.65 113.9 59.0 0.0 0.0 99.325 0.05 0.0
neo-slayer 2018 MAY 5 10 50 0.025 0.0 0.0 1874465.3000 41025.1 43198.6 0.0 0.0 10.625 677.475 55.4 0.0 0.0 99.55 0.025 0.0
neo-slayer 2018 MAY 5 11 0 0.0 0.0 0.0 1873408.9000 41967.6 43281.0 0.0 0.0 11.375 441.925 57.875 0.0 0.0 99.425 0.025 0.0
neo-slayer 2018 MAY 5 11 10 0.075 0.025 0.0 1872256.4000 42856.5 43363.5 0.0 0.0 11.325 769.4 57.975 0.0 0.0 99.3 0.075 0.0
neo-slayer 2018 MAY 5 11 20 0.025 0.0 0.0 1871118.9000 43812.2 43445.6 0.0 0.0 11.225 149.025 58.05 0.0 0.0 99.5 0.075 0.0
neo-slayer 2018 MAY 5 11 30 0.05 0.0 0.0 1869899.6000 44730.7 43506.5 0.0 0.0 11.85 519.875 58.0 0.025 0.0 99.45 0.0 0.0
neo-slayer 2018 MAY 5 11 40 0.175 0.025 0.0 1869259.3000 45608.9 43567.1 0.0 0.0 11.025 496.2 57.25 0.0 0.0 99.3 0.05 0.0
neo-slayer 2018 MAY 5 11 50 0.05 0.0 0.0 1868040.4000 46500.8 43639.4 0.0 0.0 11.15 687.75 57.525 0.0 0.0 99.325 0.1 0.0
neo-slayer 2018 MAY 5 12 0 0.05 0.0 0.0 1866966.0000 47475.2 43708.5 0.0 0.0 10.65 558.125 57.4 0.025 0.0 99.525 0.025 0.0
neo-slayer 2018 MAY 5 12 10 0.05 0.025 0.0 1866089.1000 48387.1 43765.9 0.0 0.0 10.525 657.8 55.875 0.0 0.0 99.5 0.025 0.0
neo-slayer 2018 MAY 5 12 20 0.0 0.0 0.0 1865196.1000 49243.6 43820.7 0.0 0.0 10.1 712.3 57.575 0.0 0.0 99.6 0.0 0.0
neo-slayer 2018 MAY 5 12 30 0.025 0.0 0.0 1864126.5000 50247.2 43860.2 0.0 0.0 11.075 740.55 55.35 0.0 0.0 99.55 0.025 0.0
neo-slayer 2018 MAY 5 12 40 0.075 0.0 0.0 1862989.1000 51256.0 43904.0 0.0 0.0 10.625 670.075 56.05 0.0 0.0 99.6 0.025 0.0
neo-slayer 2018 MAY 5 12 50 0.075 0.0 0.0 1861987.1000 52269.1 43949.9 0.0 0.0 9.825 323.2 55.65 0.0 0.0 99.65 0.025 0.0
neo-slayer 2018 MAY 5 13 0 0.025 0.0 0.0 1860813.3000 53245.3 43993.6 0.0 0.0 10.05 58.425 56.15 0.0 0.0 99.55 0.0 0.0
neo-slayer 2018 MAY 5 13 10 0.025 0.025 0.0 1859837.1000 54222.3 44037.3 0.0 0.0 9.875 78.25 54.625 0.0 0.0 99.525 0.0 0.0
neo-slayer 2018 MAY 5 13 20 0.025 0.0 0.0 1858763.1000 55134.8 44097.3 0.0 0.0 10.825 167.0 57.05 0.0 0.0 99.475 0.075 0.0
neo-slayer 2018 MAY 5 13 30 0.05 0.0 0.0 1857513.5000 56043.6 44164.2 0.0 0.0 12.225 122.825 57.15 0.0 0.0 99.35 0.1 0.0
neo-slayer 2018 MAY 5 13 40 0.0 0.025 0.0 1856508.4000 57009.5 44233.3 0.0 0.0 11.0 5235.5 57.075 0.0 0.0 99.175 0.05 0.0
neo-slayer 2018 MAY 5 13 50 0.075 0.0 0.0 1855419.9000 57987.1 44315.4 0.0 0.0 10.825 11952.675 55.325 0.0 0.0 99.2 0.025 0.0
neo-slayer 2018 MAY 5 14 0 0.0 0.0 0.0 1854348.2000 58991.4 44391.0 0.0 0.0 11.375 547.65 56.95 0.0 0.0 99.25 0.0 0.0
neo-slayer 2018 MAY 5 14 10 0.05 0.025 0.0 1853152.5000 59964.4 44468.4 0.0 0.0 11.175 503.825 56.55 0.0 0.0 99.375 0.0 0.0
neo-slayer 2018 MAY 5 14 20 0.025 0.025 0.0 1851721.4000 60930.7 44555.5 0.0 0.0 12.45 413.75 58.1 0.0 0.0 99.25 0.15 0.0
neo-slayer 2018 MAY 5 14 30 0.025 0.0 0.0 1850913.4000 61861.8 44634.2 0.0 0.0 11.5 313.875 57.25 0.0 0.0 99.45 0.0 0.0
neo-slayer 2018 MAY 5 14 40 0.025 0.0 0.0 1849818.9000 62825.1 44704.8 0.0 0.0 12.475 346.6 58.125 0.0 0.0 99.275 0.05 0.0
neo-slayer 2018 MAY 5 14 50 0.025 0.0 0.0 1848724.3000 63802.0 44776.1 0.0 0.0 11.875 307.225 57.25 0.0 0.0 99.35 0.075 0.0
neo-slayer 2018 MAY 5 15 0 0.0 0.0 0.0 1847786.3000 64652.8 44855.2 0.0 0.0 12.1 400.5 58.475 0.0 0.0 99.275 0.1 0.0
neo-slayer 2018 MAY 5 15 10 0.025 0.0 0.0 1846922.5000 65373.9 44933.9 0.0 0.0 11.575 393.75 57.45 0.0 0.0 99.325 0.0 0.0
neo-slayer 2018 MAY 5 15 20 0.0 0.025 0.0 1846185.1000 66099.8 45014.0 0.0 0.0 11.775 210.95 57.575 0.0 0.0 99.4 0.025 0.0
neo-slayer 2018 MAY 5 15 30 0.025 0.0 0.0 1845361.3000 66867.7 45091.0 0.0 0.0 11.5 71.75 55.775 0.0 0.0 99.475 0.025 0.0
neo-slayer 2018 MAY 5 15 40 0.025 0.0 0.0 1844283.5000 67635.3 45154.5 0.0 0.0 12.65 119.625 58.95 0.025 0.0 99.175 0.125 0.0
neo-slayer 2018 MAY 5 15 50 0.075 0.0 0.0 1843240.1000 68525.1 45224.0 0.0 0.0 11.425 85.375 56.55 0.0 0.0 99.45 0.025 0.0
neo-slayer 2018 MAY 5 16 0 0.0 0.0 0.0 1842527.5000 69372.6 45292.1 0.0 0.0 11.6 149.25 57.7 0.0 0.0 99.4 0.0 0.0
neo-slayer 2018 MAY 5 16 10 0.025 0.0 0.0 1841646.1000 70189.4 45358.3 0.0 0.0 11.225 60.3 56.675 0.0 0.0 99.3 0.0 0.0
neo-slayer 2018 MAY 5 16 20 0.05 0.025 0.0 1840349.8000 71017.2 45430.0 0.0 0.0 11.575 89.775 57.5 0.025 0.0 99.3 0.05 0.0
neo-slayer 2018 MAY 5 16 30 0.025 0.0 0.0 1839727.6000 71901.2 45495.7 0.0 0.0 10.725 61.95 55.525 0.0 0.0 99.375 0.05 0.0
neo-slayer 2018 MAY 5 16 40 0.0 0.0 0.0 1838546.4000 72717.4 45550.2 0.0 0.0 11.9 48.1 57.175 0.0 0.0 99.275 0.05 0.0
neo-slayer 2018 MAY 5 16 50 0.025 0.0 0.0 1837691.7000 73563.7 45605.4 0.0 0.0 10.575 49.7 55.8 0.0 0.0 99.3 0.025 0.0
neo-slayer 2018 MAY 5 17 0 0.075 0.0 0.0 1836703.3000 74365.4 45666.5 0.0 0.0 10.55 44.0 57.525 0.0 0.0 99.5 0.05 0.0
neo-slayer 2018 MAY 5 17 10 0.05 0.0 0.0 1836079.2000 75098.3 45717.3 0.0 0.0 10.075 47.475 55.85 0.0 0.0 99.425 0.025 0.0
neo-slayer 2018 MAY 5 17 20 0.0 0.0 0.0 1835227.8000 75914.0 45762.9 0.0 0.0 10.075 47.45 58.1 0.0 0.0 99.45 0.025 0.0
neo-slayer 2018 MAY 5 17 30 0.025 0.025 0.0 1834033.8000 76719.7 45804.0 0.0 0.0 9.325 47.35 54.75 0.025 0.0 99.675 0.0 0.0
neo-slayer 2018 MAY 5 17 40 0.0 0.0 0.0 1833426.3000 77522.4 45838.2 0.0 0.0 10.675 39.075 55.175 0.0 0.0 99.75 0.05 0.0
neo-slayer 2018 MAY 5 17 50 0.025 0.0 0.0 1832376.8000 78312.5 45863.1 0.0 0.0 9.825 50.3 55.425 0.025 0.0 99.575 0.025 0.0
neo-slayer 2018 MAY 5 18 0 0.025 0.025 0.0 1831398.5000 79122.2 45897.3 0.0 0.0 9.7 41.45 56.225 0.0 0.0 99.725 0.025 0.0
neo-slayer 2018 MAY 5 18 10 0.025 0.0 0.0 1830408.1000 79940.4 45937.4 0.0 0.0 9.9 48.525 55.4 0.025 0.0 99.7 0.025 0.0
neo-slayer 2018 MAY 5 18 20 0.0 0.0 0.0 1829690.5000 80825.2 45974.4 0.0 0.0 9.725 41.125 59.175 0.0 0.0 99.8 0.0 0.0
neo-slayer 2018 MAY 5 18 30 0.075 0.025 0.0 1828860.6000 81650.1 46010.2 0.0 0.0 9.45 46.05 55.375 0.0 0.0 99.75 0.0 0.0
neo-slayer 2018 MAY 5 18 40 0.025 0.0 0.0 1827867.9000 82485.0 46046.6 0.0 0.0 10.625 38.95 55.6 0.0 0.0 99.775 0.025 0.0
neo-slayer 2018 MAY 5 18 50 0.025 0.0 0.0 1826926.1000 83325.4 46081.6 0.0 0.0 9.35 44.825 54.35 0.0 0.0 99.8 0.0 0.0
neo-slayer 2018 MAY 5 19 0 0.0 0.025 0.0 1825855.4000 84109.8 46122.2 0.0 0.0 10.1 41.375 55.75 0.025 0.0 99.725 0.0 0.0
neo-slayer 2018 MAY 5 19 10 0.025 0.0 0.0 1825293.2000 84885.0 46159.3 0.0 0.0 9.625 46.575 54.3 0.0 0.0 99.75 0.0 0.0
neo-slayer 2018 MAY 5 19 20 0.0 0.0 0.0 1824373.3000 85552.4 46205.3 0.0 0.0 9.7 42.775 57.35 0.0 0.0 99.65 0.025 0.0
neo-slayer 2018 MAY 5 19 30 0.025 0.0 0.0 1823656.4000 86217.5 46245.3 0.0 0.0 9.55 45.9 56.775 0.025 0.0 99.675 0.0 0.0
neo-slayer 2018 MAY 5 19 40 0.0 0.025 0.0 1823179.8000 86906.0 46283.8 0.0 0.0 10.8 41.2 54.9 0.0 0.0 99.725 0.0 0.0
neo-slayer 2018 MAY 5 19 50 0.025 0.0 0.0 1822174.3000 87669.6 46322.4 0.0 0.0 9.45 47.0 55.625 0.0 0.0 99.65 0.0 0.0
neo-slayer 2018 MAY 5 20 0 0.0 0.0 0.0 1821463.4000 88362.9 46362.3 0.0 0.0 9.925 40.425 56.525 0.0 0.0 99.75 0.0 0.0
neo-slayer 2018 MAY 5 20 10 0.05 0.025 0.0 1820770.6000 89008.7 46403.9 0.0 0.0 9.725 44.55 55.75 0.0 0.0 99.725 0.0 0.0
neo-slayer 2018 MAY 5 20 20 0.0 0.0 0.0 1819990.0000 89730.2 46442.6 0.0 0.0 9.6 41.075 56.65 0.0 0.0 99.725 0.0 0.0
neo-slayer 2018 MAY 5 20 30 0.05 0.0 0.0 1819012.8000 90560.0 46479.3 0.0 0.0 9.625 45.575 56.425 0.0 0.0 99.7 0.0 0.0
neo-slayer 2018 MAY 5 20 40 0.05 0.0 0.0 1817969.7000 91223.8 46523.4 0.0 0.0 10.9 43.375 56.6 0.0 0.0 99.575 0.05 0.0
neo-slayer 2018 MAY 5 20 50 0.125 0.0 0.0 1817385.0000 91931.9 46559.3 0.0 0.0 9.375 45.0 54.625 0.0 0.0 99.6 0.0 0.0
neo-slayer 2018 MAY 5 21 0 0.025 0.0 0.0 1816774.7000 92618.9 46595.6 0.0 0.0 9.725 40.275 55.6 0.0 0.0 99.125 0.0 0.0
neo-slayer 2018 MAY 5 21 10 0.1 0.0 0.0 1815717.2000 93286.9 46641.2 0.0 0.0 10.425 46.475 56.475 0.0 0.0 99.225 0.125 0.0
neo-slayer 2018 MAY 5 21 20 0.0 0.0 0.0 1815263.0000 93982.7 46682.3 0.0 0.0 9.825 39.675 55.7 0.0 0.0 99.45 0.0 0.0
neo-slayer 2018 MAY 5 21 30 0.075 0.0 0.0 1814256.3000 94671.0 46719.2 0.0 0.0 9.975 45.425 55.5 0.0 0.0 99.35 0.0 0.0
neo-slayer 2018 MAY 5 21 40 0.025 0.025 0.0 1813701.7000 95317.0 46755.5 0.0 0.0 10.15 39.025 55.275 0.0 0.0 99.35 0.1 0.0
neo-slayer 2018 MAY 5 21 50 0.05 0.0 0.0 1812792.5000 96033.3 46798.6 0.0 0.0 10.725 44.55 54.65 0.025 0.0 99.575 0.025 0.0
neo-slayer 2018 MAY 5 22 0 0.025 0.0 0.0 1812160.4000 96736.4 46832.0 0.0 0.0 10.025 41.1 58.05 0.0 0.0 99.4 0.0 0.0
neo-slayer 2018 MAY 5 22 10 0.025 0.0 0.0 1811346.0000 97440.6 46876.4 0.0 0.0 10.175 45.625 56.875 0.0 0.0 99.425 0.1 0.0
neo-slayer 2018 MAY 5 22 20 0.0 0.0 0.0 1810543.1000 98198.6 46919.1 0.0 0.0 9.85 40.375 56.55 0.0 0.0 99.625 0.0 0.0
neo-slayer 2018 MAY 5 22 30 0.025 0.0 0.0 1809802.5000 98892.6 46957.3 0.0 0.0 9.875 43.025 54.025 0.0 0.0 99.525 0.0 0.0
neo-slayer 2018 MAY 5 22 40 0.075 0.025 0.0 1808874.6000 99614.0 46996.0 0.0 0.0 10.25 42.0 56.575 0.0 0.0 99.45 0.0 0.0
neo-slayer 2018 MAY 5 22 50 0.075 0.0 0.0 1808095.2000 100309.6 47037.5 0.0 0.0 9.725 44.65 54.4 0.0 0.0 99.6 0.0 0.0
neo-slayer 2018 MAY 5 23 0 0.0 0.0 0.0 1807243.5000 101020.1 47074.4 0.0 0.0 10.9 42.4 59.2 0.0 0.0 99.575 0.025 0.0
neo-slayer 2018 MAY 5 23 10 0.05 0.05 0.0 1806617.3000 101710.0 47112.5 0.0 0.0 10.15 43.2 55.375 0.0 0.0 99.55 0.0 0.0
neo-slayer 2018 MAY 5 23 20 0.025 0.0 0.0 1805815.3000 102387.8 47154.8 0.0 0.0 10.0 40.25 56.35 0.0 0.0 99.65 0.0 0.0
neo-slayer 2018 MAY 5 23 30 0.025 0.0 0.0 1805260.1000 102935.2 47193.2 0.0 0.0 9.9 45.0 57.175 0.0 0.0 99.85 0.0 0.0
neo-slayer 2018 MAY 5 23 40 0.0 0.025 0.0 1804695.8000 103463.4 47231.4 0.0 0.0 10.225 40.6 58.125 0.0 0.0 99.65 0.0 0.0
