neo-slayer 2018 MAY 3 0 0 0.0 0.02564102564102564 0.0 1790773.9487 105699.38461538461 57993.1282051282 0.0 0.0 9.923076923076923 50.02564102564103 55.256410256410255 0.02564102564102564 0.0 99.71794871794872 0.02564102564102564 0.0
neo-slayer 2018 MAY 3 0 10 0.025 0.0 0.0 1790188.5000 106196.4 58036.8 0.0 0.0 9.7 41.25 55.975 0.025 0.0 99.825 0.0 0.0
neo-slayer 2018 MAY 3 0 20 0.025 0.0 0.0 1789957.6000 106595.1 58070.5 0.0 0.0 9.35 44.175 57.325 0.0 0.0 99.7 0.05 0.0
neo-slayer 2018 MAY 3 0 30 0.0 0.025 0.0 1788951.9000 107123.2 58521.8 0.0 0.0 11.9 43.85 59.675 0.025 0.0 99.725 0.1 0.0
neo-slayer 2018 MAY 3 0 40 0.025 0.0 0.0 1788748.9000 107464.3 58574.7 0.0 0.0 9.25 46.175 55.3 0.0 0.0 99.95 0.0 0.0
neo-slayer 2018 MAY 3 0 50 0.0 0.0 0.0 1788193.7000 107843.5 58603.1 0.0 0.0 10.825 43.15 58.8 0.0 0.0 99.75 0.0 0.0
neo-slayer 2018 MAY 3 1 0 0.025 0.0 0.0 1787580.8000 108322.2 58637.8 0.0 0.0 9.75 46.875 55.575 0.025 0.0 99.775 0.0 0.0
neo-slayer 2018 MAY 3 1 10 0.0 0.0 0.0 1787340.9000 108740.7 58673.9 0.0 0.0 9.575 38.525 54.7 0.0 0.0 99.95 0.0 0.0
neo-slayer 2018 MAY 3 1 20 0.025 0.0 0.0 1786939.5000 109143.9 58703.4 0.0 0.0 9.75 43.15 53.875 0.0 0.0 99.85 0.0 0.0
neo-slayer 2018 MAY 3 1 30 0.025 0.0 0.0 1786525.9000 109587.2 58736.4 0.0 0.0 9.4 42.175 55.075 0.0 0.0 99.925 0.0 0.0
neo-slayer 2018 MAY 3 1 40 0.025 0.0 0.0 1786057.0000 109987.2 58770.6 0.0 0.0 9.1 42.275 54.25 0.0 0.0 99.925 0.0 0.0
neo-slayer 2018 MAY 3 1 50 0.0 0.0 0.0 1785432.7000 110386.8 58801.2 0.0 0.0 10.575 46.05 58.225 0.025 0.0 99.75 0.0 0.0
neo-slayer 2018 MAY 3 2 0 0.05 0.025 0.0 1785164.1000 110783.5 58833.5 0.0 0.0 9.175 43.35 55.05 0.0 0.0 99.9 0.0 0.0
neo-slayer 2018 MAY 3 2 10 0.025 0.0 0.0 1784696.2000 111208.8 58863.9 0.0 0.0 9.45 39.2 56.9 0.0 0.0 99.875 0.0 0.0
neo-slayer 2018 MAY 3 2 20 0.025 0.0 0.0 1784298.6000 111618.2 58895.9 0.0 0.0 9.225 43.875 55.325 0.0 0.0 99.725 0.0 0.0
neo-slayer 2018 MAY 3 2 30 0.0 0.0 0.0 1783788.4000 112064.3 58932.0 0.0 0.0 9.2 39.425 54.5 0.0 0.0 99.925 0.0 0.0
neo-slayer 2018 MAY 3 2 40 0.025 0.0 0.0 1783341.6000 112523.3 58962.3 0.0 0.0 9.05 42.0 53.2 0.0 0.0 99.95 0.0 0.0
neo-slayer 2018 MAY 3 2 50 0.0 0.0 0.0 1782673.2000 112883.7 58993.0 0.0 0.0 10.375 40.65 56.75 0.0 0.0 99.825 0.0 0.0
neo-slayer 2018 MAY 3 3 0 0.05 0.025 0.0 1782196.8000 113308.4 59031.3 0.0 0.0 9.3 44.35 57.0 0.0 0.0 99.925 0.0 0.0
neo-slayer 2018 MAY 3 3 10 0.0 0.0 0.0 1781720.0000 113685.8 59065.7 0.0 0.0 9.45 40.425 56.05 0.0 0.0 99.9 0.0 0.0
neo-slayer 2018 MAY 3 3 20 0.025 0.0 0.0 1781130.4000 114055.1 59100.8 0.0 0.0 9.5 44.825 56.475 0.025 0.0 99.85 0.0 0.0
neo-slayer 2018 MAY 3 3 30 0.0 0.025 0.0 1780964.9000 114409.8 59136.8 0.0 0.0 9.325 44.25 55.125 0.0 0.0 99.95 0.0 0.0
neo-slayer 2018 MAY 3 3 40 0.025 0.0 0.0 1780520.6000 114707.0 59174.2 0.0 0.0 9.325 70.15 54.125 0.0 0.0 99.875 0.0 0.0
neo-slayer 2018 MAY 3 3 50 0.0 0.0 0.0 1780184.9000 115068.4 59205.9 0.0 0.0 10.45 39.45 54.95 0.0 0.0 99.8 0.025 0.0
neo-slayer 2018 MAY 3 4 0 0.125 0.025 0.0 1779766.3000 115393.6 59233.3 0.0 0.0 9.0 43.55 54.025 0.0 0.0 99.95 0.0 0.0
neo-slayer 2018 MAY 3 4 10 0.0 0.0 0.0 1779598.1000 115670.7 59268.9 0.0 0.0 9.4 39.525 54.4 0.0 0.0 99.975 0.0 0.0
neo-slayer 2018 MAY 3 4 20 0.025 0.0 0.0 1779276.9000 115976.7 59304.6 0.0 0.0 9.575 44.25 55.025 0.0 0.0 99.75 0.0 0.0
neo-slayer 2018 MAY 3 4 30 0.025 0.025 0.0 1778757.3000 116316.3 59338.6 0.0 0.0 9.425 43.9 56.2 0.0 0.0 99.95 0.0 0.0
neo-slayer 2018 MAY 3 4 40 0.025 0.0 0.0 1778557.1000 116620.6 59370.2 0.0 0.0 9.025 43.775 54.525 0.0 0.0 99.85 0.0 0.0
neo-slayer 2018 MAY 3 4 50 0.0 0.0 0.0 1778358.9000 116936.3 59405.6 0.0 0.0 10.475 38.3 54.7 0.0 0.0 99.825 0.0 0.0
neo-slayer 2018 MAY 3 5 0 0.025 0.0 0.0 1777710.0000 117244.3 59435.2 0.0 0.0 9.225 44.975 55.5 0.025 0.0 99.875 0.0 0.0
neo-slayer 2018 MAY 3 5 10 0.0 0.025 0.0 1777364.2000 117576.3 59469.3 0.0 0.0 9.175 40.75 56.925 0.0 0.0 99.9 0.0 0.0
neo-slayer 2018 MAY 3 5 20 0.025 0.0 0.0 1777156.5000 117937.7 59501.8 0.0 0.0 9.275 44.575 55.375 0.0 0.0 99.825 0.0 0.0
neo-slayer 2018 MAY 3 5 30 0.025 0.0 0.0 1776580.9000 118307.2 59539.0 0.0 0.0 9.45 40.975 57.2 0.0 0.0 99.875 0.0 0.0
neo-slayer 2018 MAY 3 5 40 0.025 0.025 0.0 1776322.4000 118639.3 59571.5 0.0 0.0 8.9 42.575 53.175 0.0 0.0 99.975 0.0 0.0
neo-slayer 2018 MAY 3 5 50 0.0 0.0 0.0 1776083.1000 118970.5 59602.3 0.0 0.0 9.15 37.85 53.55 0.0 0.0 99.925 0.0 0.0
neo-slayer 2018 MAY 3 6 0 0.025 0.0 0.0 1775479.3000 119246.3 59636.8 0.0 0.0 10.325 43.875 54.275 0.0 0.0 99.85 0.0 0.0
neo-slayer 2018 MAY 3 6 10 0.025 0.0 0.0 1775277.0000 119583.1 59665.9 0.0 0.0 9.05 38.175 54.25 0.0 0.0 99.925 0.0 0.0
neo-slayer 2018 MAY 3 6 20 0.025 0.025 0.0 1739150.7000 134987.4 75315.7 0.0 0.0 18.325 59.325 70.55 0.025 0.05 98.95 0.775 0.0
neo-slayer 2018 MAY 3 6 30 0.025 0.0 0.0 1886798.9000 25849.3 46789.4 0.0 0.0 10.225 46.95 59.375 0.0 0.0 99.675 0.05 0.0
neo-slayer 2018 MAY 3 6 40 0.0 0.025 0.0 1906186.2000 12737.0 41563.1 0.0 0.0 9.325 42.475 58.35 0.0 0.0 99.7 0.025 0.0
neo-slayer 2018 MAY 3 6 50 0.025 0.0 0.0 1904916.6000 13871.0 41597.1 0.0 0.0 9.1 40.85 57.45 0.0 0.0 99.8 0.025 0.0
neo-slayer 2018 MAY 3 7 0 0.0 0.0 0.0 1903655.6000 15011.1 41626.6 0.0 0.0 9.2 45.45 60.5 0.0 0.0 99.825 0.0 0.0
neo-slayer 2018 MAY 3 7 10 0.05 0.0 0.0 1902425.2000 16155.0 41664.8 0.0 0.0 9.45 41.575 57.8 0.0 0.0 99.725 0.025 0.0
neo-slayer 2018 MAY 3 7 20 0.025 0.0 0.0 1901118.8000 17297.8 41702.9 0.0 0.0 10.375 56.0 58.1 0.0 0.0 99.8 0.05 0.0
neo-slayer 2018 MAY 3 7 30 0.05 0.0 0.0 1899586.4000 18441.2 41745.3 0.0 0.0 9.675 159.65 58.4 0.025 0.0 99.675 0.05 0.0
neo-slayer 2018 MAY 3 7 40 0.0 0.0 0.0 1898376.4000 19610.6 41791.1 0.0 0.0 10.125 287.125 58.85 0.0 0.0 99.575 0.05 0.0
neo-slayer 2018 MAY 3 7 50 0.025 0.025 0.0 1896947.7000 20750.0 41844.0 0.0 0.0 10.0 55.075 57.65 0.0 0.0 99.6 0.0 0.0
neo-slayer 2018 MAY 3 8 0 0.0 0.0 0.0 1895743.9000 21882.6 41893.1 0.0 0.0 10.15 76.625 56.575 0.0 0.0 99.675 0.0 0.0
neo-slayer 2018 MAY 3 8 10 0.05 0.0 0.0 1894378.7000 23030.8 41943.3 0.0 0.0 10.225 54.75 56.125 0.025 0.0 99.575 0.0 0.0
neo-slayer 2018 MAY 3 8 20 0.0 0.0 0.0 1893195.4000 24256.4 41998.7 0.0 0.0 11.325 47.5 56.275 0.0 0.0 99.55 0.05 0.0
neo-slayer 2018 MAY 3 8 30 0.05 0.0 0.0 1891867.8000 25465.2 42040.4 0.0 0.0 9.925 53.925 55.9 0.0 0.0 99.625 0.0 0.0
neo-slayer 2018 MAY 3 8 40 0.025 0.0 0.0 1890685.6000 26613.4 42091.9 0.0 0.0 10.975 59.05 56.7 0.0 0.0 99.525 0.1 0.0
neo-slayer 2018 MAY 3 8 50 0.025 0.0 0.0 1889305.6000 27783.4 42156.9 0.0 0.0 11.35 62.025 55.95 0.0 0.0 99.325 0.075 0.0
neo-slayer 2018 MAY 3 9 0 0.025 0.05 0.0 1887944.7000 28963.0 42229.8 0.0 0.0 11.575 267.475 57.45 0.0 0.0 99.375 0.1 0.0
neo-slayer 2018 MAY 3 9 10 0.025 0.0 0.0 1886757.0000 30111.0 42293.7 0.0 0.0 11.075 58.25 55.825 0.0 0.0 99.375 0.025 0.0
neo-slayer 2018 MAY 3 9 20 0.0 0.0 0.0 1885550.9000 31253.8 42353.5 0.0 0.0 12.075 108.85 57.375 0.0 0.0 99.35 0.025 0.0
neo-slayer 2018 MAY 3 9 30 0.025 0.025 0.0 1884228.2000 32398.2 42405.1 0.0 0.0 10.85 201.775 55.575 0.0 0.0 99.5 0.0 0.0
neo-slayer 2018 MAY 3 9 40 0.025 0.0 0.0 1882543.9000 33541.6 42470.5 0.0 0.0 11.35 228.35 58.125 0.025 0.0 99.45 0.05 0.0
neo-slayer 2018 MAY 3 9 50 0.025 0.0 0.0 1881418.1000 34700.4 42536.5 0.0 0.0 10.8 477.5 57.1 0.0 0.0 99.525 0.075 0.0
neo-slayer 2018 MAY 3 10 0 0.025 0.0 0.0 1880159.1000 35863.0 42592.0 0.0 0.0 11.3 127.675 57.75 0.0 0.0 99.175 0.125 0.0
neo-slayer 2018 MAY 3 10 10 0.05 0.025 0.0 1878623.6000 37047.2 42654.4 0.0 0.0 11.125 718.425 56.7 0.0 0.0 99.2 0.25 0.0
neo-slayer 2018 MAY 3 10 20 0.0 0.0 0.0 1877623.4000 38196.4 42700.3 0.0 0.0 11.3 1361.3 57.65 0.0 0.0 99.15 0.075 0.0
neo-slayer 2018 MAY 3 10 30 0.025 0.0 0.0 1876312.8000 39363.2 42732.6 0.0 0.0 10.0 677.2 56.4 0.0 0.0 99.1 0.025 0.0
neo-slayer 2018 MAY 3 10 40 0.0 0.025 0.0 1874985.5000 40533.2 42782.0 0.0 0.0 12.1 422.825 58.35 0.0 0.0 99.3 0.25 0.0
neo-slayer 2018 MAY 3 10 50 0.025 0.025 0.0 1873611.1000 41570.7 42942.0 0.0 0.0 12.025 249.9 60.2 0.0 0.0 99.175 0.175 0.0
neo-slayer 2018 MAY 3 11 0 0.0 0.0 0.0 1872100.1000 42515.6 43121.6 0.0 0.0 11.975 286.475 60.525 0.025 0.0 99.275 0.025 0.0
neo-slayer 2018 MAY 3 11 10 0.025 0.025 0.0 1870987.6000 43526.4 43315.5 0.0 0.0 13.1 299.075 59.2 0.0 0.0 99.05 0.45 0.0
neo-slayer 2018 MAY 3 11 20 0.0 0.0 0.0 1869646.4000 44597.3 43524.5 0.0 0.0 13.6 339.925 61.625 0.0 0.0 99.125 0.175 0.0
neo-slayer 2018 MAY 3 11 30 0.025 0.0 0.0 1868181.2000 45575.4 43775.1 0.0 0.0 11.775 259.2 62.95 0.0 0.0 99.35 0.025 0.0
neo-slayer 2018 MAY 3 11 40 0.0 0.0 0.0 1866699.1000 46521.7 44062.9 0.0 0.0 12.35 199.6 65.225 0.0 0.0 99.35 0.1 0.0
neo-slayer 2018 MAY 3 11 50 0.05 0.025 0.0 1865862.1000 47509.8 44355.2 0.0 0.0 11.925 625.975 62.7 0.0 0.0 99.375 0.075 0.0
neo-slayer 2018 MAY 3 12 0 0.0 0.0 0.0 1864639.3000 48465.6 44634.2 0.0 0.0 12.0 637.9 62.8 0.0 0.0 99.425 0.075 0.0
neo-slayer 2018 MAY 3 12 10 0.025 0.0 0.0 1863219.8000 49538.5 44897.6 0.0 0.0 13.425 106.25 63.375 0.0 0.0 99.175 0.3 0.0
neo-slayer 2018 MAY 3 12 20 0.0 0.0 0.0 1861865.1000 50703.0 45100.6 0.0 0.0 14.95 83.85 59.65 0.0 0.0 99.275 0.35 0.0
neo-slayer 2018 MAY 3 12 30 0.05 0.0 0.0 1860369.5000 51856.6 45206.4 0.0 0.0 12.125 108.725 58.2 0.0 0.0 99.3 0.05 0.0
neo-slayer 2018 MAY 3 12 40 0.0 0.0 0.0 1859521.1000 52734.3 45295.1 0.0 0.0 12.825 240.125 58.275 0.0 0.0 99.375 0.175 0.0
neo-slayer 2018 MAY 3 12 50 0.075 0.025 0.0 1858454.4000 53699.4 45362.4 0.0 0.0 11.1 1077.725 55.65 0.0 0.0 99.35 0.05 0.0
neo-slayer 2018 MAY 3 13 0 0.0 0.0 0.0 1857404.4000 54670.6 45426.1 0.0 0.0 11.0 215.575 56.475 0.0 0.0 99.525 0.025 0.0
neo-slayer 2018 MAY 3 13 10 0.025 0.0 0.0 1856193.4000 55697.3 45482.0 0.0 0.0 11.25 243.625 57.375 0.0 0.0 99.425 0.05 0.0
neo-slayer 2018 MAY 3 13 20 0.075 0.025 0.0 1855068.1000 56681.6 45546.5 0.0 0.0 10.875 238.475 56.325 0.0 0.0 99.75 0.025 0.0
neo-slayer 2018 MAY 3 13 30 0.025 0.0 0.0 1853932.1000 57645.8 45579.8 0.0 0.0 11.975 523.25 56.6 0.025 0.0 99.675 0.025 0.0
neo-slayer 2018 MAY 3 13 40 0.05 0.025 0.0 1853179.8000 58554.9 45640.9 0.0 0.0 11.7 405.725 56.5 0.0 0.0 99.5 0.025 0.0
neo-slayer 2018 MAY 3 13 50 0.1 0.0 0.0 1851999.6000 59518.4 45721.4 0.0 0.0 11.125 354.85 56.075 0.0 0.0 99.425 0.05 0.0
neo-slayer 2018 MAY 3 14 0 0.075 0.0 0.0 1850915.9000 60428.7 45801.4 0.0 0.0 11.95 378.575 58.375 0.0 0.0 99.25 0.025 0.0
neo-slayer 2018 MAY 3 14 10 0.025 0.025 0.0 1849886.8000 61335.7 45882.3 0.0 0.0 11.575 543.95 57.0 0.0 0.0 99.175 0.125 0.0
neo-slayer 2018 MAY 3 14 20 0.05 0.025 0.0 1848724.1000 62260.6 45974.7 0.0 0.0 11.55 332.05 57.475 0.025 0.0 99.475 0.05 0.0
neo-slayer 2018 MAY 3 14 30 0.075 0.0 0.0 1847763.3000 63153.5 46050.9 0.0 0.0 12.45 234.7 56.825 0.025 0.0 99.4 0.05 0.0
neo-slayer 2018 MAY 3 14 40 0.075 0.0 0.0 1846892.8000 63971.6 46116.7 0.0 0.0 11.775 283.625 56.375 0.0 0.0 99.175 0.05 0.0
neo-slayer 2018 MAY 3 14 50 0.1 0.025 0.0 1846030.5000 64712.5 46192.4 0.0 0.0 11.025 348.0 56.25 0.0 0.0 99.175 0.1 0.0
neo-slayer 2018 MAY 3 15 0 0.0 0.0 0.0 1845100.7000 65601.3 46275.8 0.0 0.0 11.2 391.05 56.35 0.0 0.0 99.45 0.025 0.0
neo-slayer 2018 MAY 3 15 10 0.075 0.0 0.0 1844117.7000 66402.2 46370.9 0.0 0.0 11.15 530.9 57.725 0.0 0.0 99.3 0.075 0.0
neo-slayer 2018 MAY 3 15 20 0.025 0.0 0.0 1843064.7000 67258.5 46456.8 0.0 0.0 11.35 1082.825 59.3 0.0 0.0 99.225 0.05 0.0
neo-slayer 2018 MAY 3 15 30 0.05 0.0 0.0 1842034.2000 68082.6 46526.8 0.0 0.0 12.075 426.15 57.25 0.0 0.0 99.525 0.075 0.0
neo-slayer 2018 MAY 3 15 40 0.0 0.0 0.0 1841152.1000 68905.9 46607.5 0.0 0.0 11.725 185.3 57.825 0.0 0.0 99.6 0.075 0.0
neo-slayer 2018 MAY 3 15 50 0.025 0.0 0.0 1840055.2000 69745.9 46695.1 0.0 0.0 11.125 462.175 57.1 0.0 0.0 99.55 0.05 0.0
neo-slayer 2018 MAY 3 16 0 0.05 0.025 0.0 1839357.6000 70521.2 46775.9 0.0 0.0 11.325 422.625 60.05 0.0 0.0 99.375 0.025 0.0
neo-slayer 2018 MAY 3 16 10 0.025 0.0 0.0 1838182.1000 71335.8 46847.5 0.0 0.0 10.8 368.05 57.0 0.0 0.0 99.6 0.025 0.0
neo-slayer 2018 MAY 3 16 20 0.0 0.0 0.0 1837562.0000 72119.9 46914.9 0.0 0.0 10.925 560.0 56.775 0.0 0.0 99.65 0.0 0.0
neo-slayer 2018 MAY 3 16 30 0.05 0.025 0.0 1836617.3000 72912.3 46969.9 0.0 0.0 11.8 131.6 57.075 0.0 0.0 99.6 0.025 0.0
neo-slayer 2018 MAY 3 16 40 0.025 0.0 0.0 1835472.4000 73743.9 47021.2 0.0 0.0 10.65 56.55 57.7 0.0 0.0 99.55 0.025 0.0
neo-slayer 2018 MAY 3 16 50 0.05 0.0 0.0 1834887.1000 74535.8 47080.5 0.0 0.0 10.55 89.675 55.325 0.0 0.0 99.75 0.025 0.0
neo-slayer 2018 MAY 3 17 0 0.025 0.0 0.0 1834154.6000 75253.5 47142.2 0.0 0.0 10.65 112.825 57.9 0.0 0.0 99.55 0.025 0.0
neo-slayer 2018 MAY 3 17 10 0.05 0.0 0.0 1833329.9000 75975.6 47203.7 0.0 0.0 10.6 71.125 56.925 0.0 0.0 99.625 0.025 0.0
neo-slayer 2018 MAY 3 17 20 0.025 0.0 0.0 1832505.5000 76728.3 47269.1 0.0 0.0 10.95 68.15 59.375 0.0 0.0 99.5 0.0 0.0
neo-slayer 2018 MAY 3 17 30 0.025 0.0 0.0 1831522.5000 77499.5 47330.1 0.0 0.0 11.85 140.775 56.1 0.0 0.0 99.35 0.025 0.0
neo-slayer 2018 MAY 3 17 40 0.0 0.025 0.0 1830614.8000 78268.6 47408.3 0.0 0.0 11.35 1203.0 58.6 0.025 0.0 99.375 0.1 0.0
neo-slayer 2018 MAY 3 17 50 0.025 0.0 0.0 1829694.0000 79012.4 47503.4 0.0 0.0 11.15 541.2 56.55 0.0 0.0 99.3 0.075 0.0
neo-slayer 2018 MAY 3 18 0 0.0 0.0 0.0 1828722.1000 79825.9 47605.9 0.0 0.0 11.15 442.725 57.275 0.0 0.0 99.225 0.0 0.0
neo-slayer 2018 MAY 3 18 10 0.025 0.0 0.0 1827730.1000 80533.1 47726.4 0.0 0.0 11.45 415.075 58.9 0.0 0.0 99.3 0.05 0.0
neo-slayer 2018 MAY 3 18 20 0.0 0.0 0.0 1826601.3000 81471.4 47863.2 0.0 0.0 11.975 316.1 61.25 0.0 0.0 99.25 0.125 0.0
neo-slayer 2018 MAY 3 18 30 0.05 0.0 0.0 1825308.5000 82375.1 47997.0 0.0 0.0 12.45 314.375 59.425 0.0 0.0 99.35 0.05 0.0
neo-slayer 2018 MAY 3 18 40 0.0 0.0 0.0 1824353.4000 83208.2 48122.7 0.0 0.0 12.05 337.15 59.125 0.0 0.0 99.375 0.1 0.0
neo-slayer 2018 MAY 3 18 50 0.025 0.0 0.0 1823211.1000 83976.2 48265.7 0.0 0.0 11.675 478.0 58.65 0.025 0.0 99.5 0.05 0.0
neo-slayer 2018 MAY 3 19 0 0.0 0.0 0.0 1822503.7000 84733.0 48403.2 0.0 0.0 12.125 361.225 60.35 0.0 0.0 99.475 0.0 0.0
neo-slayer 2018 MAY 3 19 10 0.025 0.05 0.0 1815873.0000 85436.3 54124.6 0.0 0.0 12.325 134.025 128.175 0.0 0.0 99.25 0.1 0.0
neo-slayer 2018 MAY 3 19 20 0.025 0.025 0.0 1809293.0000 86121.2 59840.1 0.0 0.0 12.1 221.3 181.2 0.0 0.0 99.025 0.0 0.0
neo-slayer 2018 MAY 3 19 30 0.05 0.0 0.0 1808638.9000 86814.1 59976.4 0.0 0.0 12.5 97.325 58.75 0.0 0.0 99.45 0.05 0.0
neo-slayer 2018 MAY 3 19 40 0.0 0.0 0.0 1807785.2000 87524.9 60099.3 0.0 0.0 12.3 265.75 59.7 0.0 0.0 99.275 0.125 0.0
neo-slayer 2018 MAY 3 19 50 0.05 0.025 0.0 1807030.4000 88221.2 60219.8 0.0 0.0 11.775 110.025 57.35 0.0 0.0 99.425 0.075 0.0
neo-slayer 2018 MAY 3 20 0 0.0 0.0 0.0 1806324.0000 88963.3 60345.5 0.0 0.0 12.825 132.35 58.325 0.0 0.0 99.2 0.225 0.0
neo-slayer 2018 MAY 3 20 10 0.025 0.0 0.0 1805456.6000 89640.4 60454.3 0.0 0.0 11.3 141.775 57.45 0.0 0.0 99.275 0.075 0.0
neo-slayer 2018 MAY 3 20 20 0.0 0.025 0.0 1804532.4000 90332.0 60552.6 0.0 0.0 11.425 331.45 57.2 0.0 0.0 99.375 0.025 0.0
neo-slayer 2018 MAY 3 20 30 0.025 0.0 0.0 1803833.3000 91030.2 60640.7 0.0 0.0 11.975 105.2 57.4 0.0 0.0 99.525 0.1 0.0
neo-slayer 2018 MAY 3 20 40 0.0 0.0 0.0 1803001.4000 91740.9 60715.8 0.0 0.0 11.5 148.125 57.225 0.0 0.0 99.4 0.025 0.0
neo-slayer 2018 MAY 3 20 50 0.05 0.025 0.0 1801854.5000 92559.1 60806.6 0.0 0.0 11.65 95.85 56.1 0.0 0.0 99.475 0.125 0.0
neo-slayer 2018 MAY 3 21 0 0.0 0.0 0.0 1800884.7000 93361.8 60915.0 0.0 0.0 12.5 83.875 57.95 0.025 0.0 99.4 0.125 0.0
neo-slayer 2018 MAY 3 21 10 0.025 0.0 0.0 1800027.6000 94115.7 61024.2 0.0 0.0 12.1 56.55 57.825 0.025 0.0 99.4 0.125 0.0
neo-slayer 2018 MAY 3 21 20 0.025 0.025 0.0 1799223.5000 94844.1 61118.5 0.0 0.0 12.275 56.775 58.725 0.0 0.0 99.25 0.1 0.0
neo-slayer 2018 MAY 3 21 30 0.025 0.0 0.0 1798358.4000 95605.0 61195.7 0.0 0.0 12.0 55.875 57.35 0.0 0.0 99.55 0.05 0.0
neo-slayer 2018 MAY 3 21 40 0.0 0.0 0.0 1797540.7000 96364.9 61239.7 0.0 0.0 11.3 50.725 55.6 0.0 0.0 99.475 0.05 0.0
neo-slayer 2018 MAY 3 21 50 0.025 0.0 0.0 1796532.2000 97030.3 61299.0 0.0 0.0 10.85 45.25 55.25 0.0 0.0 99.525 0.0 0.0
neo-slayer 2018 MAY 3 22 0 0.0 0.0 0.0 1795971.4000 97763.3 61351.1 0.0 0.0 10.75 43.5 55.2 0.0 0.0 99.525 0.05 0.0
neo-slayer 2018 MAY 3 22 10 0.025 0.05 0.0 1795100.4000 98529.0 61400.6 0.0 0.0 10.425 50.1 55.7 0.0 0.0 99.425 0.05 0.0
neo-slayer 2018 MAY 3 22 20 0.05 0.025 0.0 1794174.7000 99215.4 61447.4 0.0 0.0 10.125 49.975 56.175 0.0 0.0 99.6 0.0 0.0
neo-slayer 2018 MAY 3 22 30 0.025 0.0 0.0 1793645.0000 99904.5 61490.2 0.0 0.0 10.9 50.775 55.15 0.0 0.0 99.75 0.05 0.0
neo-slayer 2018 MAY 3 22 40 0.05 0.0 0.0 1792846.4000 100621.4 61498.8 0.0 0.0 10.25 42.7 56.525 0.0 0.0 99.525 0.025 0.0
neo-slayer 2018 MAY 3 22 50 0.05 0.025 0.0 1792167.8000 101267.0 61541.7 0.0 0.0 9.975 44.575 55.45 0.0 0.0 99.65 0.025 0.0
neo-slayer 2018 MAY 3 23 0 0.0 0.0 0.0 1791216.3000 101868.7 61587.8 0.0 0.0 10.575 45.425 56.775 0.025 0.0 99.6 0.0 0.0
neo-slayer 2018 MAY 3 23 10 0.025 0.0 0.0 1790414.4000 102473.1 61637.1 0.0 0.0 10.275 46.15 56.125 0.025 0.0 99.55 0.0 0.0
neo-slayer 2018 MAY 3 23 20 0.05 0.0 0.0 1790097.7000 103059.6 61684.1 0.0 0.0 10.175 42.425 55.125 0.0 0.0 99.725 0.0 0.0
neo-slayer 2018 MAY 3 23 30 0.05 0.0 0.0 1789626.8000 103507.6 61724.6 0.0 0.0 10.05 45.275 54.575 0.0 0.0 99.725 0.0 0.0
neo-slayer 2018 MAY 3 23 40 0.025 0.0 0.0 1788896.9000 104017.6 61760.7 0.0 0.0 11.075 42.45 55.35 0.025 0.0 99.675 0.0 0.0
