neo-slayer 2018 MAY 4 0 0 0.02564102564102564 0.05128205128205128 0.0 1788504.3077 104479.17948717948 61812.41025641026 0.0 0.0 10.179487179487179 43.58974358974359 54.38461538461539 0.0 0.0 99.82051282051282 0.02564102564102564 0.0
neo-slayer 2018 MAY 4 0 10 0.025 0.0 0.0 1787861.2000 104909.4 61849.4 0.0 0.0 9.95 43.65 56.7 0.0 0.0 99.825 0.025 0.0
neo-slayer 2018 MAY 4 0 20 0.025 0.0 0.0 1787203.4000 105402.5 61884.6 0.0 0.0 9.825 45.55 55.175 0.025 0.0 99.8 0.0 0.0
neo-slayer 2018 MAY 4 0 30 0.1 0.025 0.0 1786286.6000 105979.2 62338.8 0.0 0.0 12.35 45.775 56.325 0.025 0.0 99.775 0.1 0.0
neo-slayer 2018 MAY 4 0 40 0.05 0.0 0.0 1785798.1000 106446.3 62396.4 0.0 0.0 9.425 44.325 55.75 0.0 0.0 99.925 0.0 0.0
neo-slayer 2018 MAY 4 0 50 0.025 0.0 0.0 1785408.7000 106898.7 62423.4 0.0 0.0 10.875 40.725 55.25 0.0 0.0 99.8 0.0 0.0
neo-slayer 2018 MAY 4 1 0 0.025 0.0 0.0 1784961.1000 107266.1 62457.7 0.0 0.0 9.65 44.125 54.125 0.0 0.0 99.85 0.0 0.0
neo-slayer 2018 MAY 4 1 10 0.025 0.0 0.0 1784451.3000 107664.4 62494.8 0.0 0.0 9.7 42.45 55.4 0.0 0.0 99.9 0.0 0.0
neo-slayer 2018 MAY 4 1 20 0.025 0.0 0.0 1784191.9000 108051.8 62528.9 0.0 0.0 9.775 42.4 54.1 0.0 0.0 99.875 0.0 0.0
neo-slayer 2018 MAY 4 1 30 0.025 0.0 0.0 1783672.3000 108540.3 62558.7 0.0 0.0 9.7 41.675 56.225 0.0 0.0 99.875 0.0 0.0
neo-slayer 2018 MAY 4 1 40 0.025 0.0 0.0 1783145.3000 108972.8 62590.9 0.0 0.0 9.525 46.35 54.725 0.0 0.0 99.825 0.0 0.0
neo-slayer 2018 MAY 4 1 50 0.05 0.0 0.0 1782583.3000 109387.7 62624.0 0.0 0.0 10.475 42.5 55.475 0.0 0.0 99.825 0.0 0.0
neo-slayer 2018 MAY 4 2 0 0.075 0.0 0.0 1782346.5000 109803.2 62654.9 0.0 0.0 9.175 44.225 56.05 0.0 0.0 99.925 0.0 0.0
neo-slayer 2018 MAY 4 2 10 0.0 0.0 0.0 1781890.2000 110170.9 62683.4 0.0 0.0 9.1 42.575 53.7 0.0 0.0 99.975 0.0 0.0
neo-slayer 2018 MAY 4 2 20 0.05 0.0 0.0 1781299.9000 110662.8 62719.4 0.0 0.0 9.375 43.675 54.125 0.025 0.0 99.825 0.0 0.0
neo-slayer 2018 MAY 4 2 30 0.075 0.0 0.0 1780735.1000 111150.7 62754.3 0.0 0.0 9.2 44.45 55.125 0.0 0.0 99.925 0.0 0.0
neo-slayer 2018 MAY 4 2 40 0.05 0.025 0.0 1780319.8000 111623.1 62785.9 0.0 0.0 8.95 44.875 54.4 0.0 0.0 99.925 0.0 0.0
neo-slayer 2018 MAY 4 2 50 0.0 0.0 0.0 1779556.5000 112092.4 62817.7 0.0 0.0 10.425 44.5 56.45 0.0 0.0 99.775 0.025 0.0
neo-slayer 2018 MAY 4 3 0 0.025 0.0 0.0 1779337.8000 112512.3 62859.3 0.0 0.0 9.25 44.25 54.8 0.0 0.0 99.9 0.0 0.0
neo-slayer 2018 MAY 4 3 10 0.025 0.025 0.0 1778934.0000 112893.2 62889.3 0.0 0.0 9.225 40.275 54.85 0.0 0.0 99.95 0.0 0.0
neo-slayer 2018 MAY 4 3 20 0.025 0.0 0.0 1778583.0000 113245.4 62920.3 0.0 0.0 9.225 41.275 53.15 0.0 0.0 99.875 0.0 0.0
neo-slayer 2018 MAY 4 3 30 0.0 0.0 0.0 1778170.5000 113593.5 62957.7 0.0 0.0 9.575 43.575 54.95 0.0 0.0 99.9 0.0 0.0
neo-slayer 2018 MAY 4 3 40 0.025 0.025 0.0 1777721.2000 113984.6 62992.3 0.0 0.0 9.15 45.375 54.625 0.0 0.0 99.975 0.0 0.0
neo-slayer 2018 MAY 4 3 50 0.0 0.0 0.0 1777141.1000 114367.5 63025.5 0.0 0.0 10.625 42.7 57.45 0.0 0.0 99.75 0.025 0.0
neo-slayer 2018 MAY 4 4 0 0.05 0.0 0.0 1776844.9000 114765.5 63056.7 0.0 0.0 9.275 66.275 54.0 0.0 0.0 99.95 0.0 0.0
neo-slayer 2018 MAY 4 4 10 0.05 0.0 0.0 1776252.9000 115169.1 63089.3 0.0 0.0 9.175 46.45 57.5 0.0 0.0 99.975 0.0 0.0
neo-slayer 2018 MAY 4 4 20 0.025 0.0 0.0 1775488.9000 115557.6 63126.4 0.0 0.0 9.525 45.525 56.775 0.05 0.0 99.8 0.0 0.0
neo-slayer 2018 MAY 4 4 30 0.0 0.0 0.0 1775465.9000 115931.1 63160.6 0.0 0.0 9.35 41.375 55.075 0.0 0.0 99.925 0.0 0.0
neo-slayer 2018 MAY 4 4 40 0.025 0.025 0.0 1774967.3000 116305.6 63191.2 0.0 0.0 9.1 42.075 55.95 0.0 0.0 99.95 0.0 0.0
neo-slayer 2018 MAY 4 4 50 0.0 0.0 0.0 1774597.0000 116626.8 63225.3 0.0 0.0 10.325 128.025 55.7 0.0 0.0 99.875 0.0 0.0
neo-slayer 2018 MAY 4 5 0 0.025 0.0 0.0 1774073.1000 116980.5 63257.7 0.0 0.0 9.2 88.125 55.0 0.0 0.0 99.85 0.0 0.0
neo-slayer 2018 MAY 4 5 10 0.0 0.0 0.0 1773879.4000 117347.3 63284.7 0.0 0.0 9.325 40.975 55.225 0.0 0.0 99.9 0.0 0.0
neo-slayer 2018 MAY 4 5 20 0.05 0.0 0.0 1773371.6000 117679.9 63323.8 0.0 0.0 9.375 46.1 55.4 0.025 0.0 99.775 0.0 0.0
neo-slayer 2018 MAY 4 5 30 0.0 0.0 0.0 1773226.7000 118000.5 63363.1 0.0 0.0 9.475 42.0 55.675 0.0 0.0 99.925 0.0 0.0
neo-slayer 2018 MAY 4 5 40 0.025 0.0 0.0 1772624.7000 118305.9 63394.0 0.0 0.0 9.325 46.725 54.45 0.025 0.0 99.8 0.0 0.0
neo-slayer 2018 MAY 4 5 50 0.0 0.0 0.0 1772275.5000 118618.7 63427.4 0.0 0.0 10.2 40.625 54.4 0.0 0.0 99.825 0.025 0.0
neo-slayer 2018 MAY 4 6 0 0.05 0.0 0.0 1771619.4000 118918.0 63463.0 0.0 0.0 9.45 44.725 55.225 0.0 0.0 99.8 0.0 0.0
neo-slayer 2018 MAY 4 6 10 0.0 0.0 0.0 1771854.4000 119217.9 63492.0 0.0 0.0 9.275 40.675 55.225 0.0 0.0 99.95 0.0 0.0
neo-slayer 2018 MAY 4 6 20 0.05 0.05 0.0 1735753.1000 134647.7 79212.1 0.0 0.0 18.825 57.375 70.075 0.025 0.05 98.95 0.825 0.0
neo-slayer 2018 MAY 4 6 30 0.0 0.0 0.0 1886516.3000 25786.4 47256.6 0.0 0.0 10.95 43.575 58.625 0.0 0.025 99.525 0.025 0.0
neo-slayer 2018 MAY 4 6 40 0.075 0.0 0.0 1906333.2000 12686.0 41637.9 0.0 0.0 10.025 48.4 58.125 0.0 0.0 99.4 0.075 0.0
neo-slayer 2018 MAY 4 6 50 0.025 0.025 0.0 1905101.4000 13802.4 41673.4 0.0 0.0 9.625 47.15 57.325 0.0 0.0 99.575 0.05 0.0
neo-slayer 2018 MAY 4 7 0 0.0 0.0 0.0 1903886.4000 14918.7 41711.0 0.0 0.0 10.0 52.875 58.3 0.0 0.0 99.725 0.0 0.0
neo-slayer 2018 MAY 4 7 10 0.025 0.0 0.0 1902349.8000 16042.0 41755.8 0.0 0.0 10.05 123.225 57.55 0.0 0.0 99.75 0.05 0.0
neo-slayer 2018 MAY 4 7 20 0.0 0.0 0.0 1900813.8000 17165.0 41798.2 0.0 0.0 11.025 214.7 59.375 0.0 0.0 99.825 0.025 0.0
neo-slayer 2018 MAY 4 7 30 0.075 0.025 0.0 1899801.2000 18282.7 41836.8 0.0 0.0 9.9 51.475 57.4 0.0 0.0 99.775 0.0 0.0
neo-slayer 2018 MAY 4 7 40 0.0 0.0 0.0 1898534.3000 19402.2 41878.9 0.0 0.0 10.275 91.4 58.75 0.0 0.0 99.75 0.025 0.0
neo-slayer 2018 MAY 4 7 50 0.025 0.0 0.0 1897131.5000 20551.8 41929.8 0.0 0.0 10.7 101.625 58.35 0.0 0.0 99.675 0.025 0.0
neo-slayer 2018 MAY 4 8 0 0.0 0.025 0.0 1895649.2000 21784.1 41986.9 0.0 0.0 11.075 179.975 56.3 0.0 0.0 99.675 0.0 0.0
neo-slayer 2018 MAY 4 8 10 0.025 0.0 0.0 1894183.2000 22920.4 42055.9 0.0 0.0 11.65 1076.675 57.575 0.025 0.0 99.375 0.05 0.0
neo-slayer 2018 MAY 4 8 20 0.0 0.0 0.0 1892921.5000 24066.6 42142.3 0.0 0.0 12.925 1343.65 56.625 0.0 0.0 99.5 0.025 0.0
neo-slayer 2018 MAY 4 8 30 0.025 0.025 0.0 1891526.7000 25241.3 42220.8 0.0 0.0 11.125 1541.3 56.55 0.0 0.0 99.45 0.0 0.0
neo-slayer 2018 MAY 4 8 40 0.0 0.0 0.0 1890179.3000 26387.8 42312.6 0.0 0.0 11.35 1658.65 58.025 0.0 0.0 99.475 0.025 0.0
neo-slayer 2018 MAY 4 8 50 0.025 0.0 0.0 1888628.6000 27568.0 42401.7 0.0 0.0 11.2 1623.275 56.525 0.0 0.0 99.4 0.0 0.0
neo-slayer 2018 MAY 4 9 0 0.0 0.0 0.0 1887403.9000 28702.2 42492.5 0.0 0.0 11.525 1530.175 57.85 0.0 0.0 99.275 0.025 0.0
neo-slayer 2018 MAY 4 9 10 0.025 0.0 0.0 1886309.3000 29825.8 42585.0 0.0 0.0 11.075 1614.475 57.775 0.0 0.0 99.3 0.05 0.0
neo-slayer 2018 MAY 4 9 20 0.025 0.0 0.0 1884976.2000 30959.0 42678.5 0.0 0.0 12.45 1723.65 57.875 0.0 0.0 99.325 0.075 0.0
neo-slayer 2018 MAY 4 9 30 0.025 0.0 0.0 1883318.9000 32132.6 42765.3 0.0 0.0 11.55 1622.05 57.725 0.025 0.0 99.25 0.075 0.0
neo-slayer 2018 MAY 4 9 40 0.05 0.025 0.0 1882232.2000 33281.8 42846.4 0.0 0.0 11.55 2678.875 57.3 0.0 0.0 99.3 0.05 0.0
neo-slayer 2018 MAY 4 9 50 0.025 0.0 0.0 1880915.5000 34444.2 42935.0 0.0 0.0 11.725 2842.8 56.75 0.0 0.0 99.25 0.1 0.0
neo-slayer 2018 MAY 4 10 0 0.0 0.0 0.0 1879688.9000 35596.0 43017.7 0.0 0.0 11.8 2473.95 58.075 0.0 0.0 99.225 0.025 0.0
neo-slayer 2018 MAY 4 10 10 0.05 0.025 0.0 1878215.9000 36738.0 43098.7 0.0 0.0 11.5 2167.4 58.05 0.025 0.0 99.425 0.075 0.0
neo-slayer 2018 MAY 4 10 20 0.0 0.0 0.0 1876884.3000 37878.4 43188.5 0.0 0.0 12.8 107.975 58.325 0.0 0.0 99.35 0.075 0.0
neo-slayer 2018 MAY 4 10 30 0.025 0.0 0.0 1875445.3000 39086.6 43277.2 0.0 0.0 11.4 7627.775 57.475 0.0 0.025 99.175 0.1 0.0
neo-slayer 2018 MAY 4 10 40 0.0 0.0 0.0 1874635.4000 40071.3 43366.0 0.0 0.0 11.525 964.45 57.575 0.0 0.0 99.325 0.125 0.0
neo-slayer 2018 MAY 4 10 50 0.025 0.0 0.0 1873546.6000 41051.1 43472.8 0.0 0.0 11.625 408.5 58.65 0.0 0.0 99.35 0.15 0.0
neo-slayer 2018 MAY 4 11 0 0.025 0.0 0.0 1872262.3000 42051.7 43567.5 0.0 0.0 11.7 732.25 58.075 0.025 0.0 99.425 0.1 0.0
neo-slayer 2018 MAY 4 11 10 0.025 0.0 0.0 1871015.5000 43010.4 43667.2 0.0 0.0 11.65 498.75 57.125 0.0 0.0 99.375 0.1 0.0
neo-slayer 2018 MAY 4 11 20 0.025 0.05 0.0 1869952.1000 43982.9 43769.6 0.0 0.0 13.025 317.3 58.75 0.0 0.0 99.375 0.175 0.0
neo-slayer 2018 MAY 4 11 30 0.05 0.0 0.0 1868846.6000 44993.8 43857.8 0.0 0.0 11.225 248.65 56.775 0.0 0.0 99.375 0.0 0.0
neo-slayer 2018 MAY 4 11 40 0.0 0.0 0.0 1867763.7000 45966.8 43948.6 0.0 0.0 11.45 279.75 57.2 0.025 0.0 99.425 0.05 0.0
neo-slayer 2018 MAY 4 11 50 0.05 0.025 0.0 1866468.4000 46996.1 44040.2 0.0 0.0 11.175 168.775 57.0 0.0 0.0 99.375 0.075 0.0
neo-slayer 2018 MAY 4 12 0 0.0 0.0 0.0 1865739.6000 47976.8 44125.8 0.0 0.0 11.425 51.275 57.975 0.025 0.0 99.5 0.025 0.0
neo-slayer 2018 MAY 4 12 10 0.125 0.0 0.0 1864360.5000 48995.5 44205.9 0.0 0.0 11.6 62.525 57.65 0.0 0.0 99.275 0.075 0.0
neo-slayer 2018 MAY 4 12 20 0.025 0.025 0.0 1863568.8000 50035.9 44285.6 0.0 0.0 13.05 48.275 57.55 0.0 0.0 99.45 0.2 0.0
neo-slayer 2018 MAY 4 12 30 0.025 0.0 0.0 1862341.9000 51194.5 44335.0 0.0 0.0 11.25 60.7 55.775 0.0 0.0 99.425 0.15 0.0
neo-slayer 2018 MAY 4 12 40 0.0 0.0 0.0 1861139.2000 52259.9 44399.2 0.0 0.0 11.3 2029.325 56.475 0.0 0.0 99.325 0.05 0.0
neo-slayer 2018 MAY 4 12 50 0.025 0.0 0.0 1859842.0000 53220.7 44464.0 0.0 0.0 11.175 1750.2 56.95 0.025 0.0 99.225 0.175 0.0
neo-slayer 2018 MAY 4 13 0 0.025 0.0 0.0 1858892.7000 54257.5 44539.9 0.0 0.0 12.075 1906.05 60.8 0.0 0.0 99.15 0.25 0.0
neo-slayer 2018 MAY 4 13 10 0.025 0.0 0.0 1857764.1000 55258.9 44613.4 0.0 0.0 11.15 1938.2 55.15 0.0 0.0 99.15 0.075 0.0
neo-slayer 2018 MAY 4 13 20 0.0 0.025 0.0 1856659.6000 56291.1 44684.4 0.0 0.0 11.95 1728.1 57.45 0.0 0.0 99.325 0.075 0.0
neo-slayer 2018 MAY 4 13 30 0.025 0.0 0.0 1855476.6000 57285.2 44724.6 0.0 0.0 10.95 1343.7 57.625 0.0 0.0 99.225 0.025 0.0
neo-slayer 2018 MAY 4 13 40 0.0 0.0 0.0 1854371.4000 58260.9 44792.3 0.0 0.0 11.325 1327.45 57.675 0.025 0.0 99.275 0.05 0.0
neo-slayer 2018 MAY 4 13 50 0.025 0.0 0.0 1853516.0000 59196.7 44864.2 0.0 0.0 10.875 1158.875 55.45 0.0 0.0 99.2 0.075 0.0
neo-slayer 2018 MAY 4 14 0 0.0 0.0 0.0 1852466.4000 60166.4 44933.9 0.0 0.0 11.775 1089.075 59.45 0.0 0.0 99.225 0.125 0.0
neo-slayer 2018 MAY 4 14 10 0.025 0.0 0.0 1851333.5000 61169.4 45007.1 0.0 0.0 11.05 1058.625 56.475 0.0 0.0 99.4 0.025 0.0
neo-slayer 2018 MAY 4 14 20 0.05 0.025 0.0 1850046.6000 62148.9 45078.7 0.0 0.0 10.975 2079.925 57.8 0.0 0.0 99.425 0.05 0.0
neo-slayer 2018 MAY 4 14 30 0.075 0.0 0.0 1848836.7000 63169.6 45126.1 0.0 0.0 12.125 1015.725 56.7 0.0 0.0 99.325 0.075 0.0
neo-slayer 2018 MAY 4 14 40 0.0 0.0 0.0 1847889.1000 64054.2 45197.3 0.0 0.0 11.225 1127.675 56.6 0.0 0.0 99.275 0.075 0.0
neo-slayer 2018 MAY 4 14 50 0.025 0.0 0.0 1846870.2000 64848.6 45272.6 0.0 0.0 10.9 860.225 57.425 0.0 0.0 99.35 0.05 0.0
neo-slayer 2018 MAY 4 15 0 0.0 0.0 0.0 1845943.1000 65717.4 45345.3 0.0 0.0 11.325 908.325 58.55 0.025 0.0 99.375 0.05 0.0
neo-slayer 2018 MAY 4 15 10 0.025 0.0 0.0 1845111.8000 66580.1 45419.7 0.0 0.0 11.15 871.175 56.35 0.0 0.0 99.35 0.075 0.0
neo-slayer 2018 MAY 4 15 20 0.0 0.0 0.0 1844095.5000 67421.3 45492.5 0.0 0.0 11.6 793.175 56.625 0.0 0.0 99.425 0.05 0.0
neo-slayer 2018 MAY 4 15 30 0.075 0.025 0.0 1843349.1000 68208.1 45538.6 0.0 0.0 12.1 765.925 55.5 0.0 0.0 99.1 0.05 0.0
neo-slayer 2018 MAY 4 15 40 0.025 0.0 0.0 1842224.6000 69028.9 45605.2 0.0 0.0 11.625 779.675 57.7 0.0 0.0 99.175 0.075 0.0
neo-slayer 2018 MAY 4 15 50 0.025 0.0 0.0 1841446.3000 69843.9 45667.2 0.0 0.0 11.325 775.525 55.325 0.0 0.0 99.2 0.05 0.0
neo-slayer 2018 MAY 4 16 0 0.1 0.025 0.0 1840486.1000 70674.4 45728.6 0.0 0.0 10.875 765.275 56.825 0.0 0.0 99.15 0.025 0.0
neo-slayer 2018 MAY 4 16 10 0.025 0.025 0.0 1839703.9000 71472.7 45784.5 0.0 0.0 10.825 753.25 57.5 0.0 0.0 99.125 0.1 0.0
neo-slayer 2018 MAY 4 16 20 0.0 0.0 0.0 1838769.8000 72327.2 45848.7 0.0 0.0 12.075 806.575 56.7 0.0 0.0 99.2 0.25 0.0
neo-slayer 2018 MAY 4 16 30 0.025 0.025 0.0 1837808.7000 73094.4 45895.7 0.0 0.0 11.925 832.075 55.65 0.0 0.0 99.1 0.075 0.0
neo-slayer 2018 MAY 4 16 40 0.025 0.0 0.0 1836876.1000 73939.5 45951.7 0.0 0.0 11.675 921.475 56.4 0.0 0.0 99.125 0.2 0.0
neo-slayer 2018 MAY 4 16 50 0.025 0.0 0.0 1835912.7000 74829.1 46012.4 0.0 0.0 10.675 1763.2 56.575 0.0 0.0 99.275 0.075 0.0
neo-slayer 2018 MAY 4 17 0 0.0 0.025 0.0 1834654.6000 75642.9 46064.0 0.0 0.0 10.55 180.225 57.075 0.0 0.0 99.325 0.05 0.0
neo-slayer 2018 MAY 4 17 10 0.025 0.0 0.0 1834032.9000 76473.9 46113.7 0.0 0.0 10.7 142.2 56.175 0.0 0.0 99.275 0.05 0.0
neo-slayer 2018 MAY 4 17 20 0.0 0.0 0.0 1833203.6000 77257.1 46166.4 0.0 0.0 10.95 59.125 55.225 0.0 0.0 99.325 0.025 0.0
neo-slayer 2018 MAY 4 17 30 0.05 0.025 0.0 1832272.4000 78019.2 46203.8 0.0 0.0 11.475 1322.075 54.675 0.0 0.0 99.35 0.025 0.0
neo-slayer 2018 MAY 4 17 40 0.0 0.0 0.0 1831144.5000 78807.0 46255.9 0.0 0.0 10.75 108.45 56.65 0.0 0.0 99.325 0.1 0.0
neo-slayer 2018 MAY 4 17 50 0.025 0.0 0.0 1830321.4000 79600.8 46310.8 0.0 0.0 10.75 117.95 57.35 0.025 0.0 99.325 0.125 0.0
neo-slayer 2018 MAY 4 18 0 0.0 0.05 0.0 1829359.1000 80416.0 46353.4 0.0 0.0 10.575 55.5 58.1 0.0 0.0 99.525 0.05 0.0
neo-slayer 2018 MAY 4 18 10 0.025 0.0 0.0 1828497.5000 81242.4 46402.0 0.0 0.0 10.575 60.05 55.35 0.025 0.0 99.475 0.05 0.0
neo-slayer 2018 MAY 4 18 20 0.0 0.0 0.0 1827544.4000 82039.8 46455.8 0.0 0.0 11.025 51.875 56.25 0.0 0.0 99.45 0.075 0.0
neo-slayer 2018 MAY 4 18 30 0.025 0.0 0.0 1826868.6000 82824.2 46498.6 0.0 0.0 11.7 66.125 55.65 0.0 0.0 99.475 0.025 0.0
neo-slayer 2018 MAY 4 18 40 0.0 0.025 0.0 1825930.5000 83629.5 46547.7 0.0 0.0 10.975 87.225 58.15 0.0 0.0 99.375 0.025 0.0
neo-slayer 2018 MAY 4 18 50 0.025 0.0 0.0 1825264.2000 84371.1 46610.7 0.0 0.0 11.175 130.975 55.425 0.0 0.0 99.4 0.025 0.0
neo-slayer 2018 MAY 4 19 0 0.025 0.0 0.0 1824511.3000 85056.3 46671.4 0.0 0.0 11.675 465.725 56.625 0.0 0.0 99.4 0.0 0.0
neo-slayer 2018 MAY 4 19 10 0.05 0.0 0.0 1823597.6000 85734.7 46743.4 0.0 0.0 11.975 225.2 55.925 0.0 0.0 99.275 0.175 0.0
neo-slayer 2018 MAY 4 19 20 0.0 0.0 0.0 1822795.9000 86437.9 46823.6 0.0 0.0 12.075 334.6 58.175 0.0 0.0 99.2 0.1 0.0
neo-slayer 2018 MAY 4 19 30 0.025 0.0 0.0 1821971.7000 87137.5 46902.1 0.0 0.0 12.55 263.425 56.425 0.0 0.0 99.2 0.1 0.0
neo-slayer 2018 MAY 4 19 40 0.0 0.025 0.0 1820662.4000 87846.8 46994.8 0.0 0.0 11.4 1959.65 57.15 0.0 0.0 99.25 0.05 0.0
neo-slayer 2018 MAY 4 19 50 0.05 0.0 0.0 1819684.5000 88502.2 47081.8 0.0 0.0 11.625 787.075 57.85 0.05 0.0 99.2 0.05 0.0
neo-slayer 2018 MAY 4 20 0 0.0 0.0 0.0 1818811.2000 89148.3 47163.9 0.0 0.0 11.8 2950.7 57.775 0.0 0.025 99.225 0.125 0.0
neo-slayer 2018 MAY 4 20 10 0.025 0.0 0.0 1818219.3000 89787.8 47244.4 0.0 0.0 11.55 1515.925 58.95 0.0 0.0 99.2 0.1 0.0
neo-slayer 2018 MAY 4 20 20 0.0 0.0 0.0 1817501.7000 90425.2 47324.9 0.0 0.0 11.8 260.525 57.1 0.0 0.0 99.125 0.125 0.0
neo-slayer 2018 MAY 4 20 30 0.05 0.0 0.0 1816423.9000 91170.9 47390.5 0.0 0.0 12.85 154.95 57.125 0.025 0.0 99.1 0.075 0.0
neo-slayer 2018 MAY 4 20 40 0.0 0.025 0.0 1815609.6000 91876.2 47457.3 0.0 0.0 11.825 59.525 57.025 0.0 0.0 99.175 0.05 0.0
neo-slayer 2018 MAY 4 20 50 0.025 0.0 0.0 1815184.1000 92583.9 47532.7 0.0 0.0 11.575 80.425 57.975 0.025 0.0 99.225 0.125 0.0
neo-slayer 2018 MAY 4 21 0 0.0 0.0 0.0 1814249.8000 93294.9 47607.7 0.0 0.0 12.05 46.225 57.925 0.0 0.0 99.3 0.025 0.0
neo-slayer 2018 MAY 4 21 10 0.075 0.05 0.0 1813450.3000 93983.1 47680.0 0.0 0.0 11.675 44.7 55.875 0.0 0.0 99.325 0.05 0.0
neo-slayer 2018 MAY 4 21 20 0.0 0.0 0.0 1812653.2000 94634.6 47752.3 0.0 0.0 11.525 44.1 56.625 0.0 0.0 99.425 0.0 0.0
neo-slayer 2018 MAY 4 21 30 0.025 0.0 0.0 1811777.8000 95256.6 47817.8 0.0 0.0 12.5 64.325 56.6 0.025 0.0 99.15 0.05 0.0
neo-slayer 2018 MAY 4 21 40 0.0 0.025 0.0 1811137.6000 96018.8 47877.1 0.0 0.0 11.825 69.5 56.6 0.0 0.0 99.425 0.025 0.0
neo-slayer 2018 MAY 4 21 50 0.025 0.0 0.0 1810331.7000 96741.3 47955.0 0.0 0.0 11.875 78.575 59.4 0.0 0.0 99.275 0.1 0.0
neo-slayer 2018 MAY 4 22 0 0.0 0.0 0.0 1809441.3000 97510.0 48024.3 0.0 0.0 11.7 79.15 56.725 0.0 0.0 99.325 0.025 0.0
neo-slayer 2018 MAY 4 22 10 0.025 0.025 0.0 1808444.4000 98314.7 48095.5 0.0 0.0 11.625 48.35 56.925 0.0 0.0 99.25 0.1 0.0
neo-slayer 2018 MAY 4 22 20 0.0 0.0 0.0 1807714.1000 99020.7 48159.1 0.0 0.0 11.15 40.375 56.5 0.0 0.0 99.6 0.05 0.0
neo-slayer 2018 MAY 4 22 30 0.025 0.0 0.0 1807087.3000 99663.2 48220.0 0.0 0.0 11.275 62.1 57.625 0.0 0.0 99.4 0.05 0.0
neo-slayer 2018 MAY 4 22 40 0.0 0.025 0.0 1806175.5000 100362.9 48268.1 0.0 0.0 12.225 41.2 57.575 0.05 0.0 99.525 0.025 0.0
neo-slayer 2018 MAY 4 22 50 0.025 0.0 0.0 1805518.8000 100992.0 48318.2 0.0 0.0 10.275 40.15 55.15 0.0 0.0 99.75 0.05 0.0
neo-slayer 2018 MAY 4 23 0 0.025 0.0 0.0 1804586.2000 101551.6 48366.7 0.0 0.0 10.575 56.0 58.6 0.05 0.0 99.675 0.0 0.0
neo-slayer 2018 MAY 4 23 10 0.1 0.0 0.0 1803954.9000 102203.2 48415.7 0.0 0.0 10.35 41.65 55.675 0.0 0.0 99.525 0.025 0.0
neo-slayer 2018 MAY 4 23 20 0.0 0.025 0.0 1803374.9000 102786.5 48453.2 0.0 0.0 9.8 38.85 55.05 0.0 0.0 99.825 0.0 0.0
neo-slayer 2018 MAY 4 23 30 0.025 0.0 0.0 1802556.4000 103289.4 48494.1 0.0 0.0 9.675 41.15 56.625 0.025 0.0 99.85 0.0 0.0
neo-slayer 2018 MAY 4 23 40 0.0 0.0 0.0 1802346.5000 103678.0 48525.0 0.0 0.0 10.65 39.25 56.325 0.0 0.0 99.875 0.025 0.0
