yogafire 2018 MAY 3 0 0 0.38461538461538464 0.0 0.0 1867477.7436 264163.1794871795 556840.2051282051 0.0 0.0 27.358974358974358 251.0 163.6153846153846 0.358974358974359 0.5128205128205128 98.82051282051282 0.0 0.0
yogafire 2018 MAY 3 0 10 0.05 0.0 47195.6 1845261.5000 271533.7 528500.9 0.0 0.0 30.325 261.025 165.95 0.525 3.05 96.2 0.025 0.0
yogafire 2018 MAY 3 0 20 0.175 0.0 0.0 1870521.6000 265090.2 545087.2 0.0 0.0 24.575 253.875 162.575 0.45 0.475 98.9 0.025 0.0
yogafire 2018 MAY 3 0 30 0.35 0.125 0.0 1869427.9000 265468.1 547426.7 0.0 0.0 28.0 273.175 175.225 0.575 0.75 98.275 0.025 0.0
yogafire 2018 MAY 3 0 40 0.5 0.0 0.0 1867224.6000 265957.2 550148.6 0.0 0.0 37.85 265.65 167.825 0.825 0.825 98.3 0.05 0.0
yogafire 2018 MAY 3 0 50 0.225 0.225 0.0 1575946.6000 403939.8 392798.8 0.0 0.0 80.5 482.1 329.975 1.25 2.25 90.85 5.55 0.0
yogafire 2018 MAY 3 1 0 0.45 0.0 38918.5 1528721.4000 433314.6 312749.3 0.0 0.0 37.025 292.6 175.975 1.775 3.375 94.65 0.1 0.0
yogafire 2018 MAY 3 1 10 0.425 0.025 0.0 1547030.1000 436986.4 330284.8 0.0 0.0 20.975 275.525 176.925 0.475 0.675 98.475 0.125 0.0
yogafire 2018 MAY 3 1 20 0.2 0.0 0.0 1542085.5000 437454.3 335644.1 0.0 0.0 16.875 252.25 166.25 0.325 0.6 98.975 0.075 0.0
yogafire 2018 MAY 3 1 30 0.25 0.0 0.0 1539230.6000 437808.3 339385.1 0.0 0.0 16.575 252.875 164.675 0.35 0.525 98.95 0.0 0.0
yogafire 2018 MAY 3 1 40 0.15 0.0 38438.3 1510118.3000 435813.0 333088.2 0.0 0.0 22.9 246.6 159.45 0.475 2.825 96.325 0.0 0.0
yogafire 2018 MAY 3 1 50 0.175 0.025 0.0 1533354.0000 438673.6 344308.5 0.0 0.0 24.3 259.15 171.325 0.35 0.625 98.8 0.0 0.0
yogafire 2018 MAY 3 2 0 0.125 0.0 0.0 1532281.6000 439015.4 346826.5 0.0 0.0 23.825 226.15 145.4 0.375 0.525 98.9 0.0 0.0
yogafire 2018 MAY 3 2 10 0.025 0.025 0.0 1537698.0000 439395.7 348194.9 0.0 0.0 22.775 145.025 87.325 0.15 0.425 99.325 0.0 0.0
yogafire 2018 MAY 3 2 20 0.075 0.0 0.0 1540391.5000 439797.4 348647.3 0.0 0.0 26.3 106.125 60.575 0.15 0.325 99.4 0.0 0.0
yogafire 2018 MAY 3 2 30 0.025 0.0 0.0 1539118.9000 440253.4 349020.4 0.0 0.0 27.2 113.3 62.725 0.25 0.35 99.3 0.0 0.0
yogafire 2018 MAY 3 2 40 0.175 0.0 0.0 1540601.2000 440541.5 349286.8 0.0 0.0 13.8 108.325 58.075 0.125 0.325 99.5 0.0 0.0
yogafire 2018 MAY 3 2 50 0.225 0.0 0.0 1542204.1000 440758.1 349432.4 0.0 0.0 7.85 114.45 61.85 0.075 0.375 99.5 0.0 0.0
yogafire 2018 MAY 3 3 0 0.2 0.0 0.0 1537995.6000 441129.0 349815.6 0.0 0.0 14.8 119.35 64.875 0.25 0.4 99.3 0.025 0.0
yogafire 2018 MAY 3 3 10 0.025 0.0 0.0 1539285.8000 441445.7 350025.7 0.0 0.0 8.4 108.25 59.275 0.05 0.35 99.575 0.0 0.0
yogafire 2018 MAY 3 3 20 0.45 0.05 0.0 1535331.8000 442086.5 351656.2 0.0 0.0 18.8 118.275 67.225 0.175 0.425 99.225 0.1 0.0
yogafire 2018 MAY 3 3 30 0.425 0.0 0.0 1531290.6000 443046.7 357142.6 0.0 0.0 13.075 111.9 62.7 0.1 0.35 99.45 0.075 0.0
yogafire 2018 MAY 3 3 40 0.225 0.025 0.0 1524304.8000 443448.9 363861.3 0.0 0.0 12.975 117.425 63.025 0.125 0.3 99.5 0.05 0.0
yogafire 2018 MAY 3 3 50 0.075 0.05 0.0 2807846.2000 41265.4 79177.7 0.0 0.0 24.675 119.25 64.85 0.225 0.45 99.05 0.225 0.0
yogafire 2018 MAY 3 4 0 0.05 0.0 0.0 2855912.2000 22009.1 70121.1 0.0 0.0 16.325 112.0 59.825 0.125 0.35 99.4 0.0 0.0
yogafire 2018 MAY 3 4 10 0.1 0.0 0.0 2854676.9000 23283.0 70499.3 0.0 0.0 21.025 120.3 62.65 0.25 0.35 99.275 0.025 0.0
yogafire 2018 MAY 3 4 20 0.05 0.0 0.0 2849685.2000 25050.7 71209.6 0.0 0.0 21.875 115.35 61.625 0.2 0.4 99.3 0.025 0.0
yogafire 2018 MAY 3 4 30 0.275 0.0 0.0 2847922.7000 26210.6 72076.1 0.0 0.0 20.425 109.225 60.825 0.2 0.325 99.375 0.025 0.0
yogafire 2018 MAY 3 4 40 0.325 0.05 0.0 2843797.2000 29217.7 74136.6 0.0 0.0 14.85 117.9 64.9 0.15 0.375 99.2 0.175 0.0
yogafire 2018 MAY 3 4 50 0.5 0.0 0.0 2836426.5000 33304.9 77165.0 0.0 0.0 11.875 119.5 63.525 0.125 0.55 99.15 0.1 0.0
yogafire 2018 MAY 3 5 0 0.35 0.0 0.0 2829557.8000 34249.2 81927.0 0.0 0.0 10.95 108.025 58.425 0.075 0.325 99.45 0.075 0.0
yogafire 2018 MAY 3 5 10 0.225 0.025 0.0 2821439.2000 34916.0 88752.8 0.0 0.0 9.625 101.7 55.7 0.025 0.3 99.575 0.025 0.0
yogafire 2018 MAY 3 5 20 0.025 0.0 0.0 2816706.2000 38309.5 89511.3 0.0 0.0 14.35 105.5 58.125 0.175 0.325 99.375 0.025 0.0
yogafire 2018 MAY 3 5 30 0.2 0.025 0.0 2810426.1000 40069.4 90200.3 0.0 0.0 18.6 107.875 59.45 0.075 0.325 99.325 0.15 0.0
yogafire 2018 MAY 3 5 40 0.025 0.025 0.0 2803732.2000 42194.5 90717.2 0.0 0.0 21.55 121.675 63.75 0.25 0.4 99.3 0.025 0.0
yogafire 2018 MAY 3 5 50 0.5 0.025 0.0 2799147.8000 43088.6 91156.0 0.0 0.0 23.025 110.7 60.775 0.275 0.45 99.225 0.0 0.0
yogafire 2018 MAY 3 6 0 0.25 0.025 0.0 2801545.8000 43743.1 91406.2 0.0 0.0 17.675 109.35 58.325 0.125 0.3 99.425 0.0 0.0
yogafire 2018 MAY 3 6 10 0.425 0.3 0.0 2741424.1000 72330.3 119257.3 0.0 0.0 85.175 152.975 111.15 0.325 0.825 90.6 8.275 0.0
yogafire 2018 MAY 3 6 20 0.35 0.0 0.0 2595444.5000 160288.9 156873.5 0.0 0.0 39.225 118.975 65.45 0.425 0.425 99.025 0.0 0.0
yogafire 2018 MAY 3 6 30 0.1 0.0 0.0 2549197.1000 161898.4 198719.9 0.0 0.0 55.3 110.575 58.975 0.2 0.4 99.225 0.1 0.0
yogafire 2018 MAY 3 6 40 0.05 0.0 0.0 2547237.7000 162601.3 204634.4 0.0 0.0 12.2 109.625 60.4 0.05 0.325 99.55 0.0 0.0
yogafire 2018 MAY 3 6 50 0.45 0.0 0.0 2543555.8000 163381.2 204918.3 0.0 0.0 18.6 129.625 71.625 0.225 0.525 99.125 0.025 0.0
yogafire 2018 MAY 3 7 0 0.4 0.025 0.0 2539639.6000 164317.5 205929.8 0.0 0.0 29.725 135.2 62.075 1.05 0.525 98.275 0.025 0.0
yogafire 2018 MAY 3 7 10 0.25 0.0 0.0 2534452.3000 165212.7 207695.9 0.0 0.0 24.925 107.8 60.225 0.15 0.325 99.5 0.025 0.0
yogafire 2018 MAY 3 7 20 0.1 0.0 0.0 2534538.1000 165854.6 208353.3 0.0 0.0 9.675 108.125 58.675 0.075 0.35 99.525 0.0 0.0
yogafire 2018 MAY 3 7 30 0.275 0.025 0.0 2534076.0000 166493.9 208557.4 0.0 0.0 12.325 106.25 58.15 0.125 0.325 99.5 0.0 0.0
yogafire 2018 MAY 3 7 40 0.175 0.0 0.0 2530261.0000 167392.2 209177.3 0.0 0.0 20.15 120.65 76.45 0.225 0.4 99.125 0.1 0.0
yogafire 2018 MAY 3 7 50 0.375 0.025 0.0 2492203.8000 169591.5 213076.9 0.0 0.0 54.925 147.45 76.475 2.25 1.175 96.475 0.1 0.0
yogafire 2018 MAY 3 8 0 0.25 0.0 0.0 2459986.7000 174572.8 220660.4 0.0 0.0 98.225 187.6 106.025 1.075 0.95 97.525 0.25 0.0
yogafire 2018 MAY 3 8 10 0.225 0.025 0.0 2452874.0000 177849.0 224533.7 0.0 0.0 30.55 126.375 68.05 0.4 0.45 99.0 0.025 0.0
yogafire 2018 MAY 3 8 20 0.15 0.0 0.0 2452065.1000 178719.8 225568.7 0.0 0.0 54.725 142.15 72.525 0.925 0.475 98.475 0.025 0.0
yogafire 2018 MAY 3 8 30 0.275 0.025 0.0 2451364.3000 179491.5 226133.4 0.0 0.0 21.65 113.45 62.525 0.25 0.35 99.325 0.0 0.0
yogafire 2018 MAY 3 8 40 0.525 0.0 0.0 2442788.3000 180601.0 226864.5 0.0 0.0 29.825 125.925 71.175 0.25 0.5 99.2 0.025 0.0
yogafire 2018 MAY 3 8 50 0.625 0.0 0.0 2348360.4000 182639.5 240218.1 0.0 0.0 81.35 149.975 66.525 1.675 0.675 97.5 0.05 0.0
yogafire 2018 MAY 3 9 0 0.25 0.0 0.0 2295597.7000 183721.4 250847.2 0.0 0.0 105.275 159.775 72.825 1.875 0.775 97.1 0.125 0.0
yogafire 2018 MAY 3 9 10 0.325 0.025 0.0 2224123.0000 184936.8 261188.1 0.0 0.0 82.3 140.5 68.9 1.0 0.625 98.25 0.025 0.0
yogafire 2018 MAY 3 9 20 0.275 0.05 0.0 2205351.8000 187594.8 259822.0 0.0 0.0 71.925 169.875 89.2 0.725 0.7 97.8 0.625 0.0
yogafire 2018 MAY 3 9 30 0.35 0.0 0.0 2186185.5000 193608.0 264482.8 0.0 0.0 41.425 124.875 66.4 0.45 0.45 99.1 0.0 0.0
yogafire 2018 MAY 3 9 40 0.425 0.025 0.0 2183060.7000 194654.2 266122.7 0.0 0.0 33.75 139.85 76.9 0.7 0.575 98.625 0.025 0.0
yogafire 2018 MAY 3 9 50 0.425 0.025 0.0 2187963.6000 195637.1 272521.0 0.0 0.0 37.7 142.05 75.6 0.5 0.55 98.8 0.025 0.0
yogafire 2018 MAY 3 10 0 0.375 0.0 0.0 2206215.5000 196502.2 268196.6 0.0 0.0 32.2 132.5 70.0 0.55 0.5 98.85 0.025 0.0
yogafire 2018 MAY 3 10 10 0.15 0.0 0.0 2191272.2000 197468.6 269314.9 0.0 0.0 31.875 134.95 73.25 0.525 0.55 98.9 0.0 0.0
yogafire 2018 MAY 3 10 20 0.075 0.0 0.0 2186929.4000 198715.0 270059.9 0.0 0.0 35.475 139.05 75.775 0.775 0.575 98.525 0.0 0.0
yogafire 2018 MAY 3 10 30 0.35 0.0 0.0 2186209.9000 199900.7 270389.3 0.0 0.0 29.0 132.675 80.95 0.725 0.45 98.75 0.0 0.0
yogafire 2018 MAY 3 10 40 0.275 0.0 0.0 2187240.6000 200654.3 270790.2 0.0 0.0 14.025 111.775 59.625 0.175 0.35 99.375 0.025 0.0
yogafire 2018 MAY 3 10 50 0.2 0.0 0.0 2179627.0000 201397.8 271481.4 0.0 0.0 43.175 125.45 67.85 0.35 0.475 99.1 0.0 0.0
yogafire 2018 MAY 3 11 0 0.175 0.0 0.0 2176180.3000 202031.8 271947.2 0.0 0.0 26.55 122.55 64.175 0.325 0.425 99.1 0.025 0.0
yogafire 2018 MAY 3 11 10 0.125 0.0 0.0 2173150.9000 202512.6 272119.7 0.0 0.0 17.225 114.325 60.125 0.25 0.375 99.3 0.0 0.0
yogafire 2018 MAY 3 11 20 0.325 0.0 0.0 2158642.5000 203182.8 278645.2 0.0 0.0 146.4 188.425 85.925 2.625 0.975 96.325 0.125 0.0
yogafire 2018 MAY 3 11 30 0.45 0.0 0.0 2153509.8000 204024.9 287662.2 0.0 0.0 65.275 138.25 72.775 0.9 0.625 98.55 0.0 0.0
yogafire 2018 MAY 3 11 40 0.275 0.0 0.0 2151144.9000 205046.4 289495.6 0.0 0.0 81.3 144.475 73.7 0.875 0.725 98.275 0.075 0.0
yogafire 2018 MAY 3 11 50 0.4 0.0 0.0 2152548.4000 205860.9 290044.1 0.0 0.0 20.85 117.325 59.15 0.25 0.35 99.325 0.0 0.0
yogafire 2018 MAY 3 12 0 0.15 0.0 0.0 2150828.1000 206715.8 290599.1 0.0 0.0 40.45 132.15 66.55 0.7 0.475 98.75 0.0 0.0
yogafire 2018 MAY 3 12 10 0.275 0.0 0.0 2149235.6000 207245.3 290852.8 0.0 0.0 22.75 122.85 65.75 0.325 0.425 99.175 0.0 0.0
yogafire 2018 MAY 3 12 20 0.425 0.0 0.0 2136365.2000 207949.3 291012.6 0.0 0.0 33.825 147.125 77.0 0.6 0.525 98.875 0.0 0.0
yogafire 2018 MAY 3 12 30 0.3 0.0 0.0 2145856.2000 208671.9 280014.4 0.0 0.0 22.275 111.55 62.2 0.15 0.325 99.425 0.0 0.0
yogafire 2018 MAY 3 12 40 0.275 0.0 0.0 2146924.8000 209245.9 280262.0 0.0 0.0 18.15 123.725 65.85 0.2 0.4 99.4 0.0 0.0
yogafire 2018 MAY 3 12 50 0.525 0.0 53295.4 2083528.3000 211677.9 273927.6 0.0 0.0 47.1 163.15 94.1 1.45 3.175 95.225 0.025 0.0
yogafire 2018 MAY 3 13 0 0.15 0.0 0.0 2085981.0000 210518.1 281771.6 0.0 0.0 34.775 128.775 73.525 0.425 0.525 98.975 0.0 0.0
yogafire 2018 MAY 3 13 10 0.3 0.0 0.0 2099644.9000 211126.6 282227.8 0.0 0.0 52.0 142.325 78.55 0.525 0.475 98.9 0.0 0.0
yogafire 2018 MAY 3 13 20 0.275 0.0 0.0 2103661.1000 211927.4 282686.4 0.0 0.0 44.325 134.2 72.6 0.475 0.55 98.85 0.0 0.0
yogafire 2018 MAY 3 13 30 0.05 0.0 0.0 2108282.1000 212593.6 283364.2 0.0 0.0 37.25 120.65 64.025 0.5 0.375 98.95 0.0 0.0
yogafire 2018 MAY 3 13 40 0.05 0.0 0.0 2118363.8000 213263.9 283325.7 0.0 0.0 32.275 137.35 72.375 0.4 0.55 98.925 0.0 0.0
yogafire 2018 MAY 3 13 50 0.35 0.025 0.0 2128721.6000 214041.6 283351.3 0.0 0.0 38.275 126.55 67.7 0.7 0.525 98.6 0.025 0.0
yogafire 2018 MAY 3 14 0 0.25 0.0 0.0 2115652.8000 214910.0 283826.3 0.0 0.0 42.35 141.725 77.525 0.625 0.7 98.45 0.025 0.0
yogafire 2018 MAY 3 14 10 0.225 0.025 0.0 2123537.3000 215453.2 284183.3 0.0 0.0 23.6 107.775 59.45 0.2 0.35 99.4 0.0 0.0
yogafire 2018 MAY 3 14 20 0.2 0.025 0.0 2114098.2000 216087.7 284522.4 0.0 0.0 37.125 127.6 73.75 0.4 0.55 98.925 0.0 0.0
yogafire 2018 MAY 3 14 30 0.375 0.0 0.0 2060936.6000 217128.6 330528.7 0.0 0.0 48.775 151.575 83.2 0.6 0.7 98.375 0.175 0.0
yogafire 2018 MAY 3 14 40 0.3 0.0 0.0 2039721.0000 217786.1 355377.4 0.0 0.0 14.7 119.55 64.525 0.15 0.4 99.4 0.0 0.0
yogafire 2018 MAY 3 14 50 0.325 0.0 0.0 2031554.9000 218353.5 355815.0 0.0 0.0 37.825 128.0 72.325 0.525 0.45 98.95 0.0 0.0
yogafire 2018 MAY 3 15 0 0.375 0.0 0.0 2026845.6000 218893.3 356421.4 0.0 0.0 22.75 125.5 71.875 0.25 0.425 99.15 0.025 0.0
yogafire 2018 MAY 3 15 10 0.2 0.0 0.0 2021497.9000 220032.1 360675.3 0.0 0.0 42.575 128.725 69.725 0.4 0.525 98.9 0.05 0.0
yogafire 2018 MAY 3 15 20 0.125 0.0 0.0 2023437.6000 221226.4 363227.8 0.0 0.0 19.975 119.575 66.1 0.2 0.475 99.175 0.0 0.0
yogafire 2018 MAY 3 15 30 0.4 0.0 0.0 2024455.8000 221754.3 363653.0 0.0 0.0 21.35 117.725 63.3 0.5 0.375 99.0 0.0 0.0
yogafire 2018 MAY 3 15 40 0.225 0.0 0.0 2023470.8000 222333.3 364000.8 0.0 0.0 48.875 133.125 71.9 0.525 0.5 98.825 0.0 0.0
yogafire 2018 MAY 3 15 50 0.35 0.0 0.0 2022880.3000 223101.2 364559.2 0.0 0.0 26.75 114.575 62.8 0.3 0.375 99.225 0.0 0.0
yogafire 2018 MAY 3 16 0 0.45 0.0 0.0 2019491.6000 223734.5 365068.2 0.0 0.0 54.85 140.4 77.05 0.625 0.525 98.575 0.025 0.0
yogafire 2018 MAY 3 16 10 0.075 0.025 0.0 2018821.6000 224495.0 366928.6 0.0 0.0 77.55 130.65 78.575 0.55 0.475 98.75 0.1 0.0
yogafire 2018 MAY 3 16 20 0.2 0.0 0.0 2013164.2000 225300.6 372388.3 0.0 0.0 96.85 171.775 77.8 2.0 0.775 97.025 0.1 0.0
yogafire 2018 MAY 3 16 30 0.15 0.0 0.0 2018669.9000 225914.4 370907.9 0.0 0.0 35.2 122.35 65.075 0.4 0.475 99.05 0.025 0.0
yogafire 2018 MAY 3 16 40 0.2 0.05 0.0 2020887.1000 226414.3 369845.9 0.0 0.0 18.1 107.05 55.6 0.125 0.35 99.425 0.0 0.0
yogafire 2018 MAY 3 16 50 0.275 0.0 0.0 2012672.6000 226872.1 370040.3 0.0 0.0 27.475 123.1 68.275 0.475 0.45 99.05 0.0 0.0
yogafire 2018 MAY 3 17 0 0.1 0.0 0.0 2011802.6000 227448.8 370277.3 0.0 0.0 11.85 115.55 61.775 0.125 0.3 99.475 0.0 0.0
yogafire 2018 MAY 3 17 10 0.25 0.025 0.0 2010849.9000 228046.2 370559.5 0.0 0.0 32.975 127.175 69.2 0.325 0.4 99.2 0.0 0.0
yogafire 2018 MAY 3 17 20 0.125 0.025 0.0 2010097.6000 228600.2 370925.4 0.0 0.0 21.125 115.65 64.05 0.15 0.45 99.4 0.025 0.0
yogafire 2018 MAY 3 17 30 0.175 0.0 0.0 2006880.7000 229072.4 370748.6 0.0 0.0 41.0 127.5 66.525 0.625 0.4 98.825 0.0 0.0
yogafire 2018 MAY 3 17 40 0.075 0.0 0.0 2014741.1000 229486.9 370698.8 0.0 0.0 30.25 121.4 67.425 0.325 0.375 99.15 0.0 0.0
yogafire 2018 MAY 3 17 50 0.375 0.025 0.0 2013235.2000 230020.3 371215.7 0.0 0.0 45.175 135.2 74.05 0.575 0.5 98.875 0.0 0.0
yogafire 2018 MAY 3 18 0 0.075 0.0 0.0 2013614.9000 230639.1 372347.1 0.0 0.0 20.725 116.05 64.125 0.15 0.3 99.35 0.025 0.0
yogafire 2018 MAY 3 18 10 0.3 0.0 0.0 2013159.1000 231191.6 373057.7 0.0 0.0 40.15 147.425 78.575 1.1 0.65 98.15 0.0 0.0
yogafire 2018 MAY 3 18 20 0.275 0.025 0.0 2011617.9000 231834.8 374069.2 0.0 0.0 49.2 117.125 65.075 0.175 0.475 99.225 0.0 0.0
yogafire 2018 MAY 3 18 30 0.25 0.0 0.0 2007299.1000 232397.8 375251.3 0.0 0.0 20.25 118.775 61.9 0.3 0.4 99.275 0.025 0.0
yogafire 2018 MAY 3 18 40 0.325 0.0 0.0 2008790.9000 233278.8 375654.1 0.0 0.0 29.6 148.825 85.0 0.15 0.5 98.9 0.35 0.0
yogafire 2018 MAY 3 18 50 0.375 0.0 0.0 1982210.1000 239075.6 381943.5 0.0 0.0 27.55 142.65 78.875 0.375 0.625 98.725 0.2 0.0
yogafire 2018 MAY 3 19 0 0.2 0.0 0.0 1985981.9000 239568.7 382574.7 0.0 0.0 23.625 124.775 64.3 0.85 0.35 98.775 0.0 0.0
yogafire 2018 MAY 3 19 10 0.2 0.0 0.0 1982590.5000 240083.2 381351.7 0.0 0.0 27.625 125.175 70.2 0.275 0.3 99.35 0.0 0.0
yogafire 2018 MAY 3 19 20 0.4 0.0 0.0 1985180.8000 240573.4 381699.3 0.0 0.0 23.2 123.9 71.35 0.25 0.45 99.225 0.0 0.0
yogafire 2018 MAY 3 19 30 0.225 0.025 0.0 1987330.8000 241061.0 382094.4 0.0 0.0 20.525 111.15 64.4 0.15 0.3 99.475 0.0 0.0
yogafire 2018 MAY 3 19 40 0.225 0.0 0.0 1985637.7000 241664.0 382423.0 0.0 0.0 28.1 121.3 72.1 0.225 0.475 99.35 0.0 0.0
yogafire 2018 MAY 3 19 50 0.35 0.0 0.0 1985746.7000 242363.6 382864.1 0.0 0.0 19.7 117.225 67.5 0.2 0.4 99.375 0.025 0.0
yogafire 2018 MAY 3 20 0 0.125 0.0 0.0 1983542.8000 242731.3 383143.3 0.0 0.0 16.525 118.4 67.1 0.15 0.375 99.35 0.025 0.0
yogafire 2018 MAY 3 20 10 0.55 0.0 0.0 1986193.6000 243077.8 383384.7 0.0 0.0 9.625 105.925 58.075 0.075 0.3 99.625 0.0 0.0
yogafire 2018 MAY 3 20 20 0.375 0.0 0.0 1985549.8000 243574.3 384262.1 0.0 0.0 18.25 118.025 69.9 0.1 0.4 99.275 0.075 0.0
yogafire 2018 MAY 3 20 30 0.2 0.0 0.0 1983506.5000 244065.3 384901.5 0.0 0.0 21.675 119.45 67.375 0.175 0.3 99.45 0.0 0.0
yogafire 2018 MAY 3 20 40 0.075 0.0 0.0 1983637.2000 244501.6 385148.8 0.0 0.0 13.675 108.1 63.0 0.025 0.35 99.6 0.0 0.0
yogafire 2018 MAY 3 20 50 0.35 0.0 0.0 1974765.4000 245044.8 385687.3 0.0 0.0 54.975 146.05 86.725 0.775 0.65 98.6 0.025 0.0
yogafire 2018 MAY 3 21 0 0.125 0.0 0.0 1989606.9000 245579.6 385990.4 0.0 0.0 20.025 123.95 71.0 0.2 0.5 99.25 0.0 0.0
yogafire 2018 MAY 3 21 10 0.3 0.0 0.0 1992964.4000 246089.6 386586.7 0.0 0.0 17.975 101.525 57.6 0.15 0.35 99.5 0.0 0.0
yogafire 2018 MAY 3 21 20 0.0 0.0 0.0 1994015.9000 246416.2 386735.9 0.0 0.0 9.8 104.65 55.8 0.05 0.325 99.575 0.0 0.0
yogafire 2018 MAY 3 21 30 0.35 0.0 0.0 1977869.1000 246715.4 386948.2 0.0 0.0 24.025 136.7 75.375 0.4 0.525 98.925 0.025 0.0
yogafire 2018 MAY 3 21 40 0.375 0.0 0.0 1958908.9000 247277.5 405957.0 0.0 0.0 43.225 131.825 63.85 0.925 0.425 98.55 0.025 0.0
yogafire 2018 MAY 3 21 50 0.3 0.0 0.0 1950377.4000 247679.4 415806.3 0.0 0.0 15.55 133.55 73.8 0.2 0.55 99.175 0.0 0.0
yogafire 2018 MAY 3 22 0 0.275 0.0 0.0 1954516.3000 248542.6 416945.0 0.0 0.0 16.7 126.225 68.2 0.05 0.375 99.4 0.05 0.0
yogafire 2018 MAY 3 22 10 0.075 0.0 0.0 1953503.5000 249175.0 417823.4 0.0 0.0 13.675 116.75 64.05 0.1 0.35 99.475 0.05 0.0
yogafire 2018 MAY 3 22 20 0.15 0.0 0.0 1957322.7000 249504.3 417985.9 0.0 0.0 39.075 117.525 60.45 0.325 0.4 99.2 0.0 0.0
yogafire 2018 MAY 3 22 30 0.05 0.0 0.0 1960288.9000 249767.3 418119.0 0.0 0.0 11.5 96.55 54.2 0.1 0.3 99.575 0.0 0.0
yogafire 2018 MAY 3 22 40 0.075 0.0 0.0 1958314.0000 250076.8 418633.3 0.0 0.0 18.375 109.325 60.85 0.175 0.35 99.45 0.0 0.0
yogafire 2018 MAY 3 22 50 0.15 0.0 0.0 1958713.4000 250420.3 418186.5 0.0 0.0 14.325 102.65 56.05 0.05 0.325 99.525 0.0 0.0
yogafire 2018 MAY 3 23 0 0.125 0.0 0.0 1975576.9000 250773.9 401460.2 0.0 0.0 17.65 103.2 57.725 0.075 0.35 99.5 0.0 0.0
yogafire 2018 MAY 3 23 10 0.3 0.0 0.0 1970609.2000 251153.0 401929.0 0.0 0.0 17.9 109.35 60.1 0.15 0.375 99.4 0.0 0.0
yogafire 2018 MAY 3 23 20 0.125 0.0 0.0 1974816.9000 251486.0 402196.8 0.0 0.0 16.55 109.2 58.65 0.075 0.4 99.475 0.0 0.0
yogafire 2018 MAY 3 23 30 0.025 0.0 0.0 1974461.8000 251735.6 402366.0 0.0 0.0 7.4 97.15 51.7 0.0 0.3 99.675 0.0 0.0
yogafire 2018 MAY 3 23 40 0.1 0.0 0.0 1973467.2000 251999.3 402640.4 0.0 0.0 15.05 109.875 58.225 0.1 0.35 99.475 0.0 0.0
