yogafire 2018 MAY 6 0 0 0.1794871794871795 0.02564102564102564 0.0 2150491.2821 244721.7435897436 340967.3846153846 0.0 0.0 14.58974358974359 107.64102564102564 59.64102564102564 0.10256410256410256 0.3333333333333333 99.46153846153847 0.02564102564102564 0.0
yogafire 2018 MAY 6 0 10 0.05 0.0 0.0 2149760.9000 245056.3 341416.4 0.0 0.0 11.525 105.65 56.925 0.075 0.325 99.55 0.0 0.0
yogafire 2018 MAY 6 0 20 0.175 0.0 0.0 2149783.8000 245362.9 341517.5 0.0 0.0 13.475 97.675 55.4 0.1 0.25 99.575 0.0 0.0
yogafire 2018 MAY 6 0 30 0.325 0.05 0.0 2148094.4000 245737.2 341344.8 0.0 0.0 17.35 107.65 60.525 0.15 0.525 99.2 0.025 0.0
yogafire 2018 MAY 6 0 40 0.45 0.0 0.0 2121882.8000 246428.4 362043.0 0.0 0.0 107.775 140.95 58.9 1.8 0.675 97.35 0.05 0.0
yogafire 2018 MAY 6 0 50 0.25 0.2 0.0 1800716.0000 399096.8 211592.6 0.0 0.0 22.675 286.45 198.225 0.45 1.3 93.725 4.4 0.0
yogafire 2018 MAY 6 1 0 0.15 0.025 0.0 1777855.9000 431417.8 144857.1 0.0 0.0 18.625 108.2 59.85 0.175 0.3 99.275 0.05 0.0
yogafire 2018 MAY 6 1 10 0.175 0.0 0.0 1771737.0000 431990.1 150564.6 0.0 0.0 16.75 110.5 57.225 0.075 0.3 99.525 0.0 0.0
yogafire 2018 MAY 6 1 20 0.375 0.0 0.0 1772165.9000 432245.9 151219.7 0.0 0.0 13.6 100.075 55.325 0.05 0.3 99.55 0.025 0.0
yogafire 2018 MAY 6 1 30 0.25 0.0 0.0 1772444.1000 432591.2 151871.9 0.0 0.0 9.0 95.5 54.55 0.0 0.325 99.6 0.025 0.0
yogafire 2018 MAY 6 1 40 0.3 0.0 0.0 1770548.9000 432938.4 152786.1 0.0 0.0 10.95 97.6 55.6 0.0 0.3 99.625 0.025 0.0
yogafire 2018 MAY 6 1 50 0.35 0.075 0.0 1769193.9000 433300.0 153325.1 0.0 0.0 10.425 99.325 55.0 0.05 0.3 99.525 0.05 0.0
yogafire 2018 MAY 6 2 0 0.1 0.0 0.0 1769189.3000 433583.1 153650.3 0.0 0.0 17.825 102.425 55.425 0.05 0.325 99.55 0.0 0.0
yogafire 2018 MAY 6 2 10 0.075 0.0 0.0 1768486.6000 433911.0 153839.5 0.0 0.0 14.95 103.725 56.675 0.05 0.325 99.575 0.0 0.0
yogafire 2018 MAY 6 2 20 0.25 0.0 0.0 1768712.0000 434238.2 154017.4 0.0 0.0 16.9 105.125 56.4 0.125 0.275 99.475 0.025 0.0
yogafire 2018 MAY 6 2 30 0.075 0.0 0.0 1766187.6000 434695.6 155209.9 0.0 0.0 24.05 117.0 62.35 0.225 0.35 99.375 0.025 0.0
yogafire 2018 MAY 6 2 40 0.275 0.025 0.0 1767012.7000 434910.6 155733.3 0.0 0.0 18.4 110.725 59.825 0.125 0.325 99.4 0.0 0.0
yogafire 2018 MAY 6 2 50 0.55 0.0 0.0 1765094.4000 435285.9 156949.3 0.0 0.0 13.425 122.325 65.0 0.125 0.475 99.3 0.05 0.0
yogafire 2018 MAY 6 3 0 0.275 0.0 0.0 1764032.8000 435693.5 157764.8 0.0 0.0 13.15 103.475 56.65 0.15 0.325 99.475 0.0 0.0
yogafire 2018 MAY 6 3 10 0.3 0.0 0.0 1764052.4000 436021.8 157982.6 0.0 0.0 13.075 104.375 57.075 0.1 0.35 99.5 0.0 0.0
yogafire 2018 MAY 6 3 20 0.2 0.0 0.0 1764408.1000 436466.7 158706.1 0.0 0.0 11.975 100.775 54.8 0.025 0.325 99.55 0.05 0.0
yogafire 2018 MAY 6 3 30 0.25 0.0 0.0 1761426.5000 437364.1 160527.6 0.0 0.0 17.0 108.5 58.85 0.175 0.425 99.35 0.0 0.0
yogafire 2018 MAY 6 3 40 0.4 0.025 0.0 1762125.3000 437702.3 160595.2 0.0 0.0 10.075 96.6 53.3 0.05 0.25 99.55 0.0 0.0
yogafire 2018 MAY 6 3 50 0.45 0.0 0.0 2841443.0000 40045.0 65890.6 0.0 0.0 16.925 108.8 58.975 0.075 0.5 99.125 0.15 0.0
yogafire 2018 MAY 6 4 0 0.35 0.0 0.0 2883263.8000 19873.9 68272.6 0.0 0.0 8.975 99.975 54.575 0.05 0.4 99.475 0.0 0.0
yogafire 2018 MAY 6 4 10 0.35 0.025 0.0 2880924.9000 20914.5 68869.7 0.0 0.0 17.0 107.2 56.6 0.075 0.325 99.45 0.075 0.0
yogafire 2018 MAY 6 4 20 0.45 0.0 0.0 2873090.4000 22723.4 69921.0 0.0 0.0 14.15 115.125 61.375 0.125 0.5 99.225 0.05 0.0
yogafire 2018 MAY 6 4 30 0.275 0.05 0.0 2856681.2000 25099.4 71297.8 0.0 0.0 12.475 105.125 58.075 0.075 0.4 99.375 0.025 0.0
yogafire 2018 MAY 6 4 40 0.25 0.05 0.0 2851432.9000 28387.8 72951.2 0.0 0.0 10.0 118.475 64.55 0.075 0.425 99.325 0.1 0.0
yogafire 2018 MAY 6 4 50 0.4 0.0 0.0 2846696.8000 30342.4 74400.4 0.0 0.0 10.575 101.15 54.5 0.075 0.35 99.55 0.0 0.0
yogafire 2018 MAY 6 5 0 0.225 0.0 0.0 2843878.7000 31335.8 74507.0 0.0 0.0 12.675 101.575 55.425 0.025 0.4 99.55 0.0 0.0
yogafire 2018 MAY 6 5 10 0.15 0.0 0.0 2843611.5000 32057.2 74631.8 0.0 0.0 15.375 100.8 54.95 0.075 0.325 99.5 0.0 0.0
yogafire 2018 MAY 6 5 20 0.0 0.0 0.0 2842582.6000 32902.2 74773.6 0.0 0.0 10.675 102.825 55.775 0.025 0.35 99.625 0.0 0.0
yogafire 2018 MAY 6 5 30 0.1 0.0 0.0 2837700.1000 34412.0 75566.4 0.0 0.0 10.45 96.25 55.05 0.05 0.325 99.55 0.025 0.0
yogafire 2018 MAY 6 5 40 0.125 0.025 0.0 2835886.9000 35260.8 75742.4 0.0 0.0 13.7 102.7 57.35 0.1 0.35 99.525 0.0 0.0
yogafire 2018 MAY 6 5 50 0.3 0.0 0.0 2831333.6000 36409.4 75965.5 0.0 0.0 15.2 104.45 57.45 0.1 0.325 99.475 0.0 0.0
yogafire 2018 MAY 6 6 0 0.175 0.025 0.0 2824592.8000 38582.2 77042.2 0.0 0.0 20.05 111.725 62.8 0.175 0.325 99.3 0.15 0.0
yogafire 2018 MAY 6 6 10 0.275 0.35 0.0 2766105.4000 64902.3 106372.0 0.0 0.0 101.625 157.9 109.225 0.375 0.875 90.625 7.9 0.0
yogafire 2018 MAY 6 6 20 0.1 0.0 0.0 2620282.4000 150624.6 150363.6 0.0 0.0 22.975 121.075 62.825 0.275 0.325 99.275 0.0 0.0
yogafire 2018 MAY 6 6 30 0.15 0.0 0.0 2618396.7000 151653.2 150647.0 0.0 0.0 26.6 112.125 61.35 0.2 0.45 99.175 0.175 0.0
yogafire 2018 MAY 6 6 40 0.15 0.0 0.0 2613197.9000 153267.0 150864.6 0.0 0.0 12.875 114.65 62.225 0.075 0.325 99.525 0.0 0.0
yogafire 2018 MAY 6 6 50 0.25 0.0 0.0 2613815.5000 153961.6 150965.8 0.0 0.0 9.85 101.45 54.875 0.025 0.325 99.625 0.025 0.0
yogafire 2018 MAY 6 7 0 0.125 0.0 0.0 2612790.2000 154605.1 151054.5 0.0 0.0 13.2 99.325 57.325 0.025 0.325 99.6 0.0 0.0
yogafire 2018 MAY 6 7 10 0.075 0.0 0.0 2614304.3000 155241.1 151163.9 0.0 0.0 10.65 99.25 53.625 0.1 0.3 99.575 0.025 0.0
yogafire 2018 MAY 6 7 20 0.1 0.0 0.0 2611081.3000 156072.2 151390.3 0.0 0.0 12.9 115.0 63.425 0.1 0.525 99.325 0.0 0.0
yogafire 2018 MAY 6 7 30 0.2 0.0 0.0 2609291.9000 156794.4 151600.6 0.0 0.0 12.05 105.575 56.8 0.05 0.275 99.575 0.0 0.0
yogafire 2018 MAY 6 7 40 0.15 0.0 0.0 2600574.9000 157966.6 153259.9 0.0 0.0 21.475 126.2 69.15 0.225 0.5 99.05 0.075 0.0
yogafire 2018 MAY 6 7 50 0.2 0.0 0.0 2573103.4000 160949.1 158564.5 0.0 0.0 55.625 131.35 71.725 1.6 1.0 97.15 0.15 0.0
yogafire 2018 MAY 6 8 0 0.0 0.0 0.0 2577015.8000 162033.0 158953.7 0.0 0.0 17.6 110.575 62.075 0.125 0.4 99.425 0.0 0.0
yogafire 2018 MAY 6 8 10 0.175 0.0 0.0 2583786.0000 162796.7 158824.1 0.0 0.0 21.175 106.975 57.825 0.15 0.275 99.5 0.025 0.0
yogafire 2018 MAY 6 8 20 0.25 0.025 0.0 2583975.4000 163452.5 158970.7 0.0 0.0 23.3 120.3 62.85 0.275 0.35 99.325 0.0 0.0
yogafire 2018 MAY 6 8 30 0.175 0.0 0.0 2582109.4000 164104.7 159240.4 0.0 0.0 16.0 100.025 55.15 0.075 0.25 99.575 0.0 0.0
yogafire 2018 MAY 6 8 40 0.15 0.025 0.0 2582877.2000 164647.7 159430.8 0.0 0.0 11.825 100.125 55.15 0.05 0.3 99.6 0.0 0.0
yogafire 2018 MAY 6 8 50 0.2 0.025 0.0 2582547.4000 165101.0 159592.5 0.0 0.0 10.9 99.375 58.2 0.0 0.325 99.6 0.0 0.0
yogafire 2018 MAY 6 9 0 0.0 0.0 0.0 2580470.3000 165771.7 159800.4 0.0 0.0 19.725 104.7 57.475 0.25 0.325 99.4 0.0 0.0
yogafire 2018 MAY 6 9 10 0.225 0.0 0.0 2580413.2000 166370.2 159980.3 0.0 0.0 11.575 101.0 55.175 0.05 0.3 99.625 0.0 0.0
yogafire 2018 MAY 6 9 20 0.3 0.025 0.0 2578025.8000 166959.0 160171.7 0.0 0.0 13.725 107.4 62.0 0.1 0.375 99.425 0.0 0.0
yogafire 2018 MAY 6 9 30 0.125 0.0 0.0 2578306.7000 167667.3 160567.4 0.0 0.0 9.6 96.625 52.35 0.025 0.275 99.675 0.0 0.0
yogafire 2018 MAY 6 9 40 0.175 0.0 0.0 2577502.9000 168171.7 160641.9 0.0 0.0 10.15 100.425 53.6 0.0 0.325 99.625 0.0 0.0
yogafire 2018 MAY 6 9 50 0.3 0.0 0.0 2574015.7000 168795.2 160915.6 0.0 0.0 22.975 119.325 63.6 0.5 0.375 99.025 0.0 0.0
yogafire 2018 MAY 6 10 0 0.1 0.0 0.0 2560449.0000 169790.3 162302.4 0.0 0.0 11.7 106.5 57.55 0.075 0.35 99.45 0.025 0.0
yogafire 2018 MAY 6 10 10 0.25 0.0 0.0 2557601.4000 170478.0 162535.0 0.0 0.0 13.4 109.075 57.175 0.1 0.3 99.55 0.025 0.0
yogafire 2018 MAY 6 10 20 0.2 0.0 0.0 2554858.2000 171170.3 162719.1 0.0 0.0 18.65 120.25 66.325 0.2 0.35 99.35 0.025 0.0
yogafire 2018 MAY 6 10 30 0.45 0.025 0.0 2550468.9000 171896.1 162922.2 0.0 0.0 19.55 111.3 60.2 0.2 0.3 99.325 0.0 0.0
yogafire 2018 MAY 6 10 40 0.375 0.0 0.0 2546014.2000 172543.9 163082.7 0.0 0.0 16.625 108.5 59.525 0.15 0.275 99.525 0.0 0.0
yogafire 2018 MAY 6 10 50 0.225 0.0 0.0 2545453.4000 173216.0 163448.0 0.0 0.0 14.35 109.425 57.9 0.225 0.3 99.375 0.0 0.0
yogafire 2018 MAY 6 11 0 0.175 0.0 0.0 2548337.4000 173924.6 163700.0 0.0 0.0 24.225 109.725 60.425 0.2 0.3 99.375 0.0 0.0
yogafire 2018 MAY 6 11 10 0.175 0.0 0.0 2546891.5000 174624.6 168357.4 0.0 0.0 55.35 110.45 64.375 0.075 0.325 99.525 0.0 0.0
yogafire 2018 MAY 6 11 20 0.2 0.0 0.0 2544835.0000 175215.1 170392.4 0.0 0.0 16.65 104.825 58.725 0.15 0.35 99.45 0.0 0.0
yogafire 2018 MAY 6 11 30 0.25 0.0 0.0 2521319.4000 182814.8 173898.9 0.0 0.0 14.575 120.275 68.05 0.075 0.35 98.925 0.5 0.0
yogafire 2018 MAY 6 11 40 0.2 0.0 0.0 2517077.6000 184772.9 174784.8 0.0 0.0 11.5 105.65 58.9 0.075 0.325 99.55 0.0 0.0
yogafire 2018 MAY 6 11 50 0.325 0.0 0.0 2515704.5000 185405.2 175043.2 0.0 0.0 23.0 118.725 67.3 0.325 0.35 99.275 0.0 0.0
yogafire 2018 MAY 6 12 0 0.25 0.0 0.0 2520557.2000 186145.1 175370.5 0.0 0.0 12.875 101.175 59.8 0.025 0.35 99.575 0.0 0.0
yogafire 2018 MAY 6 12 10 0.325 0.0 0.0 2519560.1000 186927.8 175617.2 0.0 0.0 27.95 115.025 64.075 0.225 0.325 99.3 0.05 0.0
yogafire 2018 MAY 6 12 20 0.325 0.025 0.0 2517045.3000 187693.8 175890.8 0.0 0.0 23.275 112.425 64.9 0.175 0.375 99.375 0.025 0.0
yogafire 2018 MAY 6 12 30 0.125 0.0 0.0 2521018.0000 188546.0 176226.5 0.0 0.0 24.8 105.825 58.975 0.225 0.325 99.3 0.025 0.0
yogafire 2018 MAY 6 12 40 0.2 0.025 0.0 2520826.6000 189182.1 176629.4 0.0 0.0 13.725 101.325 57.325 0.075 0.3 99.575 0.0 0.0
yogafire 2018 MAY 6 12 50 0.2 0.025 0.0 2516444.1000 189893.8 177970.0 0.0 0.0 17.1 101.825 55.575 0.05 0.25 99.475 0.0 0.0
yogafire 2018 MAY 6 13 0 0.275 0.025 0.0 2514907.8000 190358.9 178101.9 0.0 0.0 11.675 110.175 59.425 0.05 0.275 99.55 0.05 0.0
yogafire 2018 MAY 6 13 10 0.2 0.0 0.0 2513591.3000 190824.9 178285.3 0.0 0.0 14.2 108.325 57.575 0.075 0.3 99.525 0.0 0.0
yogafire 2018 MAY 6 13 20 0.175 0.0 0.0 2512205.9000 191287.1 178422.5 0.0 0.0 9.075 108.35 57.525 0.025 0.35 99.625 0.0 0.0
yogafire 2018 MAY 6 13 30 0.225 0.0 0.0 2512320.8000 191700.8 178380.2 0.0 0.0 33.75 111.675 65.15 0.175 0.3 99.375 0.0 0.0
yogafire 2018 MAY 6 13 40 0.375 0.0 0.0 2510857.9000 192271.3 178594.7 0.0 0.0 16.175 111.575 61.0 0.125 0.3 99.475 0.0 0.0
yogafire 2018 MAY 6 13 50 0.05 0.0 0.0 2509702.7000 192822.7 178911.3 0.0 0.0 19.375 106.55 58.275 0.25 0.275 99.35 0.0 0.0
yogafire 2018 MAY 6 14 0 0.125 0.0 0.0 2508173.7000 193391.4 179340.7 0.0 0.0 19.15 108.175 57.45 0.075 0.325 99.55 0.0 0.0
yogafire 2018 MAY 6 14 10 0.175 0.0 0.0 2506274.1000 194140.5 180436.3 0.0 0.0 75.85 132.725 66.25 0.3 0.35 99.1 0.15 0.0
yogafire 2018 MAY 6 14 20 0.25 0.025 0.0 2489176.5000 201903.5 191333.9 0.0 0.0 49.7 162.95 93.0 0.35 0.5 98.325 0.65 0.0
yogafire 2018 MAY 6 14 30 0.3 0.025 0.0 2478526.6000 204021.8 194460.2 0.0 0.0 14.55 111.4 62.025 0.05 0.25 99.575 0.0 0.0
yogafire 2018 MAY 6 14 40 0.35 0.0 0.0 2477306.0000 204556.0 194639.4 0.0 0.0 13.05 109.45 62.575 0.125 0.325 99.525 0.0 0.0
yogafire 2018 MAY 6 14 50 0.35 0.0 0.0 2472807.4000 205500.0 194830.0 0.0 0.0 15.4 103.875 62.6 0.15 0.425 99.325 0.05 0.0
yogafire 2018 MAY 6 15 0 0.125 0.0 0.0 2468937.7000 206504.8 195076.9 0.0 0.0 20.225 107.25 62.425 0.1 0.35 99.425 0.0 0.0
yogafire 2018 MAY 6 15 10 0.25 0.0 0.0 2469035.0000 207007.2 195256.2 0.0 0.0 15.825 102.125 58.625 0.05 0.3 99.55 0.0 0.0
yogafire 2018 MAY 6 15 20 0.15 0.0 0.0 2468779.0000 207443.3 195456.2 0.0 0.0 16.775 106.05 59.975 0.075 0.35 99.5 0.025 0.0
yogafire 2018 MAY 6 15 30 0.15 0.0 0.0 2461327.7000 208345.5 196667.1 0.0 0.0 28.325 127.175 75.5 0.15 0.45 99.3 0.025 0.0
yogafire 2018 MAY 6 15 40 0.1 0.0 0.0 2460556.6000 209215.6 197821.6 0.0 0.0 11.925 105.625 61.15 0.1 0.3 99.55 0.0 0.0
yogafire 2018 MAY 6 15 50 0.2 0.0 0.0 2458909.8000 209673.1 198093.6 0.0 0.0 23.275 111.0 62.875 0.175 0.4 99.325 0.0 0.0
yogafire 2018 MAY 6 16 0 0.075 0.0 0.0 2460335.7000 210241.1 198408.5 0.0 0.0 19.05 114.025 64.45 0.125 0.375 99.45 0.0 0.0
yogafire 2018 MAY 6 16 10 0.3 0.0 0.0 2458111.3000 210818.5 201396.3 0.0 0.0 46.55 109.575 66.55 0.2 0.275 99.35 0.0 0.0
yogafire 2018 MAY 6 16 20 0.125 0.0 0.0 2456008.6000 211451.3 201757.3 0.0 0.0 23.45 110.975 62.8 0.2 0.4 99.3 0.0 0.0
yogafire 2018 MAY 6 16 30 0.1 0.025 0.0 2455791.9000 212049.0 202014.7 0.0 0.0 18.4 109.775 63.4 0.2 0.3 99.375 0.0 0.0
yogafire 2018 MAY 6 16 40 0.05 0.0 0.0 2456605.6000 212600.7 202645.1 0.0 0.0 24.075 106.775 61.025 0.05 0.375 99.475 0.025 0.0
yogafire 2018 MAY 6 16 50 0.275 0.0 0.0 2454403.3000 213149.9 203073.3 0.0 0.0 24.525 113.675 62.875 0.15 0.275 99.35 0.0 0.0
yogafire 2018 MAY 6 17 0 0.125 0.0 0.0 2454207.2000 213633.9 203244.9 0.0 0.0 23.45 116.55 65.2 0.175 0.35 99.375 0.0 0.0
yogafire 2018 MAY 6 17 10 0.1 0.0 0.0 2453155.5000 214130.0 203451.7 0.0 0.0 17.025 108.775 60.075 0.125 0.3 99.525 0.0 0.0
yogafire 2018 MAY 6 17 20 0.125 0.0 0.0 2452813.7000 214615.5 203636.2 0.0 0.0 19.525 105.525 58.425 0.075 0.325 99.525 0.0 0.0
yogafire 2018 MAY 6 17 30 0.075 0.0 0.0 2450124.7000 215133.8 203928.1 0.0 0.0 18.8 115.125 64.575 0.2 0.45 99.325 0.025 0.0
yogafire 2018 MAY 6 17 40 0.175 0.025 0.0 2448104.8000 215571.4 204169.8 0.0 0.0 12.925 117.3 65.7 0.075 0.475 99.35 0.0 0.0
yogafire 2018 MAY 6 17 50 0.2 0.0 0.0 2444460.9000 216079.4 204225.4 0.0 0.0 27.55 116.225 62.675 0.325 0.325 99.275 0.0 0.0
yogafire 2018 MAY 6 18 0 0.2 0.0 0.0 2444387.4000 216639.6 204215.6 0.0 0.0 15.275 115.8 63.325 0.1 0.475 99.35 0.0 0.0
yogafire 2018 MAY 6 18 10 0.2 0.0 0.0 2443231.7000 217056.5 204437.0 0.0 0.0 11.975 103.775 60.725 0.05 0.275 99.625 0.0 0.0
yogafire 2018 MAY 6 18 20 0.15 0.025 0.0 2443283.1000 217492.7 204564.3 0.0 0.0 13.525 108.0 61.95 0.05 0.375 99.5 0.0 0.0
yogafire 2018 MAY 6 18 30 0.225 0.0 0.0 2448937.7000 217843.5 204606.2 0.0 0.0 13.775 102.35 56.275 0.05 0.325 99.55 0.0 0.0
yogafire 2018 MAY 6 18 40 0.0 0.0 0.0 2451088.4000 218216.6 204662.2 0.0 0.0 9.15 102.7 56.35 0.025 0.35 99.6 0.0 0.0
yogafire 2018 MAY 6 18 50 0.375 0.0 0.0 2439446.8000 218706.3 205389.7 0.0 0.0 27.675 185.325 109.925 0.25 0.5 99.0 0.05 0.0
yogafire 2018 MAY 6 19 0 0.225 0.0 0.0 2415447.7000 220865.8 220341.8 0.0 0.0 46.275 243.3 151.3 0.25 0.65 98.65 0.175 0.0
yogafire 2018 MAY 6 19 10 0.25 0.025 0.0 2365028.1000 228192.5 254022.2 0.0 0.0 52.275 263.375 160.525 0.25 0.775 98.4 0.325 0.0
yogafire 2018 MAY 6 19 20 0.325 0.0 0.0 2373860.0000 229332.8 255435.1 0.0 0.0 24.375 225.7 137.0 0.15 0.5 99.05 0.0 0.0
yogafire 2018 MAY 6 19 30 0.15 0.0 0.0 2376838.8000 230051.5 256658.8 0.0 0.0 16.75 184.975 112.25 0.075 0.325 99.325 0.0 0.0
yogafire 2018 MAY 6 19 40 0.075 0.0 0.0 2349710.1000 230761.1 277656.4 0.0 0.0 48.625 131.575 62.375 1.025 0.675 98.225 0.025 0.0
yogafire 2018 MAY 6 19 50 0.35 0.0 0.0 2345554.7000 231262.1 285779.8 0.0 0.0 10.65 107.4 56.5 0.25 0.275 99.35 0.0 0.0
yogafire 2018 MAY 6 20 0 0.125 0.0 0.0 2342055.6000 231633.6 285972.4 0.0 0.0 15.05 113.925 59.7 0.125 0.325 99.525 0.0 0.0
yogafire 2018 MAY 6 20 10 0.15 0.0 0.0 2335880.9000 232090.3 286144.9 0.0 0.0 12.925 114.325 65.775 0.0 0.35 99.525 0.0 0.0
yogafire 2018 MAY 6 20 20 0.275 0.0 0.0 2327713.8000 232470.6 285388.6 0.0 0.0 11.675 105.525 61.45 0.125 0.325 99.325 0.1 0.0
yogafire 2018 MAY 6 20 30 0.175 0.0 0.0 2345272.3000 232782.7 268495.9 0.0 0.0 10.05 108.7 59.975 0.0 0.325 99.35 0.1 0.0
yogafire 2018 MAY 6 20 40 0.1 0.0 0.0 2344194.8000 233193.0 269529.1 0.0 0.0 22.475 125.875 73.875 0.225 0.525 98.85 0.325 0.0
yogafire 2018 MAY 6 20 50 0.3 0.0 0.0 2337835.8000 233887.7 275228.9 0.0 0.0 30.85 129.35 69.525 0.35 0.525 98.4 0.575 0.0
yogafire 2018 MAY 6 21 0 0.1 0.0 0.0 2339732.4000 234250.2 276421.3 0.0 0.0 15.475 111.075 60.825 0.15 0.35 98.925 0.6 0.0
yogafire 2018 MAY 6 21 10 0.3 0.05 0.0 2343188.2000 234530.1 276595.4 0.0 0.0 13.125 101.55 53.4 0.275 0.275 98.925 0.325 0.0
yogafire 2018 MAY 6 21 20 0.05 0.05 0.0 2342525.0000 234894.3 276798.4 0.0 0.0 16.95 105.95 57.375 0.1 0.3 99.35 0.075 0.0
yogafire 2018 MAY 6 21 30 0.2 0.0 0.0 2342719.6000 235275.1 276948.9 0.0 0.0 9.775 99.675 55.45 0.025 0.25 99.625 0.0 0.0
yogafire 2018 MAY 6 21 40 0.225 0.0 0.0 2342180.2000 235571.1 277020.7 0.0 0.0 10.625 103.85 55.95 0.0 0.3 99.6 0.0 0.0
yogafire 2018 MAY 6 21 50 0.25 0.025 0.0 2340283.7000 235906.1 278206.2 0.0 0.0 22.15 104.675 60.325 0.05 0.35 99.5 0.0 0.0
yogafire 2018 MAY 6 22 0 0.0 0.025 58505.0 2286033.2000 237284.5 271876.4 0.0 0.0 19.725 96.325 55.15 0.075 2.775 97.1 0.0 0.0
yogafire 2018 MAY 6 22 10 0.15 0.025 0.0 2336982.3000 236616.4 279202.8 0.0 0.0 14.7 95.625 56.325 0.075 0.25 99.5 0.025 0.0
yogafire 2018 MAY 6 22 20 0.125 0.0 0.0 2336564.9000 237089.9 279789.1 0.0 0.0 11.5 104.25 58.05 0.05 0.35 99.55 0.0 0.0
yogafire 2018 MAY 6 22 30 0.325 0.025 0.0 2297422.0000 238021.3 290309.3 0.0 0.0 83.175 147.475 64.025 1.95 0.7 97.2 0.05 0.0
yogafire 2018 MAY 6 22 40 0.225 0.0 0.0 2300062.3000 238458.9 288390.8 0.0 0.0 11.35 105.65 61.15 0.1 0.35 99.475 0.0 0.0
yogafire 2018 MAY 6 22 50 0.125 0.0 0.0 2299840.2000 238871.8 288545.9 0.0 0.0 14.3 120.275 65.85 0.1 0.35 99.3 0.025 0.0
yogafire 2018 MAY 6 23 0 0.025 0.0 0.0 2300137.5000 239245.1 288639.7 0.0 0.0 13.525 102.7 59.2 0.075 0.325 99.55 0.0 0.0
yogafire 2018 MAY 6 23 10 0.45 0.025 0.0 2299251.1000 239661.2 288955.2 0.0 0.0 11.35 98.325 57.925 0.025 0.3 99.525 0.05 0.0
yogafire 2018 MAY 6 23 20 0.125 0.0 0.0 2299201.8000 240095.3 289590.2 0.0 0.0 13.45 103.7 59.975 0.05 0.35 99.55 0.0 0.0
yogafire 2018 MAY 6 23 30 0.175 0.0 0.0 2298253.6000 240496.6 289758.6 0.0 0.0 11.25 104.675 58.025 0.0 0.275 99.675 0.0 0.0
yogafire 2018 MAY 6 23 40 0.3 0.0 0.0 2297079.5000 240904.3 289900.3 0.0 0.0 13.075 111.425 59.2 0.0 0.3 99.55 0.025 0.0
