yogafire 2018 MAY 1 0 0 0.20512820512820512 0.0 0.0 2112535.3846 236622.97435897434 386215.3846153846 0.0 0.0 16.17948717948718 101.82051282051282 56.17948717948718 0.07692307692307693 0.358974358974359 99.43589743589743 0.0 0.0
yogafire 2018 MAY 1 0 10 0.025 0.0 0.0 2120347.3000 236881.9 378103.2 0.0 0.0 13.75 103.45 57.45 0.075 0.325 99.525 0.0 0.0
yogafire 2018 MAY 1 0 20 0.475 0.0 0.0 2118440.2000 237180.9 378258.8 0.0 0.0 16.95 101.075 57.075 0.125 0.35 99.425 0.0 0.0
yogafire 2018 MAY 1 0 30 0.425 0.025 0.0 2105308.7000 237770.7 390228.2 0.0 0.0 30.45 122.775 67.225 0.25 0.6 99.025 0.1 0.0
yogafire 2018 MAY 1 0 40 0.325 0.025 0.0 2100807.2000 238305.1 394643.5 0.0 0.0 18.95 106.575 56.35 0.125 0.275 99.475 0.0 0.0
yogafire 2018 MAY 1 0 50 0.375 0.225 0.0 1766785.0000 399225.2 244536.7 0.0 0.0 44.7 312.15 217.75 0.575 1.525 93.425 4.575 0.0
yogafire 2018 MAY 1 1 0 0.4 0.025 0.0 1737586.9000 434518.2 184754.6 0.0 0.0 10.75 117.825 66.975 0.075 0.45 99.325 0.1 0.0
yogafire 2018 MAY 1 1 10 0.2 0.0 0.0 1728362.1000 434888.8 193863.2 0.0 0.0 13.975 122.075 63.95 0.05 0.4 99.35 0.075 0.0
yogafire 2018 MAY 1 1 20 0.3 0.0 0.0 1721753.8000 435242.6 199413.1 0.0 0.0 11.2 106.3 58.9 0.05 0.375 99.525 0.0 0.0
yogafire 2018 MAY 1 1 30 0.2 0.0 0.0 1722027.1000 435515.2 200040.7 0.0 0.0 10.1 101.625 56.175 0.0 0.275 99.55 0.025 0.0
yogafire 2018 MAY 1 1 40 0.225 0.0 0.0 1720484.0000 435722.5 200915.2 0.0 0.0 13.95 106.875 57.0 0.075 0.3 99.525 0.025 0.0
yogafire 2018 MAY 1 1 50 0.1 0.0 0.0 1720181.2000 436016.0 201646.3 0.0 0.0 16.3 111.325 60.275 0.075 0.4 99.45 0.05 0.0
yogafire 2018 MAY 1 2 0 0.175 0.0 0.0 1718808.2000 436420.5 202337.8 0.0 0.0 23.125 111.875 57.975 0.2 0.375 99.4 0.075 0.0
yogafire 2018 MAY 1 2 10 0.025 0.0 0.0 1718717.2000 436719.2 202633.5 0.0 0.0 17.85 112.65 58.775 0.125 0.325 99.5 0.0 0.0
yogafire 2018 MAY 1 2 20 0.35 0.0 0.0 1719353.3000 436917.4 202878.8 0.0 0.0 20.725 102.7 55.7 0.175 0.3 99.425 0.0 0.0
yogafire 2018 MAY 1 2 30 0.125 0.0 0.0 1718401.0000 437321.9 203213.7 0.0 0.0 31.0 115.225 61.325 0.175 0.35 99.275 0.0 0.0
yogafire 2018 MAY 1 2 40 0.225 0.0 0.0 1716666.3000 437748.2 203665.5 0.0 0.0 26.525 108.2 59.625 0.225 0.4 99.325 0.0 0.0
yogafire 2018 MAY 1 2 50 0.325 0.0 0.0 1716326.5000 438137.7 204011.5 0.0 0.0 16.7 111.85 57.425 0.275 0.325 99.3 0.0 0.0
yogafire 2018 MAY 1 3 0 0.4 0.0 0.0 1716000.9000 438341.2 204626.3 0.0 0.0 20.15 136.3 72.6 0.2 0.55 99.175 0.025 0.0
yogafire 2018 MAY 1 3 10 0.3 0.0 0.0 1703077.1000 438748.9 217316.3 0.0 0.0 16.15 124.6 65.175 0.1 0.375 99.3 0.075 0.0
yogafire 2018 MAY 1 3 20 0.375 0.0 0.0 1699577.2000 439277.7 219958.5 0.0 0.0 15.65 110.35 60.65 0.1 0.3 99.3 0.1 0.0
yogafire 2018 MAY 1 3 30 0.2 0.0 0.0 1699450.0000 440084.4 221818.4 0.0 0.0 12.2 100.425 55.825 0.05 0.35 99.55 0.0 0.0
yogafire 2018 MAY 1 3 40 0.275 0.0 0.0 1700429.3000 440188.2 221950.2 0.0 0.0 9.55 100.3 54.025 0.05 0.3 99.6 0.0 0.0
yogafire 2018 MAY 1 3 50 0.125 0.025 0.0 2812115.7000 41226.4 71489.2 0.0 0.0 18.875 104.1 59.175 0.1 0.35 99.25 0.075 0.0
yogafire 2018 MAY 1 4 0 0.15 0.0 0.0 2863103.3000 21507.4 69980.5 0.0 0.0 14.0 98.85 58.45 0.025 0.35 99.5 0.05 0.0
yogafire 2018 MAY 1 4 10 0.2 0.0 0.0 2857679.9000 22834.0 71089.8 0.0 0.0 20.65 104.45 58.975 0.175 0.375 99.35 0.1 0.0
yogafire 2018 MAY 1 4 20 0.175 0.0 0.0 2854318.7000 24490.7 71976.9 0.0 0.0 33.5 116.725 63.525 0.275 0.425 99.175 0.0 0.0
yogafire 2018 MAY 1 4 30 0.225 0.0 0.0 2847557.8000 26927.6 73910.1 0.0 0.0 24.525 111.85 60.65 0.275 0.4 99.15 0.125 0.0
yogafire 2018 MAY 1 4 40 0.125 0.025 0.0 2842312.8000 29296.5 75567.3 0.0 0.0 15.0 107.1 59.15 0.1 0.35 99.475 0.075 0.0
yogafire 2018 MAY 1 4 50 0.35 0.025 0.0 2833953.8000 33315.6 78273.2 0.0 0.0 24.275 126.4 72.075 0.15 0.525 99.025 0.15 0.0
yogafire 2018 MAY 1 5 0 0.375 0.025 0.0 2818539.7000 36448.1 86974.0 0.0 0.0 25.925 131.85 71.1 0.3 0.5 99.025 0.15 0.0
yogafire 2018 MAY 1 5 10 0.2 0.025 0.0 2815005.0000 37381.3 89617.6 0.0 0.0 17.05 108.1 57.675 0.075 0.325 99.5 0.0 0.0
yogafire 2018 MAY 1 5 20 0.0 0.0 0.0 2814316.5000 38227.9 89748.5 0.0 0.0 16.75 109.425 58.025 0.1 0.375 99.425 0.0 0.0
yogafire 2018 MAY 1 5 30 0.4 0.0 0.0 2811853.9000 39150.7 89987.4 0.0 0.0 20.0 109.9 57.975 0.175 0.35 99.425 0.0 0.0
yogafire 2018 MAY 1 5 40 0.025 0.0 0.0 2812884.1000 40164.1 90061.6 0.0 0.0 25.15 127.9 70.625 0.275 0.375 99.2 0.0 0.0
yogafire 2018 MAY 1 5 50 0.375 0.0 0.0 2814008.9000 41137.5 90349.3 0.0 0.0 15.2 108.775 59.5 0.15 0.325 99.45 0.0 0.0
yogafire 2018 MAY 1 6 0 0.225 0.0 0.0 2811609.8000 41913.2 90523.5 0.0 0.0 15.5 115.375 63.675 0.15 0.35 99.375 0.0 0.0
yogafire 2018 MAY 1 6 10 0.325 0.3 0.0 2746235.3000 71522.3 118440.0 0.0 0.0 90.925 156.625 109.575 0.325 0.725 91.475 7.35 0.0
yogafire 2018 MAY 1 6 20 0.175 0.0 0.0 2609019.2000 153046.1 155089.9 0.0 0.0 20.775 119.95 66.575 0.375 0.375 99.15 0.0 0.0
yogafire 2018 MAY 1 6 30 0.2 0.0 0.0 2608358.6000 154042.5 155404.0 0.0 0.0 14.125 103.85 58.975 0.15 0.325 99.425 0.05 0.0
yogafire 2018 MAY 1 6 40 0.225 0.0 0.0 2606612.3000 154910.8 155630.5 0.0 0.0 18.1 122.275 65.975 0.125 0.4 99.375 0.0 0.0
yogafire 2018 MAY 1 6 50 0.5 0.0 0.0 2605545.0000 155793.7 156340.7 0.0 0.0 18.4 133.25 70.1 0.425 0.45 99.05 0.05 0.0
yogafire 2018 MAY 1 7 0 0.075 0.0 0.0 2600075.9000 156871.7 160609.1 0.0 0.0 18.725 124.925 67.6 0.15 0.4 99.275 0.1 0.0
yogafire 2018 MAY 1 7 10 0.225 0.025 0.0 2597393.2000 157913.8 162777.7 0.0 0.0 15.025 107.5 59.7 0.075 0.325 99.6 0.0 0.0
yogafire 2018 MAY 1 7 20 0.5 0.025 0.0 2584831.7000 160267.5 165596.7 0.0 0.0 29.3 133.175 72.925 0.55 0.5 98.725 0.1 0.0
yogafire 2018 MAY 1 7 30 0.025 0.0 0.0 2575307.3000 162219.4 168049.6 0.0 0.0 24.775 115.925 64.55 0.175 0.4 99.35 0.025 0.0
yogafire 2018 MAY 1 7 40 0.0 0.0 0.0 2582913.1000 162985.8 168277.8 0.0 0.0 11.175 104.425 57.5 0.0 0.275 99.65 0.0 0.0
yogafire 2018 MAY 1 7 50 0.25 0.0 0.0 2561039.5000 164948.5 169868.8 0.0 0.0 66.525 156.55 82.175 2.15 1.4 96.225 0.1 0.0
yogafire 2018 MAY 1 8 0 0.05 0.0 0.0 2559993.5000 166245.4 170401.3 0.0 0.0 41.15 149.5 81.3 0.325 0.4 99.15 0.025 0.0
yogafire 2018 MAY 1 8 10 0.475 0.0 0.0 2561752.0000 167234.4 170807.4 0.0 0.0 31.1 133.275 72.175 0.3 0.375 99.175 0.0 0.0
yogafire 2018 MAY 1 8 20 0.125 0.0 0.0 2559220.8000 168443.9 171779.0 0.0 0.0 47.925 151.65 91.1 0.475 0.5 98.85 0.05 0.0
yogafire 2018 MAY 1 8 30 0.4 0.0 0.0 2555318.5000 169603.7 172596.2 0.0 0.0 30.55 137.425 80.725 0.375 0.375 99.125 0.025 0.0
yogafire 2018 MAY 1 8 40 0.3 0.0 0.0 2554117.2000 170512.9 173345.2 0.0 0.0 23.675 195.3 114.45 0.125 0.425 99.225 0.0 0.0
yogafire 2018 MAY 1 8 50 0.475 0.0 0.0 2556877.4000 171341.0 174014.1 0.0 0.0 13.55 105.75 58.0 0.0 0.375 99.575 0.0 0.0
yogafire 2018 MAY 1 9 0 0.25 0.0 0.0 2539968.0000 172777.9 175755.1 0.0 0.0 61.75 165.4 95.3 0.6 0.725 98.45 0.1 0.0
yogafire 2018 MAY 1 9 10 0.275 0.0 0.0 2547605.7000 173928.1 176789.5 0.0 0.0 16.575 112.475 62.275 0.125 0.325 99.4 0.0 0.0
yogafire 2018 MAY 1 9 20 0.25 0.025 0.0 2531360.5000 176684.9 186562.5 0.0 0.0 34.2 146.35 74.875 0.275 0.5 99.0 0.175 0.0
yogafire 2018 MAY 1 9 30 0.3 0.0 0.0 2518333.3000 179202.7 193650.2 0.0 0.0 25.05 120.025 66.725 0.2 0.4 99.25 0.025 0.0
yogafire 2018 MAY 1 9 40 0.475 0.025 0.0 2514010.5000 180384.9 195219.3 0.0 0.0 36.15 131.875 70.8 0.4 0.475 99.0 0.15 0.0
yogafire 2018 MAY 1 9 50 0.25 0.0 0.0 2504661.2000 182171.5 197209.4 0.0 0.0 27.825 120.175 65.15 0.35 0.4 99.15 0.05 0.0
yogafire 2018 MAY 1 10 0 0.0 0.0 0.0 2497536.7000 183369.2 197600.2 0.0 0.0 22.7 117.475 64.525 0.175 0.325 99.45 0.025 0.0
yogafire 2018 MAY 1 10 10 0.1 0.025 0.0 2496919.8000 184005.8 197815.3 0.0 0.0 18.5 107.55 59.9 0.125 0.325 99.475 0.0 0.0
yogafire 2018 MAY 1 10 20 0.275 0.0 0.0 2511592.5000 184691.5 198187.6 0.0 0.0 30.175 124.9 67.9 0.425 0.45 99.125 0.0 0.0
yogafire 2018 MAY 1 10 30 0.225 0.0 0.0 2498593.4000 185522.0 198788.6 0.0 0.0 28.45 125.05 70.125 0.45 0.375 99.075 0.0 0.0
yogafire 2018 MAY 1 10 40 0.25 0.0 0.0 2427295.9000 186261.4 205713.8 0.0 0.0 92.85 153.175 68.25 1.775 0.75 97.275 0.1 0.0
yogafire 2018 MAY 1 10 50 0.25 0.0 0.0 2346170.0000 187058.6 207986.2 0.0 0.0 17.125 107.1 58.1 0.15 0.3 99.475 0.0 0.0
yogafire 2018 MAY 1 11 0 0.25 0.0 0.0 2344622.6000 187660.1 208232.7 0.0 0.0 18.725 104.125 59.875 0.175 0.375 99.425 0.0 0.0
yogafire 2018 MAY 1 11 10 0.45 0.0 0.0 2343330.0000 188536.5 208959.4 0.0 0.0 21.7 114.95 62.2 0.2 0.425 99.2 0.025 0.0
yogafire 2018 MAY 1 11 20 0.375 0.05 0.0 2340951.8000 189423.3 209590.9 0.0 0.0 18.65 112.525 61.05 0.125 0.4 99.4 0.0 0.0
yogafire 2018 MAY 1 11 30 0.2 0.0 0.0 2338135.3000 190042.9 209848.0 0.0 0.0 17.725 113.25 62.025 0.075 0.35 99.475 0.0 0.0
yogafire 2018 MAY 1 11 40 0.05 0.0 0.0 2336089.1000 190600.8 210255.5 0.0 0.0 14.5 111.825 60.85 0.1 0.35 99.475 0.0 0.0
yogafire 2018 MAY 1 11 50 0.325 0.0 0.0 2337779.9000 191149.6 210492.5 0.0 0.0 20.5 115.05 60.375 0.1 0.325 99.475 0.0 0.0
yogafire 2018 MAY 1 12 0 0.225 0.0 0.0 2336908.7000 191713.6 210797.3 0.0 0.0 20.525 117.725 61.65 0.325 0.3 99.275 0.0 0.0
yogafire 2018 MAY 1 12 10 0.225 0.025 0.0 2335894.5000 192307.8 211036.6 0.0 0.0 17.925 109.85 59.3 0.075 0.25 99.525 0.0 0.0
yogafire 2018 MAY 1 12 20 0.05 0.0 0.0 2333906.7000 193036.3 211307.0 0.0 0.0 33.4 122.925 66.95 0.3 0.45 99.15 0.025 0.0
yogafire 2018 MAY 1 12 30 0.4 0.0 0.0 2333543.2000 193776.7 211747.2 0.0 0.0 23.725 115.825 62.7 0.15 0.325 99.4 0.0 0.0
yogafire 2018 MAY 1 12 40 0.375 0.0 0.0 2332963.0000 194368.4 212048.5 0.0 0.0 15.225 110.475 59.7 0.05 0.35 99.5 0.025 0.0
yogafire 2018 MAY 1 12 50 0.35 0.0 0.0 2330518.0000 194984.3 212607.8 0.0 0.0 32.625 115.625 62.9 0.425 0.375 99.125 0.025 0.0
yogafire 2018 MAY 1 13 0 0.55 0.0 0.0 2328534.7000 195595.7 212864.8 0.0 0.0 18.1 116.85 68.8 0.05 0.425 99.5 0.0 0.0
yogafire 2018 MAY 1 13 10 0.15 0.0 0.0 2329342.0000 196398.0 213263.0 0.0 0.0 20.85 112.825 59.125 0.1 0.3 99.525 0.0 0.0
yogafire 2018 MAY 1 13 20 0.1 0.0 0.0 2328544.7000 197085.6 213648.0 0.0 0.0 19.1 110.25 60.8 0.1 0.4 99.375 0.025 0.0
yogafire 2018 MAY 1 13 30 0.275 0.0 0.0 2327645.2000 197690.4 213881.8 0.0 0.0 16.65 105.225 57.55 0.075 0.325 99.5 0.0 0.0
yogafire 2018 MAY 1 13 40 0.375 0.0 0.0 2326025.0000 198171.7 214086.5 0.0 0.0 12.75 112.775 59.175 0.05 0.375 99.575 0.0 0.0
yogafire 2018 MAY 1 13 50 0.225 0.0 0.0 2324320.5000 198708.3 214157.4 0.0 0.0 21.5 112.925 59.975 0.1 0.325 99.45 0.0 0.0
yogafire 2018 MAY 1 14 0 0.25 0.0 0.0 2318511.6000 199289.4 217213.7 0.0 0.0 27.0 129.15 66.15 0.4 0.4 99.05 0.075 0.0
yogafire 2018 MAY 1 14 10 0.4 0.025 0.0 2311954.7000 200150.8 221549.7 0.0 0.0 33.175 130.475 70.325 0.325 0.35 98.975 0.175 0.0
yogafire 2018 MAY 1 14 20 0.4 0.025 0.0 2305839.3000 201557.1 223649.5 0.0 0.0 27.9 124.1 67.6 0.25 0.4 99.25 0.0 0.0
yogafire 2018 MAY 1 14 30 0.3 0.0 0.0 2300438.0000 202398.2 224812.3 0.0 0.0 28.8 124.725 68.875 0.3 0.4 99.25 0.0 0.0
yogafire 2018 MAY 1 14 40 0.25 0.025 0.0 2299292.2000 203603.2 226532.0 0.0 0.0 47.225 156.7 81.65 0.725 0.8 98.45 0.1 0.0
yogafire 2018 MAY 1 14 50 0.25 0.0 0.0 2301675.4000 206249.1 225708.5 0.0 0.0 45.825 154.95 80.475 0.55 0.725 98.6 0.025 0.0
yogafire 2018 MAY 1 15 0 0.05 0.0 0.0 2301375.8000 207070.2 226093.8 0.0 0.0 24.975 117.05 64.7 0.275 0.35 99.3 0.025 0.0
yogafire 2018 MAY 1 15 10 0.4 0.0 0.0 2301025.5000 207593.2 226437.8 0.0 0.0 20.425 117.275 60.8 0.175 0.325 99.35 0.0 0.0
yogafire 2018 MAY 1 15 20 0.475 0.0 0.0 2297975.5000 208125.3 226786.2 0.0 0.0 30.5 130.025 71.3 0.325 0.5 99.05 0.0 0.0
yogafire 2018 MAY 1 15 30 0.275 0.0 0.0 2297392.2000 208848.4 226949.1 0.0 0.0 22.975 124.625 66.325 0.3 0.35 99.225 0.0 0.0
yogafire 2018 MAY 1 15 40 0.175 0.0 0.0 2297940.1000 209446.0 227190.6 0.0 0.0 22.275 113.275 62.075 0.1 0.375 99.425 0.0 0.0
yogafire 2018 MAY 1 15 50 0.25 0.0 0.0 2296295.9000 209989.9 228753.7 0.0 0.0 52.375 135.45 63.275 0.975 0.5 98.375 0.0 0.0
yogafire 2018 MAY 1 16 0 0.0 0.0 0.0 2296698.6000 210525.8 227587.5 0.0 0.0 20.325 118.575 63.175 0.125 0.35 99.45 0.0 0.0
yogafire 2018 MAY 1 16 10 0.35 0.0 0.0 2305217.7000 211096.1 227899.2 0.0 0.0 26.075 123.6 66.375 0.2 0.35 99.275 0.0 0.0
yogafire 2018 MAY 1 16 20 0.475 0.0 0.0 2295677.0000 211811.1 228480.7 0.0 0.0 39.5 137.225 74.575 0.45 0.525 98.95 0.0 0.0
yogafire 2018 MAY 1 16 30 0.4 0.0 0.0 2288783.6000 212644.7 232251.5 0.0 0.0 35.45 179.825 102.975 0.225 0.425 98.925 0.1 0.0
yogafire 2018 MAY 1 16 40 0.45 0.0 0.0 2283935.5000 213453.5 234798.0 0.0 0.0 26.925 230.025 140.7 0.15 0.425 99.1 0.0 0.0
yogafire 2018 MAY 1 16 50 0.25 0.0 0.0 2283453.5000 214031.3 236844.5 0.0 0.0 24.675 224.325 135.65 0.15 0.45 99.1 0.0 0.0
yogafire 2018 MAY 1 17 0 0.225 0.0 0.0 2281716.9000 214687.3 238191.9 0.0 0.0 28.85 236.05 140.5 0.225 0.525 98.975 0.025 0.0
yogafire 2018 MAY 1 17 10 0.2 0.025 0.0 2281969.0000 215355.4 239666.7 0.0 0.0 20.275 215.275 131.425 0.075 0.325 99.3 0.0 0.0
yogafire 2018 MAY 1 17 20 0.2 0.0 0.0 2279219.3000 215899.4 240530.3 0.0 0.0 18.05 111.675 65.125 0.1 0.375 99.425 0.0 0.0
yogafire 2018 MAY 1 17 30 0.625 0.025 0.0 2278173.2000 216369.7 240824.8 0.0 0.0 19.275 117.05 61.55 0.175 0.325 99.375 0.05 0.0
yogafire 2018 MAY 1 17 40 0.35 0.0 0.0 2276692.2000 216834.9 241148.0 0.0 0.0 21.225 131.7 70.4 0.125 0.725 99.025 0.0 0.0
yogafire 2018 MAY 1 17 50 1.075 0.025 1474903.7 928444.1000 233445.2 85117.5 0.0 0.0 621.825 600.975 122.85 53.625 23.925 19.575 0.0 0.0
yogafire 2018 MAY 1 18 0 0.1 0.025 0.0 2195852.2000 218211.0 263009.5 0.0 0.0 124.7 155.425 110.45 0.2 0.675 98.8 0.2 0.0
yogafire 2018 MAY 1 18 10 0.275 0.0 0.0 2135934.1000 220217.8 319690.2 0.0 0.0 20.0 117.2 64.2 0.1 0.325 99.375 0.0 0.0
yogafire 2018 MAY 1 18 20 0.35 0.0 0.0 2134742.4000 220839.7 320033.9 0.0 0.0 14.25 112.575 61.425 0.05 0.325 99.525 0.0 0.0
yogafire 2018 MAY 1 18 30 0.35 0.0 0.0 2136440.5000 221199.7 320211.8 0.0 0.0 12.7 102.475 57.725 0.0 0.375 99.5 0.05 0.0
yogafire 2018 MAY 1 18 40 0.4 0.075 0.0 2120913.5000 223899.2 324042.6 0.0 0.0 36.625 161.05 87.75 0.125 0.425 98.475 0.725 0.0
yogafire 2018 MAY 1 18 50 0.375 0.0 0.0 2120034.2000 227737.5 328177.4 0.0 0.0 19.175 123.9 63.7 0.4 0.4 99.075 0.025 0.0
yogafire 2018 MAY 1 19 0 0.225 0.0 0.0 2120542.6000 228228.3 328246.6 0.0 0.0 14.15 113.025 62.65 0.075 0.4 99.45 0.0 0.0
yogafire 2018 MAY 1 19 10 0.25 0.0 0.0 2118707.3000 228643.9 328539.6 0.0 0.0 20.3 117.025 63.35 0.175 0.35 99.3 0.025 0.0
yogafire 2018 MAY 1 19 20 0.025 0.0 0.0 2120019.2000 229061.6 328636.3 0.0 0.0 12.175 111.175 60.3 0.025 0.3 99.55 0.0 0.0
yogafire 2018 MAY 1 19 30 0.175 0.025 0.0 2119381.2000 229467.5 328688.7 0.0 0.0 11.7 107.25 60.225 0.05 0.3 99.55 0.0 0.0
yogafire 2018 MAY 1 19 40 0.1 0.0 0.0 2117534.6000 229890.4 328887.5 0.0 0.0 18.1 106.725 62.225 0.05 0.35 99.5 0.05 0.0
yogafire 2018 MAY 1 19 50 0.475 0.025 0.0 2116068.8000 230339.7 330143.8 0.0 0.0 23.825 104.6 64.5 0.1 0.35 99.45 0.0 0.0
yogafire 2018 MAY 1 20 0 0.175 0.0 0.0 2115249.8000 230759.8 330503.2 0.0 0.0 28.1 114.65 65.625 0.225 0.35 99.3 0.0 0.0
yogafire 2018 MAY 1 20 10 0.175 0.0 0.0 2118844.1000 231255.4 330862.2 0.0 0.0 34.4 117.5 66.2 0.05 0.325 99.55 0.0 0.0
yogafire 2018 MAY 1 20 20 0.3 0.0 0.0 2117090.1000 231706.8 334115.6 0.0 0.0 82.725 128.025 80.125 0.1 0.45 99.375 0.0 0.0
yogafire 2018 MAY 1 20 30 0.175 0.025 0.0 2107949.9000 232199.1 341964.5 0.0 0.0 34.275 106.3 62.825 0.175 0.4 99.425 0.0 0.0
yogafire 2018 MAY 1 20 40 0.0 0.0 0.0 2109398.1000 232543.3 342475.4 0.0 0.0 9.775 102.4 54.725 0.0 0.3 99.65 0.0 0.0
yogafire 2018 MAY 1 20 50 0.5 0.025 0.0 2108723.8000 232884.8 342605.2 0.0 0.0 14.9 105.5 56.225 0.025 0.325 99.575 0.0 0.0
yogafire 2018 MAY 1 21 0 0.425 0.025 0.0 2107622.6000 233207.9 342760.5 0.0 0.0 13.625 107.7 60.3 0.025 0.325 99.525 0.0 0.0
yogafire 2018 MAY 1 21 10 0.35 0.0 0.0 2107328.7000 233515.2 342890.7 0.0 0.0 15.975 109.075 60.05 0.075 0.325 99.575 0.0 0.0
yogafire 2018 MAY 1 21 20 0.45 0.0 0.0 2106529.4000 233919.1 343136.0 0.0 0.0 19.8 112.65 61.0 0.1 0.375 99.45 0.025 0.0
yogafire 2018 MAY 1 21 30 0.275 0.0 0.0 2103785.2000 234369.0 343464.9 0.0 0.0 26.575 125.475 66.9 0.2 0.425 99.275 0.025 0.0
yogafire 2018 MAY 1 21 40 0.425 0.025 0.0 2103302.8000 234770.9 343789.2 0.0 0.0 14.375 121.95 61.975 0.075 0.425 99.45 0.0 0.0
yogafire 2018 MAY 1 21 50 0.225 0.0 0.0 2103566.9000 235092.9 343978.9 0.0 0.0 11.475 111.4 59.825 0.05 0.325 99.5 0.0 0.0
yogafire 2018 MAY 1 22 0 0.075 0.0 0.0 2102439.9000 235436.9 344150.9 0.0 0.0 12.525 104.45 58.05 0.0 0.35 99.625 0.0 0.0
yogafire 2018 MAY 1 22 10 0.325 0.0 0.0 2102598.2000 235807.1 344306.4 0.0 0.0 25.825 112.15 60.225 0.15 0.35 99.475 0.0 0.0
yogafire 2018 MAY 1 22 20 0.3 0.0 0.0 2103992.7000 236111.9 344413.4 0.0 0.0 12.525 106.875 57.175 0.025 0.35 99.575 0.0 0.0
yogafire 2018 MAY 1 22 30 0.475 0.0 0.0 2102729.7000 236500.1 344467.8 0.0 0.0 11.8 106.45 55.775 0.025 0.325 99.625 0.0 0.0
yogafire 2018 MAY 1 22 40 0.125 0.0 0.0 2102544.1000 236833.9 344644.2 0.0 0.0 13.1 110.375 58.2 0.05 0.35 99.575 0.0 0.0
yogafire 2018 MAY 1 22 50 0.475 0.0 0.0 2101432.3000 237162.9 344955.0 0.0 0.0 20.575 114.0 58.925 0.1 0.375 99.5 0.0 0.0
yogafire 2018 MAY 1 23 0 0.525 0.025 0.0 2101299.8000 237502.3 345160.8 0.0 0.0 11.1 108.4 57.8 0.025 0.325 99.475 0.0 0.0
yogafire 2018 MAY 1 23 10 0.15 0.0 0.0 2101069.3000 237865.4 345317.7 0.0 0.0 14.525 99.925 55.7 0.025 0.3 99.6 0.0 0.0
yogafire 2018 MAY 1 23 20 0.4 0.0 0.0 2100278.1000 238213.0 345990.1 0.0 0.0 15.825 110.1 59.3 0.0 0.375 99.575 0.0 0.0
yogafire 2018 MAY 1 23 30 0.125 0.0 0.0 2098741.2000 238605.5 346234.1 0.0 0.0 14.125 107.9 59.825 0.025 0.3 99.6 0.0 0.0
yogafire 2018 MAY 1 23 40 0.275 0.0 0.0 2095579.0000 239041.2 346481.0 0.0 0.0 16.15 114.4 63.15 0.15 0.375 99.425 0.0 0.0
