yogafire 2018 MAY 5 0 0 0.2564102564102564 0.0 0.0 1821215.4872 249724.8205128205 521595.28205128206 0.0 0.0 16.743589743589745 110.8974358974359 58.94871794871795 0.15384615384615385 0.48717948717948717 99.3076923076923 0.02564102564102564 0.0
yogafire 2018 MAY 5 0 10 0.2 0.0 0.0 1817825.6000 250125.4 521780.4 0.0 0.0 15.95 104.9 56.4 0.125 0.35 99.5 0.0 0.0
yogafire 2018 MAY 5 0 20 0.225 0.0 0.0 1816917.7000 250446.0 521950.7 0.0 0.0 14.225 114.825 58.65 0.275 0.325 99.375 0.0 0.0
yogafire 2018 MAY 5 0 30 0.075 0.1 0.0 1816683.9000 250840.8 522004.0 0.0 0.0 26.375 122.775 66.85 0.35 0.5 99.025 0.05 0.0
yogafire 2018 MAY 5 0 40 0.225 0.025 0.0 1816943.9000 251236.1 522217.0 0.0 0.0 27.375 110.475 59.85 0.375 0.4 99.15 0.0 0.0
yogafire 2018 MAY 5 0 50 0.325 0.55 0.0 1554737.9000 389083.4 348518.2 0.0 0.0 69.65 348.75 219.8 0.55 1.65 85.925 11.875 0.0
yogafire 2018 MAY 5 1 0 0.125 0.05 0.0 1571623.5000 436322.5 206361.1 0.0 0.0 27.975 116.05 65.175 0.425 0.4 98.85 0.275 0.0
yogafire 2018 MAY 5 1 10 0.075 0.0 0.0 1565891.7000 436781.4 212533.3 0.0 0.0 12.55 105.55 58.125 0.15 0.375 99.325 0.0 0.0
yogafire 2018 MAY 5 1 20 0.275 0.0 0.0 1566439.3000 436983.3 213217.7 0.0 0.0 12.85 107.025 57.0 0.1 0.3 99.55 0.0 0.0
yogafire 2018 MAY 5 1 30 0.0 0.0 0.0 1566622.6000 437345.2 213605.8 0.0 0.0 9.85 104.2 57.625 0.075 0.325 99.525 0.0 0.0
yogafire 2018 MAY 5 1 40 0.325 0.025 0.0 1565737.6000 437675.3 214109.6 0.0 0.0 14.325 110.45 58.1 0.225 0.375 99.2 0.1 0.0
yogafire 2018 MAY 5 1 50 0.2 0.0 0.0 1564912.3000 437984.3 214752.2 0.0 0.0 10.55 105.55 56.25 0.075 0.35 99.475 0.075 0.0
yogafire 2018 MAY 5 2 0 0.35 0.0 0.0 1563494.5000 438256.7 215269.0 0.0 0.0 16.275 106.625 59.8 0.125 0.4 99.4 0.025 0.0
yogafire 2018 MAY 5 2 10 0.05 0.0 0.0 1564885.3000 438454.1 215456.9 0.0 0.0 12.475 102.525 57.75 0.075 0.35 99.525 0.0 0.0
yogafire 2018 MAY 5 2 20 0.325 0.0 0.0 1564438.8000 438800.6 215635.5 0.0 0.0 21.1 100.1 57.3 0.125 0.35 99.5 0.0 0.0
yogafire 2018 MAY 5 2 30 0.25 0.0 0.0 1563595.0000 439203.6 215898.1 0.0 0.0 21.875 114.35 63.525 0.35 0.375 99.175 0.0 0.0
yogafire 2018 MAY 5 2 40 0.225 0.0 0.0 1563335.5000 439578.3 216267.2 0.0 0.0 13.25 101.275 55.525 0.1 0.3 99.475 0.025 0.0
yogafire 2018 MAY 5 2 50 0.425 0.0 0.0 1565032.1000 439778.9 216463.6 0.0 0.0 13.525 103.825 58.275 0.1 0.375 99.5 0.0 0.0
yogafire 2018 MAY 5 3 0 0.175 0.0 0.0 1563594.6000 440130.9 216596.7 0.0 0.0 10.9 102.675 55.7 0.075 0.35 99.525 0.0 0.0
yogafire 2018 MAY 5 3 10 0.025 0.05 0.0 1563898.6000 440452.5 216725.0 0.0 0.0 12.35 104.15 58.775 0.125 0.35 99.3 0.125 0.0
yogafire 2018 MAY 5 3 20 0.35 0.025 0.0 1562256.3000 441039.2 217439.9 0.0 0.0 11.725 105.525 57.75 0.025 0.375 99.25 0.275 0.0
yogafire 2018 MAY 5 3 30 0.225 0.0 0.0 1560961.2000 441864.4 219413.3 0.0 0.0 16.975 106.4 59.075 0.1 0.35 99.475 0.0 0.0
yogafire 2018 MAY 5 3 40 0.25 0.0 0.0 1560537.1000 442185.6 219622.5 0.0 0.0 12.05 104.7 55.65 0.075 0.3 99.55 0.025 0.0
yogafire 2018 MAY 5 3 50 0.075 0.025 0.0 2790282.0000 43691.2 74306.6 0.0 0.0 26.175 113.8 63.05 0.25 0.375 99.075 0.175 0.0
yogafire 2018 MAY 5 4 0 0.15 0.0 0.0 2847900.6000 23794.4 72411.3 0.0 0.0 14.025 107.95 58.925 0.125 0.4 99.45 0.025 0.0
yogafire 2018 MAY 5 4 10 0.15 0.0 0.0 2844898.3000 24908.2 73238.7 0.0 0.0 26.4 115.475 61.0 0.25 0.35 99.275 0.05 0.0
yogafire 2018 MAY 5 4 20 0.1 0.0 0.0 2844317.4000 25962.1 73929.3 0.0 0.0 17.65 103.025 57.775 0.15 0.4 99.4 0.025 0.0
yogafire 2018 MAY 5 4 30 0.25 0.0 0.0 2841404.5000 26825.9 74739.3 0.0 0.0 23.875 102.525 57.45 0.225 0.35 99.225 0.075 0.0
yogafire 2018 MAY 5 4 40 0.35 0.0 0.0 2840616.6000 27752.3 75385.6 0.0 0.0 15.725 105.875 56.95 0.1 0.35 99.475 0.0 0.0
yogafire 2018 MAY 5 4 50 0.475 0.0 0.0 2838523.5000 28563.9 75730.2 0.0 0.0 23.925 112.95 60.45 0.225 0.45 99.225 0.025 0.0
yogafire 2018 MAY 5 5 0 0.325 0.0 0.0 2837579.9000 29578.9 75957.9 0.0 0.0 15.9 125.275 71.0 0.1 0.425 99.4 0.0 0.0
yogafire 2018 MAY 5 5 10 0.3 0.0 0.0 2836262.0000 30509.9 76417.5 0.0 0.0 13.9 109.525 61.2 0.25 0.35 99.325 0.0 0.0
yogafire 2018 MAY 5 5 20 0.35 0.0 0.0 2829533.4000 33312.7 78086.4 0.0 0.0 17.075 104.575 59.15 0.1 0.375 99.325 0.1 0.0
yogafire 2018 MAY 5 5 30 0.3 0.025 0.0 2825478.6000 34580.6 78648.4 0.0 0.0 16.5 108.175 58.65 0.125 0.325 99.45 0.0 0.0
yogafire 2018 MAY 5 5 40 0.075 0.0 0.0 2826461.2000 35533.2 78800.0 0.0 0.0 10.275 96.15 55.025 0.0 0.35 99.625 0.0 0.0
yogafire 2018 MAY 5 5 50 0.375 0.025 0.0 2822997.7000 36826.0 79001.1 0.0 0.0 19.0 110.525 61.175 0.2 0.425 99.3 0.0 0.0
yogafire 2018 MAY 5 6 0 0.25 0.025 0.0 2825363.0000 37857.4 79244.2 0.0 0.0 15.125 104.825 56.175 0.1 0.3 99.55 0.0 0.0
yogafire 2018 MAY 5 6 10 0.25 0.35 0.0 2761197.5000 69163.5 106552.9 0.0 0.0 82.925 150.45 111.825 0.15 0.725 91.6 7.425 0.0
yogafire 2018 MAY 5 6 20 0.425 0.0 0.0 2614664.9000 157292.7 142848.4 0.0 0.0 40.625 124.8 67.1 0.45 0.475 98.95 0.0 0.0
yogafire 2018 MAY 5 6 30 0.3 0.0 0.0 2612829.4000 158222.7 143230.8 0.0 0.0 18.3 100.775 56.55 0.125 0.275 99.6 0.025 0.0
yogafire 2018 MAY 5 6 40 0.275 0.0 0.0 2613007.4000 158991.3 143491.5 0.0 0.0 15.75 101.05 56.575 0.075 0.35 99.55 0.0 0.0
yogafire 2018 MAY 5 6 50 0.325 0.0 0.0 2610213.6000 159853.2 143752.5 0.0 0.0 28.175 110.6 63.575 0.3 0.35 99.25 0.075 0.0
yogafire 2018 MAY 5 7 0 0.175 0.0 0.0 2608106.3000 160813.3 144145.3 0.0 0.0 23.85 117.625 63.0 0.275 0.4 99.2 0.0 0.0
yogafire 2018 MAY 5 7 10 0.4 0.025 0.0 2605704.0000 162017.1 144966.1 0.0 0.0 19.2 111.275 60.875 0.2 0.325 99.325 0.075 0.0
yogafire 2018 MAY 5 7 20 0.3 0.0 0.0 2600359.1000 164699.2 148523.4 0.0 0.0 23.175 106.275 57.975 0.175 0.325 99.4 0.025 0.0
yogafire 2018 MAY 5 7 30 0.4 0.0 0.0 2599885.2000 165441.0 148763.3 0.0 0.0 19.075 102.875 58.05 0.175 0.35 99.45 0.0 0.0
yogafire 2018 MAY 5 7 40 0.25 0.0 0.0 2599807.5000 166178.5 148956.3 0.0 0.0 12.575 101.125 57.25 0.05 0.35 99.575 0.0 0.0
yogafire 2018 MAY 5 7 50 0.7 0.05 0.0 2579404.3000 167280.4 150603.2 0.0 0.0 51.65 134.45 71.1 2.0 1.75 96.1 0.075 0.0
yogafire 2018 MAY 5 8 0 0.275 0.0 0.0 2578741.1000 167940.6 150837.4 0.0 0.0 20.175 110.275 62.725 0.25 0.4 99.3 0.025 0.0
yogafire 2018 MAY 5 8 10 0.275 0.0 0.0 2578544.6000 168686.1 151140.9 0.0 0.0 19.75 106.525 57.75 0.25 0.35 99.375 0.0 0.0
yogafire 2018 MAY 5 8 20 0.3 0.0 0.0 2574717.0000 169426.2 151497.2 0.0 0.0 36.35 122.9 66.75 0.5 0.425 99.05 0.0 0.0
yogafire 2018 MAY 5 8 30 0.225 0.0 0.0 2574314.9000 170150.2 151797.5 0.0 0.0 15.125 101.8 56.825 0.075 0.3 99.5 0.0 0.0
yogafire 2018 MAY 5 8 40 0.125 0.0 0.0 2572438.9000 171147.3 152246.2 0.0 0.0 12.1 108.025 58.675 0.05 0.3 99.6 0.025 0.0
yogafire 2018 MAY 5 8 50 0.35 0.0 0.0 2568192.2000 172197.4 152838.5 0.0 0.0 11.7 100.25 54.95 0.025 0.375 99.55 0.0 0.0
yogafire 2018 MAY 5 9 0 0.375 0.0 0.0 2569838.6000 172876.0 153044.6 0.0 0.0 14.4 104.6 59.875 0.125 0.375 99.425 0.0 0.0
yogafire 2018 MAY 5 9 10 0.1 0.0 0.0 2570352.2000 173687.3 153273.1 0.0 0.0 13.775 101.375 57.075 0.075 0.3 99.575 0.0 0.0
yogafire 2018 MAY 5 9 20 0.25 0.0 0.0 2571208.5000 174331.1 153427.3 0.0 0.0 10.35 107.075 57.85 0.05 0.35 99.525 0.0 0.0
yogafire 2018 MAY 5 9 30 0.1 0.0 0.0 2555775.1000 175508.7 155648.8 0.0 0.0 17.475 111.075 61.375 0.3 0.375 99.2 0.05 0.0
yogafire 2018 MAY 5 9 40 0.125 0.0 0.0 2554883.7000 176235.6 155999.4 0.0 0.0 21.125 107.35 58.475 0.175 0.325 99.425 0.0 0.0
yogafire 2018 MAY 5 9 50 0.075 0.0 0.0 2553858.3000 176914.6 156292.2 0.0 0.0 21.9 111.7 61.275 0.35 0.375 99.2 0.0 0.0
yogafire 2018 MAY 5 10 0 0.075 0.0 0.0 2552552.3000 177650.4 156610.4 0.0 0.0 23.05 113.25 61.85 0.225 0.375 99.35 0.0 0.0
yogafire 2018 MAY 5 10 10 0.425 0.025 0.0 2551973.8000 178357.3 156891.6 0.0 0.0 20.575 106.525 58.25 0.175 0.25 99.4 0.0 0.0
yogafire 2018 MAY 5 10 20 0.225 0.0 0.0 2549232.3000 179228.7 157332.0 0.0 0.0 35.65 128.45 66.8 0.525 0.4 98.95 0.0 0.0
yogafire 2018 MAY 5 10 30 0.25 0.025 0.0 2553460.0000 179964.9 157577.4 0.0 0.0 14.425 107.15 56.5 0.15 0.275 99.425 0.0 0.0
yogafire 2018 MAY 5 10 40 0.175 0.0 0.0 2574030.9000 180565.0 157748.0 0.0 0.0 9.425 101.025 55.35 0.0 0.3 99.6 0.0 0.0
yogafire 2018 MAY 5 10 50 0.2 0.0 0.0 2573347.6000 181106.2 157848.1 0.0 0.0 10.875 98.075 54.65 0.05 0.3 99.575 0.0 0.0
yogafire 2018 MAY 5 11 0 0.1 0.0 0.0 2569429.9000 181724.0 158210.4 0.0 0.0 19.425 109.875 60.65 0.125 0.3 99.5 0.0 0.0
yogafire 2018 MAY 5 11 10 0.15 0.0 0.0 2560138.2000 182478.4 158450.7 0.0 0.0 20.325 113.675 61.975 0.25 0.3 99.3 0.025 0.0
yogafire 2018 MAY 5 11 20 0.05 0.0 0.0 2538651.9000 183300.8 168486.3 0.0 0.0 21.825 126.575 68.35 0.425 0.575 98.85 0.1 0.0
yogafire 2018 MAY 5 11 30 0.3 0.0 0.0 2459857.9000 184929.5 225612.4 0.0 0.0 34.475 127.65 71.925 0.475 0.575 98.825 0.025 0.0
yogafire 2018 MAY 5 11 40 0.325 0.025 0.0 2455978.1000 186846.4 227002.3 0.0 0.0 20.4 125.45 68.0 0.275 0.475 99.05 0.15 0.0
yogafire 2018 MAY 5 11 50 0.425 0.0 0.0 2448865.5000 188474.9 228005.3 0.0 0.0 27.4 113.125 59.625 0.275 0.4 99.2 0.025 0.0
yogafire 2018 MAY 5 12 0 0.275 0.025 0.0 2448767.1000 189065.0 228446.8 0.0 0.0 24.125 119.15 64.95 0.2 0.4 99.225 0.0 0.0
yogafire 2018 MAY 5 12 10 0.225 0.0 0.0 2446119.6000 189696.6 230139.5 0.0 0.0 35.0 119.15 62.6 0.65 0.45 98.725 0.05 0.0
yogafire 2018 MAY 5 12 20 0.075 0.025 0.0 2442221.5000 190620.3 231202.1 0.0 0.0 46.125 130.3 69.65 0.55 0.5 98.75 0.05 0.0
yogafire 2018 MAY 5 12 30 0.3 0.0 0.0 2436649.9000 191398.0 231757.6 0.0 0.0 18.575 107.15 57.475 0.225 0.325 99.375 0.025 0.0
yogafire 2018 MAY 5 12 40 0.15 0.0 0.0 2428766.0000 192012.4 231993.2 0.0 0.0 16.2 112.525 60.4 0.225 0.375 99.325 0.0 0.0
yogafire 2018 MAY 5 12 50 0.4 0.0 0.0 2429024.7000 192481.5 232199.7 0.0 0.0 11.25 103.775 56.3 0.05 0.275 99.525 0.0 0.0
yogafire 2018 MAY 5 13 0 0.325 0.0 0.0 2427556.5000 192968.4 232365.5 0.0 0.0 16.225 104.075 58.8 0.125 0.35 99.5 0.0 0.0
yogafire 2018 MAY 5 13 10 0.225 0.0 0.0 2426956.1000 193570.0 233058.5 0.0 0.0 31.25 115.825 60.775 0.4 0.475 99.025 0.0 0.0
yogafire 2018 MAY 5 13 20 0.25 0.0 0.0 2426660.1000 194062.9 233167.2 0.0 0.0 17.55 107.075 58.2 0.125 0.35 99.425 0.0 0.0
yogafire 2018 MAY 5 13 30 0.075 0.0 0.0 2423534.9000 194703.1 233522.2 0.0 0.0 37.075 110.7 61.75 0.25 0.325 99.35 0.025 0.0
yogafire 2018 MAY 5 13 40 0.2 0.025 0.0 2419696.0000 195254.5 235084.9 0.0 0.0 30.25 117.1 63.4 0.3 0.425 99.125 0.0 0.0
yogafire 2018 MAY 5 13 50 0.45 0.0 0.0 2419174.0000 195905.9 235189.1 0.0 0.0 37.3 123.175 62.675 0.55 0.525 98.85 0.025 0.0
yogafire 2018 MAY 5 14 0 0.1 0.0 0.0 2418821.0000 196500.6 235036.2 0.0 0.0 22.775 112.775 61.65 0.25 0.35 99.375 0.0 0.0
yogafire 2018 MAY 5 14 10 0.225 0.0 0.0 2417925.3000 197164.2 235719.1 0.0 0.0 18.125 106.9 58.35 0.125 0.3 99.4 0.025 0.0
yogafire 2018 MAY 5 14 20 0.2 0.025 0.0 2412808.8000 197971.0 237137.7 0.0 0.0 26.375 113.75 64.95 0.25 0.4 99.25 0.0 0.0
yogafire 2018 MAY 5 14 30 0.175 0.0 0.0 2413873.3000 198523.9 237603.4 0.0 0.0 9.525 98.25 53.225 0.025 0.275 99.65 0.0 0.0
yogafire 2018 MAY 5 14 40 0.125 0.0 0.0 2414388.0000 198988.8 237721.0 0.0 0.0 13.95 104.325 57.275 0.15 0.35 99.45 0.0 0.0
yogafire 2018 MAY 5 14 50 0.275 0.0 0.0 2414054.7000 199492.8 237888.2 0.0 0.0 9.725 100.4 55.95 0.0 0.3 99.575 0.025 0.0
yogafire 2018 MAY 5 15 0 0.275 0.0 0.0 2407676.5000 201609.9 241144.8 0.0 0.0 15.925 115.1 65.675 0.025 0.3 99.425 0.1 0.0
yogafire 2018 MAY 5 15 10 0.425 0.0 0.0 2405586.8000 202654.2 242535.3 0.0 0.0 12.725 103.575 56.1 0.05 0.3 99.6 0.0 0.0
yogafire 2018 MAY 5 15 20 0.1 0.0 0.0 2404071.9000 203111.8 242710.9 0.0 0.0 16.225 116.25 60.925 0.2 0.4 99.35 0.0 0.0
yogafire 2018 MAY 5 15 30 0.2 0.0 0.0 2402233.1000 203707.9 243193.2 0.0 0.0 18.15 110.225 60.025 0.1 0.325 99.4 0.0 0.0
yogafire 2018 MAY 5 15 40 0.05 0.0 0.0 2402712.3000 204289.5 243495.7 0.0 0.0 22.3 118.575 62.125 0.2 0.45 99.175 0.025 0.0
yogafire 2018 MAY 5 15 50 0.425 0.0 0.0 2399534.7000 204920.4 243841.6 0.0 0.0 20.0 106.7 59.4 0.175 0.375 99.375 0.0 0.0
yogafire 2018 MAY 5 16 0 0.15 0.025 0.0 2400211.4000 205402.9 243740.1 0.0 0.0 19.0 111.525 62.725 0.15 0.375 99.375 0.0 0.0
yogafire 2018 MAY 5 16 10 0.225 0.025 0.0 2398240.1000 205924.7 244159.0 0.0 0.0 21.5 117.3 63.35 0.3 0.4 99.175 0.025 0.0
yogafire 2018 MAY 5 16 20 0.275 0.0 0.0 2397885.3000 206519.1 244622.9 0.0 0.0 23.875 118.675 62.9 0.2 0.35 99.35 0.025 0.0
yogafire 2018 MAY 5 16 30 0.25 0.0 0.0 2395996.1000 207109.7 245170.5 0.0 0.0 29.55 122.15 67.85 0.275 0.325 99.25 0.0 0.0
yogafire 2018 MAY 5 16 40 0.275 0.0 0.0 2396203.1000 207677.1 245603.8 0.0 0.0 18.375 108.525 59.9 0.125 0.325 99.5 0.0 0.0
yogafire 2018 MAY 5 16 50 0.05 0.0 0.0 2396651.2000 208073.1 245800.2 0.0 0.0 14.025 102.725 55.825 0.075 0.325 99.55 0.0 0.0
yogafire 2018 MAY 5 17 0 0.025 0.0 0.0 2394860.4000 208525.9 245643.5 0.0 0.0 17.75 111.65 62.4 0.1 0.375 99.4 0.0 0.0
yogafire 2018 MAY 5 17 10 0.35 0.05 0.0 2395655.4000 208999.2 245900.9 0.0 0.0 13.6 103.225 54.925 0.05 0.225 99.575 0.0 0.0
yogafire 2018 MAY 5 17 20 0.325 0.0 0.0 2394710.5000 209414.7 246180.3 0.0 0.0 13.75 107.75 59.9 0.1 0.4 99.45 0.0 0.0
yogafire 2018 MAY 5 17 30 0.3 0.0 0.0 2382831.4000 214263.3 251300.5 0.0 0.0 40.9 113.5 63.325 0.275 0.375 99.125 0.1 0.0
yogafire 2018 MAY 5 17 40 0.225 0.0 0.0 2382142.3000 214941.2 251716.5 0.0 0.0 19.325 108.95 60.975 0.175 0.375 99.4 0.0 0.0
yogafire 2018 MAY 5 17 50 0.25 0.0 0.0 2381330.5000 215513.2 251873.0 0.0 0.0 15.4 105.675 57.375 0.1 0.3 99.575 0.0 0.0
yogafire 2018 MAY 5 18 0 0.025 0.0 0.0 2378602.5000 215950.2 252233.4 0.0 0.0 10.4 109.825 60.45 0.0 0.325 99.65 0.0 0.0
yogafire 2018 MAY 5 18 10 0.325 0.025 0.0 2375844.7000 216434.8 252895.3 0.0 0.0 19.425 115.275 65.05 0.1 0.325 99.25 0.175 0.0
yogafire 2018 MAY 5 18 20 0.3 0.025 0.0 2351720.9000 222729.0 259547.5 0.0 0.0 15.55 117.7 66.625 0.075 0.375 98.95 0.525 0.0
yogafire 2018 MAY 5 18 30 0.25 0.0 0.0 2368216.7000 224220.7 260397.1 0.0 0.0 18.2 123.75 69.125 0.05 0.375 99.45 0.025 0.0
yogafire 2018 MAY 5 18 40 0.1 0.0 0.0 2381566.9000 224723.4 260505.7 0.0 0.0 14.625 115.175 60.625 0.125 0.3 99.525 0.0 0.0
yogafire 2018 MAY 5 18 50 0.3 0.0 0.0 2381363.9000 225191.2 260685.4 0.0 0.0 14.4 112.125 61.175 0.075 0.3 99.45 0.0 0.0
yogafire 2018 MAY 5 19 0 0.15 0.0 0.0 2369760.3000 225685.7 260878.3 0.0 0.0 14.75 111.375 62.25 0.075 0.375 99.525 0.0 0.0
yogafire 2018 MAY 5 19 10 0.325 0.0 0.0 2368592.5000 226197.2 261110.8 0.0 0.0 16.85 106.55 59.15 0.125 0.375 99.425 0.0 0.0
yogafire 2018 MAY 5 19 20 0.25 0.0 0.0 2369114.3000 226717.8 261280.9 0.0 0.0 13.975 106.7 58.05 0.075 0.4 99.475 0.025 0.0
yogafire 2018 MAY 5 19 30 0.325 0.0 0.0 2368630.6000 227148.6 261441.7 0.0 0.0 13.375 103.7 55.85 0.1 0.275 99.575 0.0 0.0
yogafire 2018 MAY 5 19 40 0.2 0.0 0.0 2367737.6000 227620.7 261559.0 0.0 0.0 10.75 104.65 55.625 0.0 0.325 99.625 0.0 0.0
yogafire 2018 MAY 5 19 50 0.375 0.025 0.0 2322545.6000 228277.6 302390.5 0.0 0.0 25.425 124.775 63.175 0.275 0.575 98.925 0.175 0.0
yogafire 2018 MAY 5 20 0 0.2 0.0 0.0 2305227.4000 228731.1 315333.8 0.0 0.0 15.45 114.225 60.75 0.1 0.4 99.425 0.0 0.0
yogafire 2018 MAY 5 20 10 0.225 0.0 0.0 2307235.0000 229373.4 315363.0 0.0 0.0 28.6 127.05 70.65 0.1 0.4 99.125 0.2 0.0
yogafire 2018 MAY 5 20 20 0.325 0.025 0.0 2293536.8000 235663.3 321282.5 0.0 0.0 19.325 123.35 69.7 0.1 0.425 99.175 0.25 0.0
yogafire 2018 MAY 5 20 30 0.1 0.0 0.0 2293366.1000 236534.9 323293.0 0.0 0.0 9.75 91.7 52.7 0.0 0.275 99.65 0.0 0.0
yogafire 2018 MAY 5 20 40 0.1 0.0 0.0 2296796.5000 236859.7 322915.3 0.0 0.0 9.825 99.525 54.125 0.025 0.325 99.625 0.0 0.0
yogafire 2018 MAY 5 20 50 0.25 0.0 0.0 2296880.1000 237198.7 322989.9 0.0 0.0 10.125 98.3 54.125 0.0 0.275 99.675 0.0 0.0
yogafire 2018 MAY 5 21 0 0.075 0.0 0.0 2296237.4000 237572.2 322842.6 0.0 0.0 9.475 102.95 55.575 0.05 0.35 99.6 0.0 0.0
yogafire 2018 MAY 5 21 10 0.175 0.0 0.0 2295601.6000 237928.4 322960.2 0.0 0.0 10.375 104.8 56.15 0.025 0.275 99.65 0.0 0.0
yogafire 2018 MAY 5 21 20 0.225 0.0 0.0 2295529.0000 238265.4 323068.7 0.0 0.0 12.5 105.275 56.0 0.05 0.35 99.625 0.0 0.0
yogafire 2018 MAY 5 21 30 0.15 0.0 0.0 2294954.1000 238578.4 323162.5 0.0 0.0 10.425 98.875 54.825 0.025 0.275 99.65 0.0 0.0
yogafire 2018 MAY 5 21 40 0.175 0.0 0.0 2294212.5000 238944.3 323356.3 0.0 0.0 26.375 114.125 57.925 0.725 0.35 98.825 0.0 0.0
yogafire 2018 MAY 5 21 50 0.25 0.0 0.0 2293998.2000 239279.0 322816.4 0.0 0.0 10.1 104.675 55.8 0.05 0.35 99.5 0.0 0.0
yogafire 2018 MAY 5 22 0 0.175 0.0 0.0 2292576.2000 239649.0 323078.6 0.0 0.0 15.5 170.275 99.925 0.05 0.4 99.35 0.025 0.0
yogafire 2018 MAY 5 22 10 0.325 0.0 0.0 2290248.6000 240193.2 324218.0 0.0 0.0 15.1 220.975 132.375 0.0 0.325 99.225 0.025 0.0
yogafire 2018 MAY 5 22 20 0.15 0.0 0.0 2289417.9000 240683.6 325455.8 0.0 0.0 16.575 230.95 135.375 0.0 0.325 99.1 0.025 0.0
yogafire 2018 MAY 5 22 30 0.3 0.0 0.0 2279156.0000 241231.4 328429.1 0.0 0.0 54.925 249.4 135.675 1.2 0.575 97.775 0.05 0.0
yogafire 2018 MAY 5 22 40 0.15 0.0 0.0 2168838.8000 241799.1 342281.2 0.0 0.0 80.775 261.925 133.25 1.7 0.8 97.25 0.0 0.0
yogafire 2018 MAY 5 22 50 0.25 0.0 0.0 2147935.3000 242258.0 338381.2 0.0 0.0 10.675 102.425 54.8 0.025 0.3 99.575 0.0 0.0
yogafire 2018 MAY 5 23 0 0.3 0.0 0.0 2149262.5000 242582.8 338472.1 0.0 0.0 9.025 95.4 53.45 0.0 0.325 99.65 0.0 0.0
yogafire 2018 MAY 5 23 10 0.25 0.0 0.0 2148934.9000 242925.7 338557.0 0.0 0.0 11.1 96.275 55.05 0.05 0.275 99.65 0.0 0.0
yogafire 2018 MAY 5 23 20 0.35 0.0 0.0 2149198.4000 243267.3 338657.6 0.0 0.0 8.8 111.125 59.675 0.0 0.4 99.475 0.0 0.0
yogafire 2018 MAY 5 23 30 0.075 0.0 0.0 2147064.3000 243918.6 339793.8 0.0 0.0 9.825 109.925 61.0 0.075 0.3 99.525 0.025 0.0
yogafire 2018 MAY 5 23 40 0.125 0.0 0.0 2151051.5000 244303.1 340315.2 0.0 0.0 15.775 103.9 57.275 0.175 0.3 99.45 0.0 0.0
