yogafire 2018 MAY 7 0 0 0.1282051282051282 0.0 0.0 2294985.8462 241399.1794871795 290164.41025641025 0.0 0.0 20.102564102564102 110.38461538461539 60.82051282051282 0.10256410256410256 0.3076923076923077 99.51282051282051 0.0 0.0
yogafire 2018 MAY 7 0 10 0.0 0.0 0.0 2295770.4000 241875.5 290303.7 0.0 0.0 16.575 103.85 58.3 0.05 0.325 99.525 0.0 0.0
yogafire 2018 MAY 7 0 20 0.225 0.0 0.0 2294002.2000 242257.2 290467.6 0.0 0.0 15.125 104.875 59.4 0.05 0.225 99.6 0.0 0.0
yogafire 2018 MAY 7 0 30 0.175 0.0 0.0 2293754.9000 242720.6 290402.8 0.0 0.0 22.65 107.7 62.6 0.125 0.425 99.275 0.025 0.0
yogafire 2018 MAY 7 0 40 0.175 0.0 0.0 2293839.8000 243107.4 290413.3 0.0 0.0 29.825 109.35 60.4 0.25 0.275 99.35 0.0 0.0
yogafire 2018 MAY 7 0 50 0.225 0.15 0.0 1917831.1000 394667.2 189793.5 0.0 0.0 72.9 312.825 216.925 0.55 1.35 93.275 4.85 0.0
yogafire 2018 MAY 7 1 0 0.175 0.025 0.0 1891752.9000 426738.1 130113.4 0.0 0.0 20.7 109.35 60.225 0.125 0.35 99.4 0.1 0.0
yogafire 2018 MAY 7 1 10 0.05 0.0 0.0 1885639.9000 427274.2 136115.8 0.0 0.0 20.2 113.275 61.5 0.125 0.325 99.475 0.0 0.0
yogafire 2018 MAY 7 1 20 0.3 0.0 0.0 1884549.6000 427761.8 137101.9 0.0 0.0 12.2 102.775 57.05 0.025 0.25 99.575 0.0 0.0
yogafire 2018 MAY 7 1 30 0.225 0.025 0.0 1883597.9000 428177.5 138388.9 0.0 0.0 14.875 112.125 61.75 0.075 0.3 99.45 0.0 0.0
yogafire 2018 MAY 7 1 40 0.2 0.0 0.0 1881271.4000 428652.6 139249.2 0.0 0.0 15.65 113.15 62.325 0.075 0.3 99.525 0.0 0.0
yogafire 2018 MAY 7 1 50 0.1 0.0 0.0 1881694.2000 429105.9 140340.7 0.0 0.0 10.475 114.325 61.725 0.025 0.425 99.475 0.05 0.0
yogafire 2018 MAY 7 2 0 0.35 0.025 0.0 1881325.1000 429349.3 140925.0 0.0 0.0 11.975 106.625 57.6 0.075 0.3 99.5 0.025 0.0
yogafire 2018 MAY 7 2 10 0.15 0.0 0.0 1881975.0000 429644.0 141075.9 0.0 0.0 14.425 107.65 60.4 0.125 0.35 99.5 0.0 0.0
yogafire 2018 MAY 7 2 20 0.15 0.0 0.0 1887164.6000 430127.8 141299.9 0.0 0.0 13.3 99.975 57.475 0.15 0.325 99.475 0.0 0.0
yogafire 2018 MAY 7 2 30 0.1 0.0 0.0 1885540.4000 430556.4 141866.1 0.0 0.0 19.65 119.375 64.9 0.3 0.4 99.25 0.0 0.0
yogafire 2018 MAY 7 2 40 0.25 0.0 0.0 1884894.1000 431012.7 142213.7 0.0 0.0 18.175 106.85 59.35 0.15 0.325 99.475 0.0 0.0
yogafire 2018 MAY 7 2 50 0.325 0.0 0.0 1884684.8000 431475.5 142371.3 0.0 0.0 15.475 110.425 60.45 0.1 0.35 99.425 0.0 0.0
yogafire 2018 MAY 7 3 0 0.175 0.0 0.0 1882461.2000 431863.4 142736.2 0.0 0.0 21.175 112.125 59.025 0.15 0.325 99.425 0.025 0.0
yogafire 2018 MAY 7 3 10 0.2 0.0 0.0 1881129.7000 432115.6 143120.7 0.0 0.0 17.4 104.125 56.075 0.075 0.275 99.525 0.0 0.0
yogafire 2018 MAY 7 3 20 0.25 0.0 0.0 1880718.6000 432555.0 143963.5 0.0 0.0 19.075 112.525 60.65 0.1 0.35 99.4 0.075 0.0
yogafire 2018 MAY 7 3 30 0.325 0.0 0.0 1878484.6000 433035.8 145846.1 0.0 0.0 17.15 110.675 59.425 0.1 0.375 99.45 0.0 0.0
yogafire 2018 MAY 7 3 40 0.225 0.0 0.0 1876379.7000 433508.2 146112.0 0.0 0.0 19.625 116.325 62.625 0.15 0.275 99.4 0.0 0.0
yogafire 2018 MAY 7 3 50 0.075 0.075 0.0 2822764.4000 41483.0 65638.2 0.0 0.0 19.175 145.35 87.9 0.15 0.5 98.975 0.35 0.0
yogafire 2018 MAY 7 4 0 0.05 0.0 0.0 2860595.0000 23016.1 68127.1 0.0 0.0 14.425 125.975 73.55 0.1 0.3 99.475 0.05 0.0
yogafire 2018 MAY 7 4 10 0.15 0.0 0.0 2853355.9000 24673.6 68885.0 0.0 0.0 23.575 105.275 60.325 0.15 0.35 99.375 0.075 0.0
yogafire 2018 MAY 7 4 20 0.125 0.0 0.0 2850624.6000 26153.6 69773.7 0.0 0.0 21.3 111.1 64.075 0.2 0.275 99.325 0.05 0.0
yogafire 2018 MAY 7 4 30 0.3 0.0 0.0 2847510.1000 27823.0 70687.4 0.0 0.0 19.625 108.425 59.875 0.175 0.325 99.375 0.05 0.0
yogafire 2018 MAY 7 4 40 0.225 0.025 0.0 2845869.0000 29232.9 71585.2 0.0 0.0 18.5 107.15 58.825 0.075 0.35 99.525 0.025 0.0
yogafire 2018 MAY 7 4 50 0.35 0.0 0.0 2843403.7000 30570.6 72254.0 0.0 0.0 22.475 104.375 58.65 0.125 0.3 99.45 0.0 0.0
yogafire 2018 MAY 7 5 0 0.225 0.0 0.0 2838930.5000 31680.0 72511.8 0.0 0.0 23.8 109.925 61.475 0.175 0.35 99.425 0.025 0.0
yogafire 2018 MAY 7 5 10 0.125 0.0 0.0 2837044.1000 32752.4 72841.1 0.0 0.0 14.525 100.525 56.15 0.075 0.275 99.6 0.0 0.0
yogafire 2018 MAY 7 5 20 0.15 0.0 0.0 2835754.9000 33498.5 73050.5 0.0 0.0 23.45 109.25 59.9 0.125 0.325 99.5 0.0 0.0
yogafire 2018 MAY 7 5 30 0.35 0.0 0.0 2832205.6000 34406.3 73368.1 0.0 0.0 21.55 129.25 69.55 0.125 0.4 99.375 0.05 0.0
yogafire 2018 MAY 7 5 40 0.2 0.0 0.0 2829115.6000 35807.8 74728.4 0.0 0.0 15.775 118.9 62.275 0.125 0.325 99.5 0.025 0.0
yogafire 2018 MAY 7 5 50 0.3 0.0 0.0 2824804.2000 37768.6 75332.3 0.0 0.0 29.425 118.425 65.55 0.325 0.35 99.25 0.025 0.0
yogafire 2018 MAY 7 6 0 0.025 0.0 0.0 2824483.4000 39207.3 75846.6 0.0 0.0 19.4 125.75 72.2 0.075 0.3 99.575 0.0 0.0
yogafire 2018 MAY 7 6 10 0.475 0.275 0.0 2759549.7000 71140.0 103456.2 0.0 0.0 87.65 148.775 117.975 0.175 0.575 92.775 6.5 0.0
yogafire 2018 MAY 7 6 20 0.2 0.0 0.0 2623441.2000 151819.6 142373.3 0.0 0.0 26.95 104.85 59.9 0.175 0.3 99.375 0.05 0.0
yogafire 2018 MAY 7 6 30 0.2 0.025 0.0 2622672.4000 152727.7 142732.0 0.0 0.0 27.5 114.4 60.4 0.25 0.3 99.425 0.025 0.0
yogafire 2018 MAY 7 6 40 0.175 0.0 0.0 2620769.1000 153535.8 142986.6 0.0 0.0 23.975 124.525 66.675 0.175 0.5 99.125 0.0 0.0
yogafire 2018 MAY 7 6 50 0.525 0.0 0.0 2613725.1000 154611.4 143562.1 0.0 0.0 22.475 123.7 65.975 0.2 0.425 99.275 0.0 0.0
yogafire 2018 MAY 7 7 0 0.4 0.0 0.0 2612591.0000 155779.3 143953.2 0.0 0.0 26.75 118.175 65.675 0.175 0.325 99.35 0.05 0.0
yogafire 2018 MAY 7 7 10 0.225 0.0 0.0 2608099.0000 157095.5 144317.9 0.0 0.0 19.425 113.725 62.35 0.1 0.275 99.5 0.0 0.0
yogafire 2018 MAY 7 7 20 0.15 0.0 0.0 2607545.4000 158175.1 144712.5 0.0 0.0 23.25 109.0 62.125 0.175 0.35 99.35 0.0 0.0
yogafire 2018 MAY 7 7 30 0.2 0.0 0.0 2609468.0000 159003.8 144936.7 0.0 0.0 12.525 109.425 58.8 0.1 0.275 99.525 0.0 0.0
yogafire 2018 MAY 7 7 40 0.125 0.0 0.0 2551460.7000 160417.3 152074.3 0.0 0.0 132.725 164.225 60.1 2.4 0.7 96.875 0.075 0.0
yogafire 2018 MAY 7 7 50 0.25 0.0 0.0 2337006.4000 163164.5 167595.7 0.0 0.0 60.15 137.55 72.925 1.15 0.575 98.1 0.15 0.0
yogafire 2018 MAY 7 8 0 0.425 0.075 0.0 2299371.3000 171209.4 178639.5 0.0 0.0 49.825 179.1 108.375 0.6 0.5 98.125 0.6 0.0
yogafire 2018 MAY 7 8 10 0.075 0.0 0.0 2292499.2000 173906.0 180767.2 0.0 0.0 14.575 104.975 65.05 0.125 0.3 99.55 0.025 0.0
yogafire 2018 MAY 7 8 20 0.075 0.0 0.0 2280731.2000 175179.0 181772.7 0.0 0.0 68.8 141.325 85.6 0.575 0.55 98.675 0.075 0.0
yogafire 2018 MAY 7 8 30 0.025 0.0 0.0 2273440.1000 178165.5 175088.9 0.0 0.0 72.65 130.175 76.95 0.575 0.4 98.95 0.0 0.0
yogafire 2018 MAY 7 8 40 0.025 0.025 0.0 2278118.5000 179283.6 175758.5 0.0 0.0 43.025 141.15 80.3 0.55 0.575 98.825 0.0 0.0
yogafire 2018 MAY 7 8 50 0.575 0.0 0.0 2273746.4000 180868.4 176579.6 0.0 0.0 66.275 139.525 85.65 0.675 0.575 98.675 0.025 0.0
yogafire 2018 MAY 7 9 0 0.3 0.0 0.0 2272193.1000 182253.0 177164.4 0.0 0.0 26.325 116.375 70.175 0.275 0.425 99.275 0.0 0.0
yogafire 2018 MAY 7 9 10 0.15 0.525 0.0 2176729.0000 189842.5 251095.5 0.0 0.0 124.075 308.95 179.175 0.875 0.9 88.05 10.175 0.0
yogafire 2018 MAY 7 9 20 0.075 0.05 0.0 1729204.1000 202721.2 667496.2 0.0 0.0 49.475 158.825 87.775 1.025 0.55 96.75 1.7 0.0
yogafire 2018 MAY 7 9 30 0.425 0.0 0.0 1723698.0000 204170.1 677440.0 0.0 0.0 92.175 158.25 91.4 1.25 0.85 97.725 0.175 0.0
yogafire 2018 MAY 7 9 40 0.225 0.025 0.0 1719717.4000 205958.8 690490.3 0.0 0.0 41.025 127.8 70.775 0.325 0.45 99.1 0.05 0.0
yogafire 2018 MAY 7 9 50 0.475 0.025 0.0 1717428.8000 206575.1 691058.7 0.0 0.0 97.525 141.65 71.125 1.25 0.625 98.0 0.05 0.0
yogafire 2018 MAY 7 10 0 0.1 0.05 0.0 1719956.0000 207132.2 691343.5 0.0 0.0 44.175 121.3 67.775 0.175 0.4 99.3 0.0 0.0
yogafire 2018 MAY 7 10 10 0.075 0.025 0.0 1720132.5000 207835.7 691781.1 0.0 0.0 50.275 123.725 66.425 0.375 0.375 99.225 0.025 0.0
yogafire 2018 MAY 7 10 20 0.1 0.0 0.0 1718772.1000 208746.9 692409.6 0.0 0.0 87.075 152.35 80.125 1.175 0.575 98.15 0.05 0.0
yogafire 2018 MAY 7 10 30 0.275 0.025 0.0 1717981.4000 210037.6 693909.4 0.0 0.0 47.675 132.125 72.55 0.35 0.375 99.0 0.1 0.0
yogafire 2018 MAY 7 10 40 0.2 0.0 0.0 1720822.9000 210871.4 690876.1 0.0 0.0 23.225 118.75 64.225 0.175 0.4 99.325 0.0 0.0
yogafire 2018 MAY 7 10 50 0.175 0.0 0.0 1716718.6000 211706.6 687426.6 0.0 0.0 23.875 133.975 73.925 0.225 0.45 99.125 0.075 0.0
yogafire 2018 MAY 7 11 0 0.425 0.0 0.0 1715496.9000 213243.6 688433.1 0.0 0.0 39.65 135.35 76.025 0.5 0.475 98.875 0.0 0.0
yogafire 2018 MAY 7 11 10 0.15 0.0 0.0 1715313.0000 214401.9 689286.6 0.0 0.0 52.425 156.425 77.225 0.925 0.7 98.15 0.1 0.0
yogafire 2018 MAY 7 11 20 0.275 0.025 0.0 1708093.9000 216615.1 691540.2 0.0 0.0 50.9 150.5 81.025 0.95 0.6 98.25 0.075 0.0
yogafire 2018 MAY 7 11 30 0.575 0.025 0.0 1706739.7000 217614.6 692209.6 0.0 0.0 55.2 136.275 69.6 0.825 0.5 98.575 0.025 0.0
yogafire 2018 MAY 7 11 40 0.4 0.0 0.0 1702973.1000 219224.4 693115.0 0.0 0.0 52.125 143.625 74.875 0.9 0.525 98.275 0.1 0.0
yogafire 2018 MAY 7 11 50 0.3 0.0 0.0 1698701.8000 220051.8 693942.3 0.0 0.0 29.075 132.4 70.275 0.4 0.675 98.875 0.0 0.0
yogafire 2018 MAY 7 12 0 0.025 0.0 0.0 1696375.9000 220629.4 694094.8 0.0 0.0 16.475 120.175 65.475 0.1 0.375 99.425 0.025 0.0
yogafire 2018 MAY 7 12 10 0.325 0.025 0.0 1696368.2000 221222.5 694503.6 0.0 0.0 27.575 125.575 67.725 0.425 0.475 99.025 0.0 0.0
yogafire 2018 MAY 7 12 20 0.4 0.0 0.0 1678610.3000 221965.0 703294.2 0.0 0.0 85.725 150.55 74.625 1.475 0.65 97.625 0.05 0.0
yogafire 2018 MAY 7 12 30 0.2 0.0 0.0 1655400.7000 223004.5 724545.1 0.0 0.0 23.15 135.125 75.425 0.325 0.4 99.2 0.0 0.0
yogafire 2018 MAY 7 12 40 0.575 0.0 0.0 1653747.2000 223928.0 723958.4 0.0 0.0 311.65 239.9 82.3 5.375 1.525 93.0 0.075 0.0
yogafire 2018 MAY 7 12 50 0.25 0.0 0.0 1664080.4000 224787.1 726153.2 0.0 0.0 101.5 136.075 70.15 0.875 0.625 98.4 0.05 0.0
yogafire 2018 MAY 7 13 0 0.625 0.0 0.0 1659454.2000 226208.3 729288.7 0.0 0.0 80.35 144.225 69.7 1.325 0.625 98.025 0.025 0.0
yogafire 2018 MAY 7 13 10 0.325 0.0 0.0 1647145.8000 229028.5 738086.0 0.0 0.0 51.225 130.25 71.475 0.425 0.45 98.9 0.1 0.0
yogafire 2018 MAY 7 13 20 0.2 0.0 0.0 1638992.9000 229886.7 740226.6 0.0 0.0 71.375 165.2 91.25 0.625 0.85 98.4 0.05 0.0
yogafire 2018 MAY 7 13 30 0.425 0.0 0.0 1653036.5000 230640.9 727745.2 0.0 0.0 47.675 140.925 76.95 0.35 0.6 98.825 0.15 0.0
yogafire 2018 MAY 7 13 40 0.35 0.0 0.0 1650094.7000 232131.5 729828.9 0.0 0.0 55.625 135.575 73.625 0.575 0.475 98.7 0.025 0.0
yogafire 2018 MAY 7 13 50 0.25 0.0 0.0 1646771.7000 232804.0 730316.9 0.0 0.0 58.25 134.425 73.0 0.625 0.525 98.7 0.0 0.0
yogafire 2018 MAY 7 14 0 0.025 0.0 0.0 1644758.6000 233526.5 730857.6 0.0 0.0 49.0 132.05 71.175 0.425 0.375 99.025 0.0 0.0
yogafire 2018 MAY 7 14 10 0.4 0.0 0.0 1641486.5000 234382.7 731449.7 0.0 0.0 79.325 150.475 85.45 0.75 0.575 98.4 0.0 0.0
yogafire 2018 MAY 7 14 20 0.4 0.0 0.0 1633571.9000 235468.1 732387.0 0.0 0.0 70.375 157.975 84.0 1.225 0.575 98.075 0.0 0.0
yogafire 2018 MAY 7 14 30 0.425 0.025 0.0 1637767.2000 236415.1 733530.7 0.0 0.0 50.875 131.525 73.7 0.375 0.425 98.95 0.0 0.0
yogafire 2018 MAY 7 14 40 0.375 0.025 0.0 1632259.7000 237022.1 734124.1 0.0 0.0 45.65 144.725 79.475 0.65 0.575 98.625 0.025 0.0
yogafire 2018 MAY 7 14 50 0.15 0.025 0.0 1635896.8000 237698.0 734577.7 0.0 0.0 72.625 145.875 77.5 0.925 0.65 98.35 0.025 0.0
yogafire 2018 MAY 7 15 0 0.175 0.0 0.0 1630520.6000 238475.1 735159.9 0.0 0.0 55.1 149.625 85.825 0.7 0.65 98.475 0.05 0.0
yogafire 2018 MAY 7 15 10 0.275 0.025 0.0 1632756.6000 239156.9 735602.2 0.0 0.0 52.2 146.3 79.35 0.65 0.55 98.625 0.0 0.0
yogafire 2018 MAY 7 15 20 0.3 0.0 0.0 1633165.7000 239890.0 735765.0 0.0 0.0 39.0 122.95 67.675 0.325 0.5 99.1 0.0 0.0
yogafire 2018 MAY 7 15 30 0.225 0.0 0.0 1631578.6000 240490.0 735957.6 0.0 0.0 43.575 127.325 69.475 0.525 0.475 98.975 0.025 0.0
yogafire 2018 MAY 7 15 40 0.35 0.025 0.0 1630195.9000 241066.2 736762.2 0.0 0.0 55.525 129.5 66.725 0.625 0.425 98.85 0.025 0.0
yogafire 2018 MAY 7 15 50 0.25 0.0 0.0 1638563.9000 241674.2 737607.6 0.0 0.0 51.85 136.275 75.875 0.65 0.525 98.675 0.0 0.0
yogafire 2018 MAY 7 16 0 0.175 0.025 0.0 1641852.6000 242278.9 737868.7 0.0 0.0 36.4 143.125 84.225 0.175 0.425 99.275 0.025 0.0
yogafire 2018 MAY 7 16 10 0.45 0.0 0.0 1631563.7000 242942.6 744104.5 0.0 0.0 92.9 191.925 112.35 0.625 0.725 98.525 0.025 0.0
yogafire 2018 MAY 7 16 20 0.25 0.0 0.0 1616411.5000 243905.8 748221.2 0.0 0.0 71.725 185.05 109.1 0.675 0.6 98.575 0.0 0.0
yogafire 2018 MAY 7 16 30 0.225 0.0 0.0 1617024.4000 244816.8 749302.4 0.0 0.0 51.15 156.9 91.95 0.425 0.525 98.925 0.025 0.0
yogafire 2018 MAY 7 16 40 0.125 0.0 0.0 1615629.2000 245643.2 750339.1 0.0 0.0 98.1 183.75 97.35 1.225 0.7 97.875 0.025 0.0
yogafire 2018 MAY 7 16 50 0.175 0.0 0.0 1618805.3000 246390.9 751093.1 0.0 0.0 49.275 162.325 92.775 0.475 0.475 98.9 0.025 0.0
yogafire 2018 MAY 7 17 0 0.05 0.0 0.0 1616210.5000 246987.2 751914.6 0.0 0.0 42.25 154.2 89.425 0.225 0.45 99.225 0.025 0.0
yogafire 2018 MAY 7 17 10 0.275 0.0 0.0 1613200.5000 247597.4 752668.6 0.0 0.0 57.575 163.075 92.55 0.35 0.5 98.9 0.05 0.0
yogafire 2018 MAY 7 17 20 0.075 0.0 0.0 1616293.6000 248176.7 753246.2 0.0 0.0 42.1 157.7 89.375 0.175 0.45 99.2 0.0 0.0
yogafire 2018 MAY 7 17 30 0.275 0.025 0.0 1606897.0000 248754.9 754377.2 0.0 0.0 43.25 160.4 91.875 0.225 0.425 99.225 0.025 0.0
yogafire 2018 MAY 7 17 40 0.2 0.0 0.0 1610223.1000 249386.8 754685.5 0.0 0.0 50.7 169.85 95.725 0.475 0.4 98.925 0.025 0.0
yogafire 2018 MAY 7 17 50 0.35 0.0 0.0 1605523.8000 250020.8 755993.1 0.0 0.0 44.725 159.475 93.8 0.175 0.525 99.25 0.0 0.0
yogafire 2018 MAY 7 18 0 0.15 0.025 0.0 1609034.2000 250654.0 756173.8 0.0 0.0 33.525 142.475 82.175 0.125 0.4 99.45 0.0 0.0
yogafire 2018 MAY 7 18 10 0.275 0.0 0.0 1619166.1000 251093.5 756046.4 0.0 0.0 33.85 107.775 57.15 0.225 0.325 99.4 0.0 0.0
yogafire 2018 MAY 7 18 20 0.425 0.0 0.0 1617799.1000 251497.3 756424.2 0.0 0.0 41.7 116.675 65.35 0.35 0.475 98.95 0.025 0.0
yogafire 2018 MAY 7 18 30 0.175 0.0 0.0 1613871.6000 251997.5 757923.9 0.0 0.0 40.1 117.525 64.3 0.225 0.35 99.375 0.025 0.0
yogafire 2018 MAY 7 18 40 0.025 0.0 0.0 1612841.3000 252408.9 758656.5 0.0 0.0 29.925 116.1 62.0 0.175 0.325 99.35 0.0 0.0
yogafire 2018 MAY 7 18 50 0.425 0.0 0.0 1575496.9000 252774.9 758817.7 0.0 0.0 62.75 121.9 61.775 0.65 0.425 98.85 0.0 0.0
yogafire 2018 MAY 7 19 0 0.225 0.0 0.0 1559350.5000 253178.4 758961.3 0.0 0.0 28.825 109.5 59.225 0.1 0.3 99.325 0.0 0.0
yogafire 2018 MAY 7 19 10 0.15 0.0 0.0 1562314.8000 253600.1 759533.8 0.0 0.0 91.275 129.875 68.6 0.25 0.425 99.225 0.025 0.0
yogafire 2018 MAY 7 19 20 0.3 0.025 0.0 1555132.1000 253987.3 766192.7 0.0 0.0 59.225 131.65 58.025 1.35 0.45 98.1 0.0 0.0
yogafire 2018 MAY 7 19 30 0.175 0.0 0.0 1547372.2000 254320.8 776744.7 0.0 0.0 43.85 110.875 56.35 0.275 0.35 99.325 0.0 0.0
yogafire 2018 MAY 7 19 40 0.05 0.0 0.0 1544093.0000 254689.9 776839.7 0.0 0.0 10.85 107.325 58.275 0.0 0.3 99.575 0.0 0.0
yogafire 2018 MAY 7 19 50 0.25 0.0 0.0 1539489.5000 255012.3 777008.3 0.0 0.0 18.35 107.8 59.525 0.15 0.325 99.375 0.0 0.0
yogafire 2018 MAY 7 20 0 0.375 0.025 0.0 1498672.0000 255386.3 817919.7 0.0 0.0 17.175 114.2 65.6 0.175 0.45 99.2 0.1 0.0
yogafire 2018 MAY 7 20 10 0.15 0.0 0.0 1479917.0000 255809.8 840004.0 0.0 0.0 14.95 109.075 62.35 0.1 0.325 99.55 0.0 0.0
yogafire 2018 MAY 7 20 20 0.125 0.0 0.0 1481649.6000 256238.7 839275.1 0.0 0.0 12.025 106.475 57.275 0.1 0.325 99.5 0.0 0.0
yogafire 2018 MAY 7 20 30 0.325 0.0 0.0 1499500.8000 256535.9 822188.4 0.0 0.0 10.6 101.925 54.975 0.05 0.225 99.475 0.05 0.0
yogafire 2018 MAY 7 20 40 0.25 0.025 0.0 1499719.9000 256854.9 822283.4 0.0 0.0 19.7 102.95 57.225 0.1 0.325 99.55 0.0 0.0
yogafire 2018 MAY 7 20 50 0.1 0.0 0.0 1498391.5000 257201.7 822834.5 0.0 0.0 21.4 113.775 60.65 0.325 0.4 99.275 0.0 0.0
yogafire 2018 MAY 7 21 0 0.05 0.0 0.0 1497399.1000 257549.7 823387.3 0.0 0.0 16.725 109.825 61.025 0.125 0.375 99.45 0.0 0.0
yogafire 2018 MAY 7 21 10 0.25 0.0 0.0 1496555.1000 257934.5 823657.7 0.0 0.0 16.275 112.275 59.875 0.2 0.325 99.45 0.0 0.0
yogafire 2018 MAY 7 21 20 0.375 0.0 0.0 1499469.1000 258289.3 822335.7 0.0 0.0 14.575 106.1 58.5 0.1 0.35 99.475 0.0 0.0
yogafire 2018 MAY 7 21 30 0.1 0.0 0.0 1500166.9000 258623.8 821982.9 0.0 0.0 15.1 102.45 57.55 0.1 0.375 99.475 0.0 0.0
yogafire 2018 MAY 7 21 40 0.025 0.0 0.0 1499594.6000 258895.9 822111.0 0.0 0.0 10.75 113.475 62.65 0.15 0.375 99.375 0.0 0.0
yogafire 2018 MAY 7 21 50 0.25 0.0 0.0 1499240.7000 259204.7 822249.3 0.0 0.0 12.725 118.775 64.2 0.075 0.375 99.45 0.0 0.0
yogafire 2018 MAY 7 22 0 0.1 0.0 0.0 1498314.5000 259447.9 822770.6 0.0 0.0 8.45 103.525 56.55 0.0 0.35 99.575 0.0 0.0
yogafire 2018 MAY 7 22 10 0.125 0.0 0.0 1498310.2000 259700.1 822931.3 0.0 0.0 13.55 97.15 54.225 0.05 0.3 99.625 0.0 0.0
yogafire 2018 MAY 7 22 20 0.05 0.0 0.0 1495696.7000 259964.7 823052.2 0.0 0.0 18.95 112.6 61.775 0.15 0.4 99.375 0.0 0.0
yogafire 2018 MAY 7 22 30 0.125 0.0 0.0 1484733.2000 260312.1 823389.3 0.0 0.0 19.85 112.75 62.525 0.15 0.375 99.425 0.0 0.0
yogafire 2018 MAY 7 22 40 0.275 0.0 0.0 1485038.7000 260616.3 823612.7 0.0 0.0 9.3 102.55 56.4 0.0 0.275 99.6 0.0 0.0
yogafire 2018 MAY 7 22 50 0.175 0.05 0.0 1484688.9000 260881.3 823686.3 0.0 0.0 8.15 95.025 53.8 0.025 0.3 99.625 0.025 0.0
yogafire 2018 MAY 7 23 0 0.0 0.0 0.0 1484385.1000 261136.4 823772.3 0.0 0.0 13.625 106.275 59.225 0.025 0.325 99.625 0.0 0.0
yogafire 2018 MAY 7 23 10 0.2 0.0 0.0 1484692.2000 261386.0 823834.8 0.0 0.0 8.575 96.9 54.275 0.025 0.3 99.625 0.0 0.0
yogafire 2018 MAY 7 23 20 0.2 0.0 0.0 1481362.3000 261667.2 823974.0 0.0 0.0 20.075 111.1 64.4 0.125 0.325 99.425 0.0 0.0
yogafire 2018 MAY 7 23 30 0.275 0.0 0.0 1481398.9000 262002.4 824256.2 0.0 0.0 12.25 98.075 57.15 0.05 0.325 99.6 0.0 0.0
yogafire 2018 MAY 7 23 40 0.075 0.0 0.0 1484423.7000 262291.4 824362.8 0.0 0.0 9.725 100.675 56.7 0.0 0.3 99.625 0.0 0.0
