yogafire 2018 MAY 4 0 0 0.5641025641025641 0.0 0.0 1971683.4872 252324.71794871794 403126.358974359 0.0 0.0 21.564102564102566 116.53846153846153 62.87179487179487 0.20512820512820512 0.41025641025641024 99.25641025641026 0.02564102564102564 0.0
yogafire 2018 MAY 4 0 10 0.175 0.0 0.0 1971119.1000 252690.8 403526.4 0.0 0.0 18.2 113.825 60.8 0.15 0.35 99.4 0.0 0.0
yogafire 2018 MAY 4 0 20 0.45 0.0 0.0 1971198.5000 253128.5 403821.1 0.0 0.0 24.425 111.75 60.025 0.275 0.4 99.3 0.0 0.0
yogafire 2018 MAY 4 0 30 0.6 0.0 0.0 1968432.9000 253632.4 403845.4 0.0 0.0 28.875 116.45 68.15 0.45 0.6 98.8 0.075 0.0
yogafire 2018 MAY 4 0 40 0.15 0.0 0.0 1969882.5000 254135.3 403821.8 0.0 0.0 18.0 108.0 57.525 0.225 0.325 99.35 0.0 0.0
yogafire 2018 MAY 4 0 50 0.15 0.2 0.0 1643230.7000 402311.0 273431.4 0.0 0.0 18.5 298.775 201.0 0.525 1.575 93.525 4.4 0.0
yogafire 2018 MAY 4 1 0 0.175 0.025 0.0 1606359.0000 432613.7 225234.2 0.0 0.0 9.275 98.85 55.825 0.075 0.325 99.5 0.025 0.0
yogafire 2018 MAY 4 1 10 0.25 0.0 0.0 1601047.0000 432771.0 230435.0 0.0 0.0 14.85 110.825 58.75 0.175 0.425 99.35 0.0 0.0
yogafire 2018 MAY 4 1 20 0.325 0.025 0.0 1601124.9000 433251.3 230937.9 0.0 0.0 9.375 95.475 54.95 0.025 0.325 99.575 0.0 0.0
yogafire 2018 MAY 4 1 30 0.025 0.0 0.0 1599333.4000 433659.7 231838.6 0.0 0.0 16.925 109.5 61.325 0.175 0.4 99.275 0.125 0.0
yogafire 2018 MAY 4 1 40 0.35 0.0 0.0 1598940.5000 433900.9 232698.2 0.0 0.0 14.45 107.85 57.6 0.1 0.35 99.475 0.025 0.0
yogafire 2018 MAY 4 1 50 0.275 0.0 0.0 1596851.8000 434362.1 233337.5 0.0 0.0 14.625 110.4 60.325 0.1 0.35 99.45 0.025 0.0
yogafire 2018 MAY 4 2 0 0.1 0.0 0.0 1593117.0000 434773.3 233951.7 0.0 0.0 16.05 115.275 60.4 0.275 0.4 99.275 0.0 0.0
yogafire 2018 MAY 4 2 10 0.1 0.0 0.0 1595262.0000 434954.0 234135.8 0.0 0.0 12.7 100.475 56.2 0.125 0.35 99.5 0.0 0.0
yogafire 2018 MAY 4 2 20 0.325 0.025 0.0 1604227.0000 435411.5 234300.6 0.0 0.0 13.325 106.075 57.825 0.175 0.375 99.35 0.0 0.0
yogafire 2018 MAY 4 2 30 0.175 0.0 0.0 1597040.0000 435788.7 234624.2 0.0 0.0 29.175 119.675 63.125 0.3 0.4 99.25 0.025 0.0
yogafire 2018 MAY 4 2 40 0.375 0.0 0.0 1595451.8000 436076.4 234983.7 0.0 0.0 23.875 113.9 61.45 0.225 0.325 99.325 0.05 0.0
yogafire 2018 MAY 4 2 50 0.15 0.0 0.0 1596512.1000 436501.1 235254.9 0.0 0.0 15.65 107.375 58.275 0.1 0.35 99.45 0.0 0.0
yogafire 2018 MAY 4 3 0 0.4 0.0 0.0 1594693.3000 436890.0 235618.6 0.0 0.0 12.475 120.975 66.75 0.125 0.45 99.25 0.05 0.0
yogafire 2018 MAY 4 3 10 0.4 0.025 0.0 1589878.7000 437244.2 238726.4 0.0 0.0 23.95 121.6 65.75 0.225 0.35 99.225 0.1 0.0
yogafire 2018 MAY 4 3 20 0.275 0.025 0.0 1588635.1000 437617.4 240525.6 0.0 0.0 27.075 123.5 67.675 0.3 0.375 99.2 0.05 0.0
yogafire 2018 MAY 4 3 30 0.425 0.025 0.0 1586049.0000 438483.1 242607.2 0.0 0.0 31.075 123.675 69.2 0.325 0.45 99.15 0.025 0.0
yogafire 2018 MAY 4 3 40 0.25 0.0 0.0 1585252.4000 438927.7 243104.2 0.0 0.0 18.5 109.475 58.05 0.15 0.375 99.375 0.075 0.0
yogafire 2018 MAY 4 3 50 0.075 0.025 0.0 2790377.6000 43848.6 76215.9 0.0 0.0 28.65 124.15 71.35 0.25 0.55 98.925 0.1 0.0
yogafire 2018 MAY 4 4 0 0.05 0.0 0.0 2842180.8000 24731.4 73388.4 0.0 0.0 19.125 120.775 64.55 0.225 0.425 99.3 0.0 0.0
yogafire 2018 MAY 4 4 10 0.2 0.025 0.0 2841030.5000 26364.0 73833.1 0.0 0.0 18.475 107.65 60.85 0.225 0.375 99.35 0.025 0.0
yogafire 2018 MAY 4 4 20 0.175 0.025 0.0 2837512.0000 28599.6 74477.5 0.0 0.0 31.175 117.725 68.125 0.325 0.425 99.175 0.0 0.0
yogafire 2018 MAY 4 4 30 0.275 0.0 0.0 2835870.4000 29949.2 75095.4 0.0 0.0 21.1 112.7 61.65 0.175 0.325 99.35 0.0 0.0
yogafire 2018 MAY 4 4 40 0.15 0.0 0.0 2835384.7000 30970.4 75630.9 0.0 0.0 15.775 111.125 60.375 0.1 0.35 99.5 0.0 0.0
yogafire 2018 MAY 4 4 50 0.3 0.0 0.0 2833598.5000 31717.4 75919.5 0.0 0.0 14.975 105.5 59.125 0.075 0.325 99.475 0.0 0.0
yogafire 2018 MAY 4 5 0 0.2 0.025 0.0 2832713.7000 32410.7 76132.3 0.0 0.0 16.225 109.575 60.35 0.075 0.375 99.5 0.0 0.0
yogafire 2018 MAY 4 5 10 0.3 0.0 0.0 2826213.6000 35755.1 77997.9 0.0 0.0 19.625 141.175 80.0 0.3 0.475 98.9 0.175 0.0
yogafire 2018 MAY 4 5 20 0.45 0.025 0.0 2819527.8000 39206.7 80681.4 0.0 0.0 26.975 118.4 67.375 0.275 0.4 99.275 0.0 0.0
yogafire 2018 MAY 4 5 30 0.275 0.025 0.0 2817714.5000 40178.9 81203.3 0.0 0.0 17.525 109.225 59.875 0.175 0.35 99.45 0.0 0.0
yogafire 2018 MAY 4 5 40 0.3 0.0 0.0 2816446.2000 41014.8 81469.3 0.0 0.0 17.65 108.175 60.25 0.1 0.325 99.475 0.0 0.0
yogafire 2018 MAY 4 5 50 0.475 0.05 0.0 2815534.4000 41865.9 81650.0 0.0 0.0 19.425 110.45 61.375 0.225 0.375 99.375 0.0 0.0
yogafire 2018 MAY 4 6 0 0.5 0.025 0.0 2812803.8000 42810.6 81966.9 0.0 0.0 22.525 117.3 65.45 0.275 0.475 99.2 0.075 0.0
yogafire 2018 MAY 4 6 10 0.35 0.3 0.0 2750616.6000 72011.9 109779.5 0.0 0.0 93.35 155.4 118.525 0.35 0.875 90.9 7.75 0.0
yogafire 2018 MAY 4 6 20 0.325 0.025 0.0 2604855.5000 160640.8 146793.4 0.0 0.0 39.925 126.5 70.825 0.45 0.475 98.9 0.075 0.0
yogafire 2018 MAY 4 6 30 0.275 0.0 0.0 2536185.0000 163884.9 198514.2 0.0 0.0 41.5 117.625 61.475 0.175 0.5 99.075 0.15 0.0
yogafire 2018 MAY 4 6 40 0.275 0.0 0.0 2535144.9000 164894.3 203072.7 0.0 0.0 19.375 114.325 63.1 0.125 0.3 99.4 0.025 0.0
yogafire 2018 MAY 4 6 50 0.225 0.025 0.0 2528272.8000 167616.8 205957.2 0.0 0.0 27.0 128.05 71.025 0.3 0.675 98.9 0.125 0.0
yogafire 2018 MAY 4 7 0 0.275 0.025 0.0 2522146.5000 169406.8 207812.3 0.0 0.0 14.75 113.5 65.075 0.125 0.325 99.375 0.025 0.0
yogafire 2018 MAY 4 7 10 0.125 0.0 0.0 2523978.5000 170298.8 208468.0 0.0 0.0 17.325 117.925 64.9 0.15 0.375 99.45 0.025 0.0
yogafire 2018 MAY 4 7 20 0.225 0.0 0.0 2529186.5000 171028.7 209284.5 0.0 0.0 17.575 140.575 78.575 0.1 0.4 99.225 0.0 0.0
yogafire 2018 MAY 4 7 30 0.175 0.0 0.0 2526365.1000 171816.6 211191.4 0.0 0.0 11.875 105.65 59.425 0.025 0.3 99.6 0.0 0.0
yogafire 2018 MAY 4 7 40 0.1 0.0 0.0 2523566.5000 172411.0 211411.8 0.0 0.0 19.05 127.95 69.05 0.575 0.5 98.85 0.0 0.0
yogafire 2018 MAY 4 7 50 0.425 0.025 0.0 2506317.5000 173722.4 213164.2 0.0 0.0 70.725 147.075 75.8 2.05 1.025 96.75 0.175 0.0
yogafire 2018 MAY 4 8 0 0.275 0.0 0.0 2498343.6000 175250.2 214229.1 0.0 0.0 36.025 135.775 73.425 0.575 0.475 98.775 0.05 0.0
yogafire 2018 MAY 4 8 10 0.425 0.0 0.0 2348979.1000 176728.0 228627.5 0.0 0.0 146.125 173.1 69.125 2.525 0.95 96.325 0.075 0.0
yogafire 2018 MAY 4 8 20 0.5 0.025 0.0 2230689.5000 177767.9 236064.0 0.0 0.0 46.6 138.225 77.175 0.65 0.6 98.7 0.0 0.0
yogafire 2018 MAY 4 8 30 0.425 0.0 0.0 2227185.4000 178774.7 237442.0 0.0 0.0 42.1 130.725 75.55 0.4 0.5 98.9 0.075 0.0
yogafire 2018 MAY 4 8 40 0.175 0.0 0.0 2224895.4000 179810.5 239102.3 0.0 0.0 26.15 126.425 68.975 0.55 0.375 99.025 0.0 0.0
yogafire 2018 MAY 4 8 50 0.325 0.0 0.0 2182674.2000 181035.3 262468.8 0.0 0.0 101.45 160.825 72.775 1.825 0.925 96.95 0.1 0.0
yogafire 2018 MAY 4 9 0 0.1 0.0 0.0 2182375.2000 181955.0 258242.4 0.0 0.0 52.475 140.4 81.025 0.65 0.475 98.75 0.0 0.0
yogafire 2018 MAY 4 9 10 0.225 0.025 0.0 2174223.2000 185155.2 261663.2 0.0 0.0 42.35 143.825 77.45 0.55 0.65 98.625 0.1 0.0
yogafire 2018 MAY 4 9 20 0.025 0.0 0.0 2167272.9000 186987.9 263102.3 0.0 0.0 56.825 151.45 88.15 0.4 0.5 98.775 0.05 0.0
yogafire 2018 MAY 4 9 30 0.175 0.025 0.0 2176553.3000 188422.5 251193.7 0.0 0.0 33.225 122.225 71.475 0.225 0.4 99.225 0.025 0.0
yogafire 2018 MAY 4 9 40 0.2 0.0 0.0 2175674.6000 189258.8 252528.9 0.0 0.0 47.925 141.6 75.45 0.675 0.55 98.55 0.125 0.0
yogafire 2018 MAY 4 9 50 0.65 0.025 0.0 2149084.2000 192240.4 271840.8 0.0 0.0 177.275 196.375 92.2 2.65 1.225 96.0 0.025 0.0
yogafire 2018 MAY 4 10 0 0.325 0.0 0.0 2112441.1000 193740.7 271036.0 0.0 0.0 106.225 161.85 77.8 1.75 0.75 97.35 0.05 0.0
yogafire 2018 MAY 4 10 10 0.45 0.0 0.0 2106625.0000 195405.2 270118.5 0.0 0.0 135.5 160.325 84.025 1.125 0.775 97.925 0.075 0.0
yogafire 2018 MAY 4 10 20 0.375 0.05 0.0 2106549.5000 196512.9 272335.9 0.0 0.0 82.15 150.4 83.5 0.8 0.625 98.375 0.025 0.0
yogafire 2018 MAY 4 10 30 0.325 0.0 0.0 2100959.8000 197440.0 275824.8 0.0 0.0 91.9 157.275 75.375 1.35 0.575 97.9 0.025 0.0
yogafire 2018 MAY 4 10 40 0.25 0.0 0.0 2092023.9000 198198.7 290337.7 0.0 0.0 17.85 121.25 68.0 0.2 0.525 99.25 0.0 0.0
yogafire 2018 MAY 4 10 50 0.275 0.0 0.0 2084648.4000 199002.5 290829.5 0.0 0.0 47.675 143.6 82.575 0.675 0.75 98.425 0.025 0.0
yogafire 2018 MAY 4 11 0 0.375 0.0 0.0 2081724.7000 199830.0 293484.1 0.0 0.0 80.725 138.525 78.8 0.4 0.5 98.75 0.075 0.0
yogafire 2018 MAY 4 11 10 0.4 0.0 0.0 2079334.4000 200591.7 296471.3 0.0 0.0 20.525 112.925 66.675 0.35 0.425 99.125 0.0 0.0
yogafire 2018 MAY 4 11 20 0.425 0.0 0.0 2090505.1000 201106.6 295524.1 0.0 0.0 34.425 116.625 63.8 0.225 0.475 99.225 0.0 0.0
yogafire 2018 MAY 4 11 30 0.25 0.0 0.0 2097384.4000 201931.2 279129.4 0.0 0.0 64.75 139.675 78.6 0.6 0.575 98.775 0.025 0.0
yogafire 2018 MAY 4 11 40 0.225 0.0 0.0 2102681.5000 202750.8 280834.6 0.0 0.0 52.05 129.4 76.1 0.425 0.55 98.925 0.025 0.0
yogafire 2018 MAY 4 11 50 0.075 0.0 0.0 2110856.7000 203677.7 282486.7 0.0 0.0 29.05 117.375 70.25 0.45 0.55 98.925 0.025 0.0
yogafire 2018 MAY 4 12 0 0.175 0.0 0.0 2109277.1000 204321.0 282614.6 0.0 0.0 33.025 120.325 66.425 0.25 0.4 99.225 0.0 0.0
yogafire 2018 MAY 4 12 10 0.2 0.025 0.0 2094838.5000 208002.5 285973.5 0.0 0.0 70.225 170.0 90.725 0.975 0.65 97.625 0.575 0.0
yogafire 2018 MAY 4 12 20 0.175 0.0 0.0 2073539.5000 213344.2 293534.5 0.0 0.0 50.525 141.4 80.875 0.45 0.525 98.825 0.1 0.0
yogafire 2018 MAY 4 12 30 0.45 0.0 0.0 2074141.6000 214275.9 294456.1 0.0 0.0 69.7 157.325 92.975 0.775 0.6 98.4 0.05 0.0
yogafire 2018 MAY 4 12 40 0.275 0.0 0.0 2073353.8000 215226.8 295790.3 0.0 0.0 40.5 142.35 77.125 0.475 0.525 98.775 0.05 0.0
yogafire 2018 MAY 4 12 50 0.3 0.0 0.0 2072277.1000 215921.3 294526.4 0.0 0.0 66.775 153.625 83.4 1.075 0.8 97.95 0.025 0.0
yogafire 2018 MAY 4 13 0 0.25 0.0 0.0 2066328.3000 216766.4 294996.4 0.0 0.0 63.025 140.775 78.725 0.525 0.525 98.9 0.025 0.0
yogafire 2018 MAY 4 13 10 0.175 0.0 0.0 2053196.0000 217475.3 297478.8 0.0 0.0 43.325 182.35 103.575 0.35 0.5 99.05 0.0 0.0
yogafire 2018 MAY 4 13 20 0.225 0.0 0.0 2068431.4000 218098.5 296406.3 0.0 0.0 32.55 130.95 69.15 0.225 0.5 99.2 0.0 0.0
yogafire 2018 MAY 4 13 30 0.175 0.0 0.0 2064384.4000 218695.0 296184.5 0.0 0.0 48.45 137.625 76.225 0.4 0.475 98.95 0.0 0.0
yogafire 2018 MAY 4 13 40 0.05 0.0 0.0 2068393.2000 219266.4 298385.5 0.0 0.0 41.8 145.45 89.425 0.175 0.55 99.25 0.025 0.0
yogafire 2018 MAY 4 13 50 0.375 0.0 0.0 2059124.4000 219956.6 303873.6 0.0 0.0 40.375 140.825 77.7 0.55 0.575 98.75 0.0 0.0
yogafire 2018 MAY 4 14 0 0.2 0.0 0.0 2057680.3000 220593.9 305058.7 0.0 0.0 46.8 132.5 76.4 0.35 0.5 99.05 0.025 0.0
yogafire 2018 MAY 4 14 10 0.325 0.025 0.0 2054373.2000 221318.5 307235.4 0.0 0.0 46.975 137.75 77.3 0.65 0.45 98.825 0.0 0.0
yogafire 2018 MAY 4 14 20 0.6 0.0 0.0 2053758.0000 222180.6 308077.4 0.0 0.0 38.875 126.525 74.1 0.55 0.6 98.7 0.0 0.0
yogafire 2018 MAY 4 14 30 0.35 0.0 0.0 2053132.1000 222776.1 308550.1 0.0 0.0 36.8 120.95 70.6 0.375 0.5 99.2 0.0 0.0
yogafire 2018 MAY 4 14 40 0.425 0.0 0.0 2049641.7000 223406.8 311314.0 0.0 0.0 26.95 131.375 66.625 0.675 0.575 98.675 0.0 0.0
yogafire 2018 MAY 4 14 50 0.575 0.0 0.0 2045669.4000 224242.0 309552.6 0.0 0.0 37.8 146.975 91.3 0.35 0.65 98.95 0.025 0.0
yogafire 2018 MAY 4 15 0 0.275 0.0 0.0 2052353.6000 225057.6 310551.8 0.0 0.0 20.55 121.825 67.6 0.125 0.45 99.25 0.025 0.0
yogafire 2018 MAY 4 15 10 0.35 0.05 0.0 2052055.7000 225718.2 311560.4 0.0 0.0 19.8 113.6 63.175 0.175 0.425 99.4 0.0 0.0
yogafire 2018 MAY 4 15 20 0.525 0.025 0.0 2048160.5000 226195.4 311865.0 0.0 0.0 39.5 128.825 69.5 0.775 0.475 98.625 0.0 0.0
yogafire 2018 MAY 4 15 30 0.375 0.05 0.0 2047352.1000 226806.0 312092.1 0.0 0.0 42.675 136.225 83.95 0.5 0.55 98.875 0.0 0.0
yogafire 2018 MAY 4 15 40 0.45 0.0 0.0 2063626.3000 227735.4 313362.6 0.0 0.0 44.875 145.975 85.15 0.6 0.55 98.7 0.025 0.0
yogafire 2018 MAY 4 15 50 0.175 0.0 0.0 2062022.7000 228334.2 313766.3 0.0 0.0 26.15 121.775 64.125 0.375 0.45 99.15 0.0 0.0
yogafire 2018 MAY 4 16 0 0.075 0.0 0.0 2055385.1000 228880.9 314396.0 0.0 0.0 43.125 149.8 88.175 0.5 0.575 98.775 0.025 0.0
yogafire 2018 MAY 4 16 10 0.725 0.05 0.0 2005447.2000 229947.0 354918.8 0.0 0.0 69.5 381.325 204.55 1.625 1.175 96.4 0.675 0.0
yogafire 2018 MAY 4 16 20 0.175 0.0 0.0 1923724.3000 231008.6 436412.9 0.0 0.0 42.15 135.475 69.125 0.975 0.5 98.375 0.0 0.0
yogafire 2018 MAY 4 16 30 0.375 0.0 0.0 1898912.0000 231505.1 459072.6 0.0 0.0 29.5 130.175 69.85 0.475 0.575 98.75 0.125 0.0
yogafire 2018 MAY 4 16 40 0.175 0.0 0.0 1851734.5000 231974.8 498650.7 0.0 0.0 21.525 118.025 64.425 0.25 0.4 99.35 0.0 0.0
yogafire 2018 MAY 4 16 50 0.25 0.0 0.0 1852492.1000 232449.4 499123.2 0.0 0.0 28.45 135.875 68.05 0.8 0.5 98.5 0.025 0.0
yogafire 2018 MAY 4 17 0 0.45 0.0 0.0 1847672.8000 233021.3 499690.9 0.0 0.0 44.8 131.525 69.725 0.45 0.475 98.95 0.025 0.0
yogafire 2018 MAY 4 17 10 0.425 0.0 0.0 1849172.5000 233490.9 500004.9 0.0 0.0 20.25 108.925 59.1 0.175 0.375 99.375 0.0 0.0
yogafire 2018 MAY 4 17 20 0.35 0.0 0.0 1860595.8000 233901.5 500271.1 0.0 0.0 30.85 122.7 65.875 0.325 0.5 99.05 0.025 0.0
yogafire 2018 MAY 4 17 30 0.1 0.0 0.0 1856866.1000 234402.8 500666.9 0.0 0.0 29.275 124.55 68.075 0.375 0.55 99.0 0.0 0.0
yogafire 2018 MAY 4 17 40 0.125 0.0 0.0 1849727.2000 234983.6 501949.3 0.0 0.0 38.575 118.1 66.4 0.275 0.45 99.175 0.0 0.0
yogafire 2018 MAY 4 17 50 0.3 0.0 0.0 1846059.4000 235504.0 502650.7 0.0 0.0 20.4 113.825 61.775 0.225 0.45 99.3 0.025 0.0
yogafire 2018 MAY 4 18 0 0.15 0.0 0.0 1851012.0000 236060.5 502999.5 0.0 0.0 31.225 118.35 63.425 0.3 0.4 99.25 0.0 0.0
yogafire 2018 MAY 4 18 10 0.325 0.0 0.0 1852001.0000 236425.3 503201.9 0.0 0.0 20.95 107.6 58.6 0.225 0.35 99.375 0.0 0.0
yogafire 2018 MAY 4 18 20 0.45 0.0 0.0 1849760.2000 236730.8 503467.7 0.0 0.0 18.65 120.35 67.775 0.15 0.425 99.375 0.0 0.0
yogafire 2018 MAY 4 18 30 0.35 0.0 0.0 1847309.4000 237164.3 504099.3 0.0 0.0 20.175 129.65 74.3 0.2 0.35 99.3 0.0 0.0
yogafire 2018 MAY 4 18 40 0.35 0.025 0.0 1846457.0000 237619.0 504569.4 0.0 0.0 20.0 129.9 73.95 0.15 0.375 99.4 0.0 0.0
yogafire 2018 MAY 4 18 50 0.4 0.0 0.0 1841316.3000 238108.8 505039.7 0.0 0.0 29.35 143.875 79.925 0.575 0.525 98.8 0.0 0.0
yogafire 2018 MAY 4 19 0 0.35 0.025 0.0 1836944.5000 238652.7 505622.1 0.0 0.0 22.775 139.225 77.425 0.25 0.425 99.25 0.025 0.0
yogafire 2018 MAY 4 19 10 0.25 0.0 0.0 1843063.5000 239177.9 505990.1 0.0 0.0 27.225 132.1 74.425 0.225 0.375 99.425 0.0 0.0
yogafire 2018 MAY 4 19 20 0.25 0.0 0.0 1844484.1000 239664.2 506469.0 0.0 0.0 16.6 131.025 70.725 0.175 0.375 99.35 0.0 0.0
yogafire 2018 MAY 4 19 30 0.15 0.0 0.0 1843095.0000 240069.7 507212.7 0.0 0.0 36.225 146.325 81.15 0.55 0.45 98.85 0.025 0.0
yogafire 2018 MAY 4 19 40 0.125 0.0 0.0 1840856.7000 240576.6 508253.0 0.0 0.0 39.55 143.525 76.925 0.475 0.525 98.95 0.0 0.0
yogafire 2018 MAY 4 19 50 0.375 0.025 0.0 1835703.8000 241558.1 509882.0 0.0 0.0 72.05 180.725 100.8 1.275 0.925 97.7 0.075 0.0
yogafire 2018 MAY 4 20 0 0.325 0.025 0.0 1833849.7000 242162.4 510324.0 0.0 0.0 16.5 123.525 69.75 0.025 0.375 99.5 0.025 0.0
yogafire 2018 MAY 4 20 10 0.3 0.0 0.0 1832164.3000 242556.7 510536.0 0.0 0.0 13.525 113.875 60.5 0.15 0.35 99.575 0.0 0.0
yogafire 2018 MAY 4 20 20 0.225 0.0 0.0 1861878.9000 242942.7 511079.6 0.0 0.0 21.825 111.75 61.8 0.275 0.45 99.225 0.0 0.0
yogafire 2018 MAY 4 20 30 0.125 0.0 0.0 1866938.8000 243306.7 511319.7 0.0 0.0 9.4 104.25 54.35 0.175 0.325 99.5 0.0 0.0
yogafire 2018 MAY 4 20 40 0.05 0.0 0.0 1864779.7000 243643.1 511458.4 0.0 0.0 11.975 105.65 55.5 0.05 0.375 99.475 0.0 0.0
yogafire 2018 MAY 4 20 50 0.3 0.0 0.0 1845685.1000 243998.4 511958.8 0.0 0.0 41.7 122.7 68.45 0.45 0.475 99.0 0.025 0.0
yogafire 2018 MAY 4 21 0 0.125 0.0 0.0 1827944.2000 244516.8 517863.7 0.0 0.0 19.675 107.625 57.9 0.05 0.325 99.575 0.0 0.0
yogafire 2018 MAY 4 21 10 0.425 0.0 0.0 1826789.8000 244902.6 518097.7 0.0 0.0 14.825 109.875 58.65 0.1 0.35 99.5 0.0 0.0
yogafire 2018 MAY 4 21 20 0.175 0.0 0.0 1820094.4000 245278.4 518665.5 0.0 0.0 20.625 111.7 61.775 0.125 0.4 99.375 0.0 0.0
yogafire 2018 MAY 4 21 30 0.35 0.025 0.0 1825977.6000 245601.4 518513.3 0.0 0.0 14.075 104.3 58.525 0.125 0.35 99.5 0.0 0.0
yogafire 2018 MAY 4 21 40 0.275 0.0 0.0 1826177.7000 245957.9 518725.5 0.0 0.0 9.675 104.15 56.575 0.05 0.35 99.5 0.025 0.0
yogafire 2018 MAY 4 21 50 0.475 0.0 0.0 1826264.8000 246283.4 518853.1 0.0 0.0 9.975 101.0 55.7 0.05 0.35 99.5 0.0 0.0
yogafire 2018 MAY 4 22 0 0.175 0.0 0.0 1825465.7000 246540.4 518989.2 0.0 0.0 10.6 111.775 59.225 0.025 0.3 99.5 0.0 0.0
yogafire 2018 MAY 4 22 10 0.3 0.0 0.0 1823867.5000 246879.5 519444.3 0.0 0.0 11.525 106.6 58.275 0.125 0.35 99.525 0.025 0.0
yogafire 2018 MAY 4 22 20 0.35 0.0 0.0 1818203.2000 247199.2 519660.7 0.0 0.0 19.65 114.45 62.0 0.175 0.35 99.35 0.025 0.0
yogafire 2018 MAY 4 22 30 0.35 0.0 0.0 1825012.6000 247478.3 519880.9 0.0 0.0 16.025 107.65 58.925 0.2 0.325 99.425 0.025 0.0
yogafire 2018 MAY 4 22 40 0.2 0.0 0.0 1824471.7000 247785.9 520117.6 0.0 0.0 14.7 103.375 57.425 0.05 0.25 99.575 0.0 0.0
yogafire 2018 MAY 4 22 50 0.35 0.0 0.0 1824471.6000 248105.9 520300.1 0.0 0.0 12.25 105.35 57.05 0.075 0.35 99.425 0.075 0.0
yogafire 2018 MAY 4 23 0 0.3 0.0 0.0 1824214.8000 248358.3 520898.0 0.0 0.0 16.2 102.95 57.95 0.075 0.35 99.525 0.0 0.0
yogafire 2018 MAY 4 23 10 0.3 0.0 0.0 1823847.1000 248604.0 521187.5 0.0 0.0 14.625 101.675 54.3 0.15 0.325 99.475 0.025 0.0
yogafire 2018 MAY 4 23 20 0.175 0.025 0.0 1823936.5000 248870.5 521319.1 0.0 0.0 22.35 107.75 56.075 0.275 0.375 99.3 0.0 0.0
yogafire 2018 MAY 4 23 30 0.475 0.0 0.0 1823232.3000 249163.5 521371.3 0.0 0.0 11.075 106.525 55.6 0.025 0.35 99.625 0.0 0.0
yogafire 2018 MAY 4 23 40 0.125 0.025 0.0 1823055.8000 249441.4 521478.1 0.0 0.0 8.775 101.725 55.3 0.0 0.35 99.65 0.0 0.0
