yogafire 2018 MAY 2 0 0 0.48717948717948717 0.0 0.0 2094733.1282 239440.5128205128 346825.53846153844 0.0 0.0 19.41025641025641 120.28205128205128 60.41025641025641 0.6410256410256411 0.38461538461538464 98.8974358974359 0.0 0.0
yogafire 2018 MAY 2 0 10 0.225 0.0 0.0 2093746.7000 239867.1 347228.9 0.0 0.0 18.075 109.1 57.825 0.075 0.275 99.55 0.0 0.0
yogafire 2018 MAY 2 0 20 0.275 0.0 0.0 2094008.4000 240150.6 347521.9 0.0 0.0 17.575 105.85 56.225 0.1 0.325 99.5 0.0 0.0
yogafire 2018 MAY 2 0 30 0.125 0.0 52263.1 2046912.0000 243156.5 338637.8 0.0 0.025 17.775 107.525 58.925 0.15 2.8 96.95 0.0 0.0
yogafire 2018 MAY 2 0 40 0.15 0.0 0.0 2093707.6000 240808.0 347068.2 0.0 0.0 13.775 97.8 55.5 0.05 0.325 99.625 0.0 0.0
yogafire 2018 MAY 2 0 50 0.175 0.25 0.0 1751948.5000 401814.1 206836.4 0.0 0.0 45.3 308.725 215.7 0.475 1.5 93.7 4.35 0.0
yogafire 2018 MAY 2 1 0 0.125 0.1 0.0 1720317.6000 434363.1 153946.5 0.0 0.0 16.45 114.0 63.325 0.1 0.375 99.325 0.025 0.0
yogafire 2018 MAY 2 1 10 0.025 0.075 0.0 1714434.2000 434896.6 160445.3 0.0 0.0 14.025 118.575 65.9 0.075 0.425 99.25 0.1 0.0
yogafire 2018 MAY 2 1 20 0.125 0.0 0.0 1698830.7000 435233.1 175092.9 0.0 0.0 14.675 124.85 68.05 0.125 0.4 99.275 0.2 0.0
yogafire 2018 MAY 2 1 30 0.1 0.0 0.0 1694721.5000 435653.4 178957.5 0.0 0.0 17.55 117.125 64.775 0.125 0.425 99.325 0.075 0.0
yogafire 2018 MAY 2 1 40 0.55 0.0 0.0 1693539.5000 435960.9 179989.1 0.0 0.0 14.125 108.05 59.3 0.05 0.325 99.5 0.025 0.0
yogafire 2018 MAY 2 1 50 0.225 0.0 0.0 1694669.3000 436258.4 180668.3 0.0 0.0 12.45 102.725 57.375 0.025 0.275 99.55 0.0 0.0
yogafire 2018 MAY 2 2 0 0.325 0.0 0.0 1693339.2000 436665.4 181091.3 0.0 0.0 22.825 109.5 61.85 0.15 0.325 99.4 0.0 0.0
yogafire 2018 MAY 2 2 10 0.225 0.0 0.0 1692775.5000 437066.6 181325.7 0.0 0.0 13.65 106.75 59.875 0.125 0.3 99.475 0.0 0.0
yogafire 2018 MAY 2 2 20 0.225 0.025 0.0 1693129.2000 437316.8 181507.5 0.0 0.0 16.45 108.0 56.55 0.075 0.3 99.525 0.0 0.0
yogafire 2018 MAY 2 2 30 0.5 0.0 0.0 1669487.5000 437682.1 199509.3 0.0 0.0 169.8 161.625 63.25 2.05 0.975 96.875 0.05 0.0
yogafire 2018 MAY 2 2 40 0.1 0.0 0.0 1662694.2000 438081.3 211883.9 0.0 0.0 19.5 110.7 58.0 0.125 0.325 99.5 0.0 0.0
yogafire 2018 MAY 2 2 50 0.1 0.025 0.0 1660775.7000 438318.9 212218.9 0.0 0.0 20.425 119.925 63.875 0.175 0.35 99.3 0.0 0.0
yogafire 2018 MAY 2 3 0 0.375 0.0 0.0 1660114.8000 438527.7 211651.0 0.0 0.0 18.6 105.125 57.575 0.1 0.325 99.5 0.0 0.0
yogafire 2018 MAY 2 3 10 0.25 0.0 0.0 1676420.7000 438886.0 194917.7 0.0 0.0 24.475 115.175 60.3 0.125 0.375 99.475 0.0 0.0
yogafire 2018 MAY 2 3 20 0.1 0.05 0.0 1676736.5000 439467.2 195873.6 0.0 0.0 17.025 109.1 59.275 0.075 0.325 99.5 0.025 0.0
yogafire 2018 MAY 2 3 30 0.075 0.025 0.0 1675820.4000 440354.1 197791.4 0.0 0.0 20.025 111.975 60.425 0.075 0.35 99.475 0.0 0.0
yogafire 2018 MAY 2 3 40 0.25 0.025 0.0 1676291.6000 440480.9 198059.4 0.0 0.0 17.95 106.75 58.45 0.075 0.325 99.525 0.0 0.0
yogafire 2018 MAY 2 3 50 0.3 0.0 0.0 2833508.6000 40814.9 69701.8 0.0 0.0 17.9 104.675 59.2 0.075 0.45 99.325 0.15 0.0
yogafire 2018 MAY 2 4 0 0.25 0.0 0.0 2878250.6000 20815.9 70410.4 0.0 0.0 15.3 107.45 59.325 0.1 0.3 99.475 0.025 0.0
yogafire 2018 MAY 2 4 10 0.1 0.0 0.0 2875815.1000 21889.2 71200.2 0.0 0.0 23.525 100.575 59.15 0.15 0.325 99.35 0.05 0.0
yogafire 2018 MAY 2 4 20 0.2 0.0 0.0 2872170.7000 23610.9 72175.4 0.0 0.0 17.95 100.875 57.9 0.125 0.425 99.4 0.0 0.0
yogafire 2018 MAY 2 4 30 0.225 0.0 0.0 2849265.4000 26122.7 74137.6 0.0 0.0 40.8 127.35 68.175 0.425 0.5 99.0 0.05 0.0
yogafire 2018 MAY 2 4 40 0.1 0.0 0.0 2837936.3000 29266.2 76408.0 0.0 0.0 21.525 117.75 65.65 0.075 0.375 99.2 0.175 0.0
yogafire 2018 MAY 2 4 50 0.325 0.025 0.0 2826092.9000 34282.5 79228.2 0.0 0.0 22.175 128.65 71.4 0.225 0.475 99.15 0.125 0.0
yogafire 2018 MAY 2 5 0 0.325 0.0 0.0 2821085.3000 36209.0 80054.6 0.0 0.0 20.625 125.1 71.225 0.15 0.45 99.3 0.0 0.0
yogafire 2018 MAY 2 5 10 0.475 0.0 0.0 2817855.9000 37198.0 83374.8 0.0 0.0 17.25 110.275 61.25 0.2 0.35 99.275 0.075 0.0
yogafire 2018 MAY 2 5 20 0.275 0.075 0.0 2806179.4000 40147.6 94961.3 0.0 0.0 15.475 123.65 66.8 0.125 0.45 99.2 0.2 0.0
yogafire 2018 MAY 2 5 30 0.225 0.025 0.0 2803696.9000 41702.4 96783.9 0.0 0.0 16.75 114.2 58.85 0.2 0.3 99.4 0.05 0.0
yogafire 2018 MAY 2 5 40 0.5 0.0 0.0 2800934.7000 43073.5 97539.9 0.0 0.0 11.65 103.825 56.55 0.0 0.3 99.625 0.0 0.0
yogafire 2018 MAY 2 5 50 0.05 0.0 0.0 2794974.1000 43889.3 97811.1 0.0 0.0 23.925 115.475 61.125 0.3 0.425 99.275 0.0 0.0
yogafire 2018 MAY 2 6 0 0.0 0.0 0.0 2794529.1000 44682.9 98002.2 0.0 0.0 13.425 104.475 56.375 0.025 0.325 99.6 0.0 0.0
yogafire 2018 MAY 2 6 10 0.225 0.275 0.0 2729782.6000 76160.5 125105.3 0.0 0.0 97.625 157.45 111.825 0.35 0.75 92.45 6.4 0.0
yogafire 2018 MAY 2 6 20 0.025 0.025 0.0 2596207.4000 154911.8 161566.3 0.0 0.0 28.55 111.675 63.625 0.2 0.4 99.35 0.025 0.0
yogafire 2018 MAY 2 6 30 0.2 0.0 0.0 2595173.6000 155855.6 161981.9 0.0 0.0 26.275 116.375 62.925 0.25 0.3 99.45 0.025 0.0
yogafire 2018 MAY 2 6 40 0.05 0.0 0.0 2595593.5000 156766.4 162302.2 0.0 0.0 10.55 113.15 65.85 0.05 0.425 99.425 0.0 0.0
yogafire 2018 MAY 2 6 50 0.45 0.05 0.0 2590368.0000 157609.8 165005.2 0.0 0.0 34.65 126.575 63.05 0.925 0.425 98.475 0.1 0.0
yogafire 2018 MAY 2 7 0 0.35 0.0 0.0 2576142.5000 159054.2 171157.0 0.0 0.0 15.625 107.125 58.5 0.05 0.375 99.525 0.0 0.0
yogafire 2018 MAY 2 7 10 0.15 0.025 0.0 2536720.6000 161055.3 205078.3 0.0 0.0 26.125 137.8 78.625 0.35 0.675 98.675 0.175 0.0
yogafire 2018 MAY 2 7 20 0.15 0.0 0.0 2503011.9000 162607.0 237065.9 0.0 0.0 29.6 130.2 72.85 0.25 0.5 99.075 0.05 0.0
yogafire 2018 MAY 2 7 30 0.125 0.0 0.0 2508859.1000 163544.8 238578.1 0.0 0.0 23.9 115.275 63.525 0.175 0.325 99.35 0.025 0.0
yogafire 2018 MAY 2 7 40 0.1 0.0 0.0 2506922.7000 164216.6 241800.0 0.0 0.0 12.875 103.05 58.675 0.05 0.35 99.575 0.0 0.0
yogafire 2018 MAY 2 7 50 0.3 0.0 0.0 2485248.9000 165586.9 243557.6 0.0 0.0 59.15 131.225 69.225 1.975 1.0 96.775 0.225 0.0
yogafire 2018 MAY 2 8 0 0.125 0.0 0.0 2485266.7000 166915.1 244281.2 0.0 0.0 30.975 130.4 68.6 0.375 0.45 99.025 0.0 0.0
yogafire 2018 MAY 2 8 10 0.5 0.0 0.0 2471872.4000 167910.6 245850.1 0.0 0.0 48.75 138.925 75.575 0.425 0.625 98.775 0.05 0.0
yogafire 2018 MAY 2 8 20 0.475 0.0 0.0 2437635.0000 177723.1 261118.7 0.0 0.0 57.6 183.925 111.6 0.7 0.625 97.925 0.675 0.0
yogafire 2018 MAY 2 8 30 0.35 0.0 0.0 2431573.3000 180670.5 264371.5 0.0 0.0 41.9 129.925 74.45 0.275 0.425 99.075 0.05 0.0
yogafire 2018 MAY 2 8 40 0.725 0.0 0.0 2402232.0000 187607.9 273121.3 0.0 0.0 52.325 146.25 79.1 0.7 0.5 98.175 0.575 0.0
yogafire 2018 MAY 2 8 50 0.5 0.0 0.0 2315728.7000 192482.0 289393.1 0.0 0.0 68.775 122.025 68.0 0.5 0.55 98.85 0.025 0.0
yogafire 2018 MAY 2 9 0 0.425 0.0 0.0 2226642.3000 194139.2 304018.6 0.0 0.0 94.35 175.65 82.725 2.0 0.9 96.9 0.125 0.0
yogafire 2018 MAY 2 9 10 0.3 0.0 0.0 2203648.6000 195526.4 310776.7 0.0 0.0 51.425 134.85 71.3 0.55 0.45 98.85 0.05 0.0
yogafire 2018 MAY 2 9 20 0.225 0.0 0.0 2192918.5000 197007.1 318262.4 0.0 0.0 79.85 160.375 86.7 1.1 0.575 98.075 0.075 0.0
yogafire 2018 MAY 2 9 30 0.2 0.0 0.0 2204230.2000 198275.7 300914.1 0.0 0.0 55.275 151.875 90.275 1.0 0.625 98.25 0.075 0.0
yogafire 2018 MAY 2 9 40 0.15 0.0 0.0 2195307.1000 199766.1 302318.5 0.0 0.0 61.975 149.0 78.35 1.425 0.5 97.85 0.0 0.0
yogafire 2018 MAY 2 9 50 0.3 0.0 0.0 2189970.5000 200793.1 302846.6 0.0 0.0 41.525 144.85 79.8 0.65 0.625 98.55 0.0 0.0
yogafire 2018 MAY 2 10 0 0.125 0.025 0.0 2186060.8000 202122.6 307386.6 0.0 0.0 70.0 189.05 104.7 0.975 1.0 97.825 0.1 0.0
yogafire 2018 MAY 2 10 10 0.3 0.0 0.0 2191229.8000 203364.7 308646.8 0.0 0.0 24.475 116.275 68.275 0.175 0.4 99.35 0.0 0.0
yogafire 2018 MAY 2 10 20 0.375 0.025 0.0 2184336.4000 204109.0 309021.1 0.0 0.0 46.725 145.775 80.45 0.6 0.575 98.8 0.0 0.0
yogafire 2018 MAY 2 10 30 0.55 0.025 0.0 2181740.1000 204966.8 309323.0 0.0 0.0 58.75 149.0 81.8 0.775 0.625 98.575 0.0 0.0
yogafire 2018 MAY 2 10 40 0.3 0.025 0.0 2177709.7000 206164.7 309931.3 0.0 0.0 51.35 150.85 81.075 0.8 0.575 98.55 0.1 0.0
yogafire 2018 MAY 2 10 50 0.35 0.0 0.0 2173352.5000 208644.7 311840.7 0.0 0.0 62.425 144.275 84.85 0.7 0.65 98.525 0.075 0.0
yogafire 2018 MAY 2 11 0 0.425 0.0 0.0 2163146.1000 209796.5 313943.2 0.0 0.0 82.075 152.775 84.95 1.075 0.7 98.125 0.05 0.0
yogafire 2018 MAY 2 11 10 0.3 0.0 0.0 2156074.8000 210828.4 315518.1 0.0 0.0 41.3 134.05 79.75 0.675 0.55 98.725 0.05 0.0
yogafire 2018 MAY 2 11 20 0.775 0.025 0.0 2148326.3000 211814.1 318861.2 0.0 0.0 52.875 136.35 79.25 0.4 0.75 98.85 0.025 0.0
yogafire 2018 MAY 2 11 30 0.35 0.025 0.0 2138063.5000 213313.2 319542.1 0.0 0.0 100.775 181.05 105.025 1.65 0.85 97.275 0.1 0.0
yogafire 2018 MAY 2 11 40 0.225 0.025 0.0 2145709.2000 214558.8 320731.6 0.0 0.0 31.525 146.4 79.325 0.225 0.5 98.675 0.425 0.0
yogafire 2018 MAY 2 11 50 0.575 0.0 0.0 2093250.1000 219552.4 346929.7 0.0 0.0 128.575 195.525 116.25 2.475 1.7 95.475 0.325 0.0
yogafire 2018 MAY 2 12 0 0.125 0.0 0.0 2088850.7000 220480.8 352279.1 0.0 0.0 44.825 131.25 76.45 0.575 0.55 98.9 0.0 0.0
yogafire 2018 MAY 2 12 10 0.125 0.0 0.0 2090201.2000 221142.2 352633.4 0.0 0.0 30.2 132.775 75.65 0.275 0.375 99.2 0.0 0.0
yogafire 2018 MAY 2 12 20 0.025 0.025 0.0 2093355.9000 221700.8 352038.6 0.0 0.0 23.925 118.85 71.375 0.225 0.425 99.325 0.0 0.0
yogafire 2018 MAY 2 12 30 0.225 0.0 0.0 2111125.0000 222263.4 335245.1 0.0 0.0 30.45 123.325 73.375 0.275 0.45 99.175 0.05 0.0
yogafire 2018 MAY 2 12 40 0.175 0.0 0.0 2123085.1000 222779.7 335568.0 0.0 0.0 26.425 119.325 67.125 0.2 0.475 99.275 0.0 0.0
yogafire 2018 MAY 2 12 50 0.2 0.025 0.0 2127049.5000 223470.6 336102.6 0.0 0.0 73.625 144.325 81.65 1.025 0.55 98.3 0.125 0.0
yogafire 2018 MAY 2 13 0 0.075 0.0 0.0 2138277.2000 224285.9 336745.6 0.0 0.0 24.85 122.875 69.05 0.3 0.475 99.15 0.0 0.0
yogafire 2018 MAY 2 13 10 0.3 0.0 0.0 2137329.1000 224855.7 336993.4 0.0 0.0 25.725 112.175 63.325 0.375 0.4 99.275 0.0 0.0
yogafire 2018 MAY 2 13 20 0.3 0.0 0.0 2135296.7000 225409.9 337561.0 0.0 0.0 42.775 123.375 73.15 0.125 0.45 99.325 0.0 0.0
yogafire 2018 MAY 2 13 30 0.425 0.0 0.0 2120247.0000 226191.1 341711.0 0.0 0.0 107.075 181.975 103.95 1.35 1.0 97.55 0.025 0.0
yogafire 2018 MAY 2 13 40 0.375 0.075 0.0 2036871.1000 228713.2 374417.6 0.0 0.0 67.75 222.275 105.95 1.025 1.125 97.35 0.25 0.0
yogafire 2018 MAY 2 13 50 0.35 0.025 0.0 2057112.5000 231036.1 398359.7 0.0 0.0 59.2 135.175 74.425 0.575 0.55 98.825 0.025 0.0
yogafire 2018 MAY 2 14 0 0.375 0.0 0.0 2056253.0000 231774.4 398216.6 0.0 0.0 34.95 129.625 70.825 0.325 0.525 99.05 0.0 0.0
yogafire 2018 MAY 2 14 10 0.575 0.0 0.0 2054872.5000 232626.8 397463.5 0.0 0.0 128.025 166.375 90.975 1.075 0.675 98.25 0.0 0.0
yogafire 2018 MAY 2 14 20 0.15 0.0 51218.0 2004411.5000 237757.5 394008.5 0.0 0.0 41.65 129.1 68.975 0.4 2.875 96.625 0.0 0.0
yogafire 2018 MAY 2 14 30 0.25 0.0 0.0 2042920.0000 234064.2 412636.7 0.0 0.0 182.275 163.875 80.175 2.1 0.925 96.9 0.05 0.0
yogafire 2018 MAY 2 14 40 0.1 0.0 0.0 2038039.2000 234836.6 418969.1 0.0 0.0 33.15 131.175 70.225 0.55 0.6 98.8 0.0 0.0
yogafire 2018 MAY 2 14 50 0.3 0.0 0.0 2026490.1000 235383.0 424754.5 0.0 0.0 225.825 190.7 74.175 3.275 1.125 95.525 0.025 0.0
yogafire 2018 MAY 2 15 0 0.175 0.0 0.0 2020413.3000 235980.3 437943.9 0.0 0.0 39.825 133.175 69.625 0.775 0.55 98.675 0.0 0.0
yogafire 2018 MAY 2 15 10 0.275 0.0 0.0 2012980.4000 236639.3 438573.1 0.0 0.0 56.175 190.1 103.425 0.8 0.825 98.175 0.025 0.0
yogafire 2018 MAY 2 15 20 0.0 0.0 0.0 2009267.5000 237292.0 438470.6 0.0 0.0 47.15 118.475 65.8 0.375 0.45 99.125 0.05 0.0
yogafire 2018 MAY 2 15 30 0.2 0.0 0.0 2037161.9000 238035.0 410217.0 0.0 0.0 40.475 153.775 94.775 0.625 0.6 98.675 0.0 0.0
yogafire 2018 MAY 2 15 40 0.15 0.0 0.0 2046364.9000 238679.1 410928.6 0.0 0.0 27.525 121.975 65.325 0.35 0.5 99.075 0.0 0.0
yogafire 2018 MAY 2 15 50 0.275 0.025 0.0 2044543.9000 239123.1 411530.2 0.0 0.0 33.1 123.15 66.175 0.375 0.425 99.15 0.025 0.0
yogafire 2018 MAY 2 16 0 0.25 0.025 0.0 2034946.4000 239696.3 413368.4 0.0 0.0 44.525 150.3 75.4 0.75 0.725 98.525 0.0 0.0
yogafire 2018 MAY 2 16 10 0.15 0.0 0.0 2038785.4000 240238.7 414913.8 0.0 0.0 48.5 148.925 79.25 0.85 0.625 98.4 0.05 0.0
yogafire 2018 MAY 2 16 20 0.15 0.0 0.0 2032722.6000 240904.0 415907.5 0.0 0.0 64.125 133.875 73.875 0.6 0.75 98.5 0.05 0.0
yogafire 2018 MAY 2 16 30 0.175 0.0 0.0 2023459.4000 241383.7 417000.8 0.0 0.0 39.25 174.45 102.025 0.725 0.725 98.45 0.025 0.0
yogafire 2018 MAY 2 16 40 0.3 0.025 0.0 2018251.4000 242146.5 418411.9 0.0 0.0 142.475 177.95 99.225 1.15 0.975 97.75 0.075 0.0
yogafire 2018 MAY 2 16 50 0.125 0.0 0.0 2013000.7000 243406.6 421393.0 0.0 0.0 80.6 141.675 79.025 0.65 0.6 98.55 0.075 0.0
yogafire 2018 MAY 2 17 0 0.225 0.0 0.0 2013016.4000 244306.1 422833.4 0.0 0.0 65.425 158.25 82.225 0.925 0.725 98.2 0.175 0.0
yogafire 2018 MAY 2 17 10 0.175 0.025 0.0 2005915.9000 245009.8 428253.7 0.0 0.0 85.425 143.4 85.725 0.525 0.65 98.9 0.0 0.0
yogafire 2018 MAY 2 17 20 0.15 0.0 0.0 2004782.0000 245467.8 428881.1 0.0 0.0 34.375 136.0 79.225 0.4 0.55 98.925 0.025 0.0
yogafire 2018 MAY 2 17 30 0.4 0.0 0.0 1995768.5000 245888.4 434582.4 0.0 0.0 153.15 196.625 74.35 3.675 1.1 95.125 0.05 0.0
yogafire 2018 MAY 2 17 40 0.225 0.0 0.0 1998331.6000 246266.1 434329.4 0.0 0.0 60.075 135.7 70.5 0.6 0.6 98.8 0.025 0.0
yogafire 2018 MAY 2 17 50 0.275 0.0 0.0 2007768.4000 246730.7 429264.4 0.0 0.0 33.025 120.425 67.925 0.275 0.4 99.2 0.025 0.0
yogafire 2018 MAY 2 18 0 0.375 0.0 0.0 2009804.4000 247347.0 429094.4 0.0 0.0 23.85 123.025 66.35 0.45 0.425 99.025 0.0 0.0
yogafire 2018 MAY 2 18 10 0.225 0.0 0.0 2012591.7000 247794.7 429518.7 0.0 0.0 30.075 134.65 73.35 0.525 0.475 99.0 0.0 0.0
yogafire 2018 MAY 2 18 20 0.375 0.025 0.0 2014875.7000 248187.0 429992.9 0.0 0.0 25.575 117.425 62.6 0.2 0.4 99.275 0.025 0.0
yogafire 2018 MAY 2 18 30 0.425 0.025 0.0 2015744.0000 248584.3 430062.2 0.0 0.0 45.825 127.75 66.825 0.4 0.45 99.0 0.025 0.0
yogafire 2018 MAY 2 18 40 0.275 0.05 0.0 1987381.4000 249516.1 458167.9 0.0 0.0 28.4 144.125 75.0 0.3 0.475 98.875 0.375 0.0
yogafire 2018 MAY 2 18 50 0.45 0.0 0.0 1983358.1000 250056.7 459856.0 0.0 0.0 19.35 115.375 63.475 0.175 0.4 99.35 0.0 0.0
yogafire 2018 MAY 2 19 0 0.475 0.025 0.0 1983276.2000 250471.8 460002.5 0.0 0.0 24.65 122.5 61.025 0.925 0.4 98.6 0.0 0.0
yogafire 2018 MAY 2 19 10 0.325 0.0 0.0 1978840.9000 250907.3 460409.9 0.0 0.0 22.625 175.85 110.225 0.325 0.55 99.025 0.0 0.0
yogafire 2018 MAY 2 19 20 0.375 0.0 49313.0 1927208.5000 256691.6 451191.6 0.0 0.0 28.225 256.9 162.075 0.35 2.95 96.35 0.025 0.0
yogafire 2018 MAY 2 19 30 0.075 0.0 0.0 1968857.3000 251808.5 465378.7 0.0 0.0 18.25 256.15 166.8 0.55 0.675 98.725 0.0 0.0
yogafire 2018 MAY 2 19 40 0.075 0.0 0.0 1963337.1000 252309.5 467923.0 0.0 0.0 25.8 258.275 167.15 0.475 0.5 98.675 0.025 0.0
yogafire 2018 MAY 2 19 50 0.1 0.0 0.0 1960045.1000 252813.6 470546.1 0.0 0.0 28.025 261.625 169.425 0.725 0.575 98.35 0.0 0.0
yogafire 2018 MAY 2 20 0 0.05 0.0 0.0 1956963.1000 253392.7 473233.2 0.0 0.0 23.2 251.35 168.8 0.375 0.65 98.825 0.0 0.0
yogafire 2018 MAY 2 20 10 0.2 0.0 0.0 1952598.0000 253977.7 476043.1 0.0 0.0 39.025 254.275 169.075 1.0 0.775 98.15 0.0 0.0
yogafire 2018 MAY 2 20 20 0.075 0.0 0.0 1947112.5000 254561.7 478524.8 0.0 0.0 33.775 266.725 174.0 0.525 0.675 98.575 0.0 0.0
yogafire 2018 MAY 2 20 30 0.025 0.0 0.0 1938907.2000 255097.5 481473.4 0.0 0.0 15.475 245.525 163.125 0.35 0.475 99.05 0.0 0.0
yogafire 2018 MAY 2 20 40 0.25 0.0 0.0 1936108.9000 255513.2 483957.8 0.0 0.0 23.125 253.75 169.6 0.575 0.525 98.775 0.025 0.0
yogafire 2018 MAY 2 20 50 0.4 0.0 0.0 1933355.6000 255925.5 486553.0 0.0 0.0 37.45 262.475 168.825 0.875 0.675 98.225 0.0 0.0
yogafire 2018 MAY 2 21 0 0.15 0.0 0.0 1946189.1000 256366.6 488904.1 0.0 0.0 28.55 265.725 171.15 0.625 0.65 98.525 0.0 0.0
yogafire 2018 MAY 2 21 10 0.125 0.0 0.0 1948514.6000 256785.2 491405.9 0.0 0.0 15.85 248.75 162.275 0.35 0.45 99.05 0.0 0.0
yogafire 2018 MAY 2 21 20 0.05 0.0 0.0 1943112.1000 257295.4 493879.7 0.0 0.0 26.375 257.6 169.05 0.475 0.6 98.7 0.025 0.0
yogafire 2018 MAY 2 21 30 0.275 0.025 0.0 1936834.9000 257971.2 498566.8 0.0 0.0 35.525 251.15 169.725 0.325 0.45 98.9 0.0 0.0
yogafire 2018 MAY 2 21 40 0.275 0.0 0.0 1934262.2000 258426.0 501369.3 0.0 0.0 23.25 277.8 180.975 0.55 0.85 98.525 0.05 0.0
yogafire 2018 MAY 2 21 50 0.525 0.0 48228.6 1888979.7000 265084.8 492311.0 0.0 0.0 25.125 272.725 176.7 0.475 3.125 96.275 0.05 0.0
yogafire 2018 MAY 2 22 0 0.175 0.0 0.0 1928625.1000 259302.1 508351.6 0.0 0.0 14.825 277.7 185.2 0.25 0.525 98.85 0.0 0.0
yogafire 2018 MAY 2 22 10 0.2 0.0 0.0 1925131.9000 259681.3 511144.8 0.0 0.0 16.425 256.6 170.925 0.35 0.425 98.95 0.0 0.0
yogafire 2018 MAY 2 22 20 0.125 0.025 0.0 1915156.2000 260094.7 514135.0 0.0 0.0 26.675 298.825 199.8 0.475 0.725 98.6 0.0 0.0
yogafire 2018 MAY 2 22 30 0.35 0.0 0.0 1915886.6000 260545.5 516972.3 0.0 0.0 24.75 274.9 182.625 0.4 0.55 98.775 0.025 0.0
yogafire 2018 MAY 2 22 40 0.375 0.0 0.0 1912058.8000 261064.4 519935.7 0.0 0.0 21.525 295.85 196.5 0.375 0.575 98.75 0.0 0.0
yogafire 2018 MAY 2 22 50 0.6 0.0 0.0 1908418.4000 261559.2 523410.6 0.0 0.0 30.55 253.75 168.6 0.425 0.55 98.925 0.0 0.0
yogafire 2018 MAY 2 23 0 0.275 0.0 0.0 1901253.1000 262016.1 526941.0 0.0 0.0 19.1 259.025 169.975 0.375 0.5 98.875 0.0 0.0
yogafire 2018 MAY 2 23 10 0.15 0.0 0.0 1881298.8000 262469.0 538817.6 0.0 0.0 49.5 274.5 168.825 1.325 0.6 97.85 0.0 0.0
yogafire 2018 MAY 2 23 20 0.075 0.0 0.0 1873517.1000 262914.3 549785.6 0.0 0.0 26.975 259.175 168.4 0.525 0.575 98.725 0.0 0.0
yogafire 2018 MAY 2 23 30 0.075 0.0 0.0 1875871.5000 263291.0 552166.8 0.0 0.0 21.55 252.55 162.8 0.45 0.5 99.05 0.0 0.0
yogafire 2018 MAY 2 23 40 0.275 0.0 0.0 1874755.0000 263693.3 554707.9 0.0 0.0 21.025 262.75 170.6 0.375 0.5 98.8 0.0 0.0
