MrBurns 2018 MAY 7 0 0 2.0 0.0 0.0 15096712.0000 214900.0 714412.0 0.0 0.0 7.0 26.0 79.0 0.0 0.0 100.0 0.0 0.0
MrBurns 2018 MAY 7 0 10 1.0 0.0 0.0 15096032.0000 215296.0 714436.0 0.0 0.0 7.0 26.0 82.0 0.0 0.0 100.0 0.0 0.0
MrBurns 2018 MAY 7 0 20 3.0 0.0 0.0 15095592.0000 215588.0 714452.0 0.0 0.0 7.0 26.0 82.0 0.0 0.0 100.0 0.0 0.0
MrBurns 2018 MAY 7 0 30 3.0 0.0 0.0 15095168.0000 216024.0 715048.0 0.0 0.0 73.0 42.0 156.0 0.0 0.0 100.0 1.0 0.0
MrBurns 2018 MAY 7 0 40 2.0 0.0 0.0 15095296.0000 216384.0 714000.0 0.0 0.0 11.0 26.0 84.0 0.0 0.0 100.0 0.0 0.0
MrBurns 2018 MAY 7 0 50 5.0 0.0 0.0 15094860.0000 216616.0 714020.0 0.0 0.0 11.0 26.0 80.0 0.0 0.0 100.0 0.0 0.0
MrBurns 2018 MAY 7 1 0 3.0 0.0 0.0 15094620.0000 216976.0 714044.0 0.0 0.0 8.0 24.0 75.0 0.0 0.0 100.0 0.0 0.0
MrBurns 2018 MAY 7 1 10 2.0 1.0 0.0 15093840.0000 217232.0 714064.0 0.0 0.0 7.0 25.0 73.0 0.0 0.0 100.0 0.0 0.0
MrBurns 2018 MAY 7 1 20 3.0 1.0 0.0 15093804.0000 217476.0 714084.0 0.0 0.0 8.0 25.0 73.0 0.0 0.0 100.0 0.0 0.0
MrBurns 2018 MAY 7 1 30 2.0 0.0 0.0 15093376.0000 217832.0 714100.0 0.0 0.0 8.0 25.0 75.0 0.0 0.0 100.0 0.0 0.0
MrBurns 2018 MAY 7 1 40 3.0 1.0 0.0 15093460.0000 218080.0 714116.0 0.0 0.0 11.0 25.0 71.0 0.0 0.0 100.0 0.0 0.0
MrBurns 2018 MAY 7 1 50 2.0 0.0 0.0 15092628.0000 218300.0 714136.0 0.0 0.0 8.0 25.0 71.0 0.0 0.0 100.0 0.0 0.0
MrBurns 2018 MAY 7 2 0 3.0 1.0 0.0 15092232.0000 218660.0 714160.0 0.0 0.0 7.0 25.0 73.0 0.0 0.0 100.0 0.0 0.0
MrBurns 2018 MAY 7 2 10 4.0 0.0 0.0 15091452.0000 218888.0 714180.0 0.0 0.0 7.0 27.0 84.0 0.0 0.0 100.0 0.0 0.0
MrBurns 2018 MAY 7 2 20 2.0 0.0 0.0 15091756.0000 219124.0 714200.0 0.0 0.0 9.0 26.0 75.0 0.0 0.0 100.0 0.0 0.0
MrBurns 2018 MAY 7 2 30 2.0 0.0 0.0 15091224.0000 219484.0 714216.0 0.0 0.0 9.0 28.0 81.0 0.0 0.0 100.0 0.0 0.0
MrBurns 2018 MAY 7 2 40 3.0 0.0 0.0 15090304.0000 219716.0 714244.0 0.0 0.0 9.0 25.0 72.0 0.0 0.0 100.0 0.0 0.0
MrBurns 2018 MAY 7 2 50 2.0 0.0 0.0 15090060.0000 219952.0 714264.0 0.0 0.0 8.0 26.0 79.0 0.0 0.0 100.0 0.0 0.0
MrBurns 2018 MAY 7 3 0 3.0 0.0 0.0 15089936.0000 220332.0 714280.0 0.0 0.0 15.0 31.0 81.0 0.0 0.0 100.0 0.0 0.0
MrBurns 2018 MAY 7 3 10 3.0 0.0 0.0 15089528.0000 220548.0 714300.0 0.0 0.0 6.0 27.0 82.0 0.0 0.0 100.0 0.0 0.0
MrBurns 2018 MAY 7 3 20 3.0 0.0 0.0 15089652.0000 220780.0 714320.0 0.0 0.0 8.0 25.0 74.0 0.0 0.0 100.0 0.0 0.0
MrBurns 2018 MAY 7 3 30 2.0 0.0 0.0 15411388.0000 220800.0 714320.0 0.0 0.0 60.0 34.0 86.0 1.0 0.0 100.0 2.0 0.0
MrBurns 2018 MAY 7 3 40 2.0 0.0 0.0 15410028.0000 163892.0 479988.0 0.0 0.0 8.0 27.0 83.0 0.0 0.0 100.0 0.0 0.0
MrBurns 2018 MAY 7 3 50 3.0 0.0 0.0 15409656.0000 164304.0 480012.0 0.0 0.0 20.0 27.0 79.0 0.0 0.0 100.0 1.0 0.0
MrBurns 2018 MAY 7 4 0 3.0 0.0 0.0 15408492.0000 164804.0 480032.0 0.0 0.0 9.0 28.0 84.0 0.0 0.0 100.0 0.0 0.0
MrBurns 2018 MAY 7 4 10 2.0 0.0 0.0 15408044.0000 165276.0 480048.0 0.0 0.0 12.0 26.0 79.0 0.0 0.0 100.0 0.0 0.0
MrBurns 2018 MAY 7 4 20 2.0 1.0 0.0 15407352.0000 165596.0 480072.0 0.0 0.0 7.0 27.0 82.0 0.0 0.0 100.0 0.0 0.0
MrBurns 2018 MAY 7 4 30 2.0 0.0 0.0 15407484.0000 166116.0 480096.0 0.0 0.0 9.0 26.0 87.0 0.0 0.0 100.0 0.0 0.0
MrBurns 2018 MAY 7 4 40 2.0 0.0 0.0 15406516.0000 166548.0 480112.0 0.0 0.0 8.0 26.0 82.0 0.0 0.0 100.0 0.0 0.0
MrBurns 2018 MAY 7 4 50 2.0 0.0 0.0 15406428.0000 166888.0 480132.0 0.0 0.0 9.0 27.0 81.0 0.0 0.0 100.0 0.0 0.0
MrBurns 2018 MAY 7 5 0 2.0 0.0 0.0 15405960.0000 167416.0 480152.0 0.0 0.0 7.0 26.0 85.0 0.0 0.0 100.0 0.0 0.0
MrBurns 2018 MAY 7 5 10 1.0 0.0 0.0 15405176.0000 167864.0 480168.0 0.0 0.0 8.0 27.0 81.0 0.0 0.0 100.0 0.0 0.0
MrBurns 2018 MAY 7 5 20 4.0 0.0 0.0 15404292.0000 168212.0 480188.0 0.0 0.0 7.0 27.0 84.0 0.0 0.0 100.0 0.0 0.0
MrBurns 2018 MAY 7 5 30 1.0 1.0 0.0 15404184.0000 168768.0 480208.0 0.0 0.0 9.0 28.0 87.0 0.0 0.0 100.0 0.0 0.0
MrBurns 2018 MAY 7 5 40 2.0 1.0 0.0 15403400.0000 169148.0 480236.0 0.0 0.0 9.0 27.0 80.0 0.0 0.0 100.0 0.0 0.0
MrBurns 2018 MAY 7 5 50 3.0 1.0 0.0 15403164.0000 169492.0 480276.0 0.0 0.0 7.0 27.0 84.0 0.0 0.0 100.0 0.0 0.0
MrBurns 2018 MAY 7 6 0 1.0 0.0 0.0 15403040.0000 172312.0 702396.0 0.0 0.0 4971.0 198.0 1146.0 1.0 1.0 100.0 6.0 0.0
MrBurns 2018 MAY 7 6 10 1.0 0.0 0.0 15169496.0000 172660.0 702420.0 0.0 0.0 10.0 26.0 80.0 0.0 0.0 100.0 0.0 0.0
MrBurns 2018 MAY 7 6 20 4.0 0.0 0.0 15169236.0000 173028.0 702444.0 0.0 0.0 8.0 27.0 74.0 0.0 0.0 100.0 0.0 0.0
MrBurns 2018 MAY 7 6 30 2.0 0.0 0.0 15168720.0000 173616.0 702460.0 0.0 0.0 10.0 26.0 74.0 0.0 0.0 100.0 0.0 0.0
MrBurns 2018 MAY 7 6 40 2.0 0.0 0.0 15168352.0000 173976.0 702476.0 0.0 0.0 8.0 27.0 77.0 0.0 0.0 100.0 0.0 0.0
MrBurns 2018 MAY 7 6 50 3.0 0.0 0.0 15168004.0000 174376.0 702500.0 0.0 0.0 8.0 25.0 74.0 0.0 0.0 100.0 0.0 0.0
MrBurns 2018 MAY 7 7 0 3.0 1.0 0.0 15167236.0000 174948.0 702520.0 0.0 0.0 8.0 27.0 80.0 0.0 0.0 100.0 0.0 0.0
MrBurns 2018 MAY 7 7 10 2.0 0.0 0.0 15166576.0000 175340.0 702540.0 0.0 0.0 8.0 28.0 78.0 0.0 0.0 100.0 0.0 0.0
MrBurns 2018 MAY 7 7 20 2.0 0.0 0.0 15166812.0000 175760.0 702560.0 0.0 0.0 8.0 27.0 93.0 0.0 0.0 100.0 0.0 0.0
MrBurns 2018 MAY 7 7 30 3.0 1.0 0.0 15165640.0000 176300.0 702584.0 0.0 0.0 8.0 26.0 79.0 0.0 0.0 100.0 0.0 0.0
MrBurns 2018 MAY 7 7 40 2.0 0.0 0.0 15165412.0000 176636.0 702608.0 0.0 0.0 7.0 27.0 76.0 0.0 0.0 100.0 0.0 0.0
MrBurns 2018 MAY 7 7 50 2.0 0.0 0.0 15165084.0000 177080.0 702620.0 0.0 0.0 8.0 28.0 77.0 0.0 0.0 100.0 0.0 0.0
MrBurns 2018 MAY 7 8 0 2.0 0.0 0.0 15164396.0000 177584.0 702644.0 0.0 0.0 7.0 28.0 86.0 0.0 0.0 100.0 0.0 0.0
MrBurns 2018 MAY 7 8 10 3.0 0.0 0.0 15163716.0000 177904.0 702672.0 0.0 0.0 8.0 27.0 79.0 0.0 0.0 100.0 0.0 0.0
MrBurns 2018 MAY 7 8 20 2.0 0.0 0.0 15163736.0000 178384.0 702688.0 0.0 0.0 9.0 27.0 85.0 0.0 0.0 100.0 0.0 0.0
MrBurns 2018 MAY 7 8 30 1.0 0.0 0.0 15162876.0000 178848.0 702704.0 0.0 0.0 9.0 25.0 75.0 0.0 0.0 100.0 0.0 0.0
MrBurns 2018 MAY 7 8 40 2.0 0.0 0.0 15162292.0000 179204.0 702724.0 0.0 0.0 7.0 27.0 85.0 0.0 0.0 100.0 0.0 0.0
MrBurns 2018 MAY 7 8 50 3.0 0.0 0.0 15161716.0000 179716.0 702748.0 0.0 0.0 7.0 28.0 83.0 0.0 0.0 100.0 0.0 0.0
MrBurns 2018 MAY 7 9 0 5.0 0.0 0.0 15161488.0000 180152.0 702768.0 0.0 0.0 10.0 29.0 88.0 0.0 0.0 100.0 0.0 0.0
MrBurns 2018 MAY 7 9 10 4.0 0.0 0.0 15161636.0000 180484.0 702784.0 0.0 0.0 8.0 28.0 79.0 0.0 0.0 100.0 0.0 0.0
MrBurns 2018 MAY 7 9 20 3.0 0.0 0.0 15160920.0000 181032.0 702804.0 0.0 0.0 7.0 28.0 84.0 0.0 0.0 100.0 0.0 0.0
MrBurns 2018 MAY 7 9 30 2.0 1.0 0.0 15160492.0000 181456.0 702828.0 0.0 0.0 11.0 28.0 80.0 0.0 0.0 100.0 0.0 0.0
MrBurns 2018 MAY 7 9 40 3.0 0.0 0.0 15159532.0000 181800.0 702844.0 0.0 0.0 7.0 31.0 91.0 0.0 0.0 100.0 0.0 0.0
MrBurns 2018 MAY 7 9 50 3.0 0.0 0.0 15159008.0000 182320.0 702872.0 0.0 0.0 9.0 26.0 78.0 0.0 0.0 100.0 0.0 0.0
MrBurns 2018 MAY 7 10 0 2.0 0.0 0.0 15158312.0000 182740.0 702892.0 0.0 0.0 7.0 27.0 82.0 0.0 0.0 100.0 0.0 0.0
MrBurns 2018 MAY 7 10 10 1.0 0.0 0.0 15157704.0000 183064.0 702908.0 0.0 0.0 8.0 27.0 78.0 0.0 0.0 100.0 0.0 0.0
MrBurns 2018 MAY 7 10 20 2.0 0.0 0.0 15157412.0000 183640.0 702928.0 0.0 0.0 9.0 28.0 84.0 0.0 0.0 100.0 0.0 0.0
MrBurns 2018 MAY 7 10 30 3.0 0.0 0.0 15156728.0000 183996.0 702944.0 0.0 0.0 8.0 30.0 75.0 0.0 0.0 100.0 0.0 0.0
MrBurns 2018 MAY 7 10 40 3.0 0.0 0.0 15156068.0000 184332.0 702964.0 0.0 0.0 7.0 26.0 79.0 0.0 0.0 100.0 0.0 0.0
MrBurns 2018 MAY 7 10 50 3.0 0.0 0.0 15155312.0000 184932.0 702988.0 0.0 0.0 9.0 24.0 74.0 0.0 0.0 100.0 0.0 0.0
MrBurns 2018 MAY 7 11 0 5.0 0.0 0.0 15155428.0000 185260.0 703004.0 0.0 0.0 8.0 25.0 80.0 0.0 0.0 100.0 0.0 0.0
MrBurns 2018 MAY 7 11 10 3.0 0.0 0.0 15154984.0000 185644.0 703024.0 0.0 0.0 7.0 24.0 75.0 0.0 0.0 100.0 0.0 0.0
MrBurns 2018 MAY 7 11 20 2.0 0.0 0.0 15154296.0000 186204.0 703048.0 0.0 0.0 9.0 24.0 77.0 0.0 0.0 100.0 0.0 0.0
MrBurns 2018 MAY 7 11 30 3.0 0.0 0.0 15153588.0000 186532.0 703072.0 0.0 0.0 8.0 25.0 73.0 0.0 0.0 100.0 0.0 0.0
MrBurns 2018 MAY 7 11 40 2.0 0.0 0.0 15153316.0000 186916.0 703092.0 0.0 0.0 9.0 25.0 77.0 0.0 0.0 100.0 0.0 0.0
MrBurns 2018 MAY 7 11 50 4.0 1.0 0.0 15153108.0000 187444.0 703104.0 0.0 0.0 7.0 26.0 74.0 0.0 0.0 100.0 0.0 0.0
MrBurns 2018 MAY 7 12 0 1.0 0.0 0.0 15151892.0000 187768.0 703120.0 0.0 0.0 8.0 24.0 83.0 0.0 0.0 100.0 0.0 0.0
MrBurns 2018 MAY 7 12 10 3.0 0.0 0.0 15151944.0000 188212.0 703148.0 0.0 0.0 9.0 23.0 72.0 0.0 0.0 100.0 0.0 0.0
MrBurns 2018 MAY 7 12 20 2.0 0.0 0.0 15151316.0000 188732.0 703164.0 0.0 0.0 8.0 26.0 80.0 0.0 0.0 100.0 0.0 0.0
MrBurns 2018 MAY 7 12 30 2.0 0.0 0.0 15150464.0000 189060.0 703184.0 0.0 0.0 7.0 23.0 72.0 0.0 0.0 100.0 0.0 0.0
MrBurns 2018 MAY 7 12 40 3.0 0.0 0.0 15150196.0000 189524.0 703204.0 0.0 0.0 7.0 25.0 81.0 0.0 0.0 100.0 0.0 0.0
MrBurns 2018 MAY 7 12 50 4.0 0.0 0.0 15149572.0000 189988.0 703228.0 0.0 0.0 8.0 25.0 82.0 0.0 0.0 100.0 0.0 0.0
MrBurns 2018 MAY 7 13 0 2.0 0.0 0.0 15149292.0000 190312.0 703248.0 0.0 0.0 8.0 26.0 81.0 0.0 0.0 100.0 0.0 0.0
MrBurns 2018 MAY 7 13 10 3.0 0.0 0.0 15148528.0000 190836.0 703268.0 0.0 0.0 9.0 24.0 78.0 0.0 0.0 100.0 0.0 0.0
MrBurns 2018 MAY 7 13 20 2.0 0.0 0.0 15148136.0000 191264.0 703284.0 0.0 0.0 7.0 24.0 81.0 0.0 0.0 100.0 0.0 0.0
MrBurns 2018 MAY 7 13 30 3.0 0.0 0.0 15147960.0000 191612.0 703304.0 0.0 0.0 7.0 25.0 83.0 0.0 0.0 100.0 0.0 0.0
MrBurns 2018 MAY 7 13 40 3.0 0.0 0.0 15147672.0000 192140.0 703328.0 0.0 0.0 8.0 25.0 82.0 0.0 0.0 100.0 0.0 0.0
MrBurns 2018 MAY 7 13 50 3.0 0.0 0.0 15146952.0000 192588.0 703344.0 0.0 0.0 7.0 24.0 79.0 0.0 0.0 100.0 0.0 0.0
MrBurns 2018 MAY 7 14 0 2.0 0.0 0.0 15146128.0000 192912.0 703364.0 0.0 0.0 8.0 26.0 82.0 0.0 0.0 100.0 0.0 0.0
MrBurns 2018 MAY 7 14 10 2.0 0.0 0.0 15146000.0000 193464.0 703384.0 0.0 0.0 8.0 26.0 79.0 0.0 0.0 100.0 0.0 0.0
MrBurns 2018 MAY 7 14 20 1.0 1.0 0.0 15145080.0000 193852.0 703404.0 0.0 0.0 9.0 26.0 81.0 0.0 0.0 100.0 0.0 0.0
MrBurns 2018 MAY 7 14 30 2.0 0.0 0.0 15144896.0000 194184.0 703428.0 0.0 0.0 7.0 24.0 73.0 0.0 0.0 100.0 0.0 0.0
MrBurns 2018 MAY 7 14 40 3.0 0.0 0.0 15144220.0000 194780.0 703444.0 0.0 0.0 11.0 25.0 74.0 0.0 0.0 100.0 0.0 0.0
MrBurns 2018 MAY 7 14 50 2.0 0.0 0.0 15143652.0000 195100.0 703468.0 0.0 0.0 8.0 23.0 71.0 0.0 0.0 100.0 0.0 0.0
MrBurns 2018 MAY 7 15 0 4.0 0.0 0.0 15143444.0000 195452.0 703488.0 0.0 0.0 9.0 24.0 75.0 0.0 0.0 100.0 0.0 0.0
MrBurns 2018 MAY 7 15 10 3.0 1.0 0.0 15143128.0000 196044.0 703508.0 0.0 0.0 11.0 26.0 74.0 0.0 0.0 100.0 0.0 0.0
MrBurns 2018 MAY 7 15 20 2.0 0.0 0.0 15142416.0000 196380.0 703528.0 0.0 0.0 8.0 25.0 73.0 0.0 0.0 100.0 0.0 0.0
MrBurns 2018 MAY 7 15 30 3.0 0.0 0.0 15142036.0000 196736.0 703548.0 0.0 0.0 9.0 23.0 72.0 0.0 0.0 100.0 0.0 0.0
MrBurns 2018 MAY 7 15 40 2.0 0.0 0.0 15141204.0000 197324.0 703564.0 0.0 0.0 7.0 25.0 82.0 0.0 0.0 100.0 0.0 0.0
MrBurns 2018 MAY 7 15 50 3.0 0.0 0.0 15140856.0000 197644.0 703584.0 0.0 0.0 8.0 22.0 72.0 0.0 0.0 100.0 0.0 0.0
MrBurns 2018 MAY 7 16 0 3.0 0.0 0.0 15140444.0000 198012.0 703604.0 0.0 0.0 8.0 25.0 80.0 0.0 0.0 100.0 0.0 0.0
MrBurns 2018 MAY 7 16 10 2.0 0.0 0.0 15139972.0000 198564.0 703624.0 0.0 0.0 9.0 24.0 72.0 0.0 0.0 100.0 0.0 0.0
MrBurns 2018 MAY 7 16 20 2.0 0.0 0.0 15139528.0000 198888.0 703644.0 0.0 0.0 7.0 24.0 79.0 0.0 0.0 100.0 0.0 0.0
MrBurns 2018 MAY 7 16 30 3.0 0.0 0.0 15139056.0000 199312.0 703664.0 0.0 0.0 7.0 24.0 73.0 0.0 0.0 100.0 0.0 0.0
MrBurns 2018 MAY 7 16 40 2.0 1.0 0.0 15138476.0000 199852.0 703692.0 0.0 0.0 9.0 25.0 80.0 0.0 0.0 100.0 0.0 0.0
MrBurns 2018 MAY 7 16 50 3.0 0.0 0.0 15137656.0000 200172.0 703712.0 0.0 0.0 9.0 23.0 71.0 0.0 0.0 100.0 0.0 0.0
MrBurns 2018 MAY 7 17 0 6.0 0.0 0.0 15137768.0000 200604.0 703724.0 0.0 0.0 9.0 24.0 80.0 0.0 0.0 100.0 0.0 0.0
MrBurns 2018 MAY 7 17 10 3.0 0.0 0.0 15136812.0000 201104.0 703744.0 0.0 0.0 10.0 24.0 75.0 0.0 0.0 100.0 0.0 0.0
MrBurns 2018 MAY 7 17 20 2.0 0.0 0.0 15136360.0000 201432.0 703760.0 0.0 0.0 8.0 25.0 79.0 0.0 0.0 100.0 0.0 0.0
MrBurns 2018 MAY 7 17 30 3.0 0.0 0.0 15136048.0000 201912.0 703784.0 0.0 0.0 9.0 23.0 73.0 0.0 0.0 100.0 0.0 0.0
MrBurns 2018 MAY 7 17 40 4.0 0.0 0.0 15135180.0000 202404.0 703804.0 0.0 0.0 9.0 24.0 81.0 0.0 0.0 100.0 0.0 0.0
MrBurns 2018 MAY 7 17 50 6.0 0.0 0.0 15135164.0000 202708.0 703820.0 0.0 0.0 8.0 24.0 72.0 0.0 0.0 100.0 0.0 0.0
MrBurns 2018 MAY 7 18 0 3.0 0.0 0.0 15134992.0000 203188.0 703844.0 0.0 0.0 10.0 24.0 82.0 0.0 0.0 100.0 0.0 0.0
MrBurns 2018 MAY 7 18 10 2.0 0.0 0.0 15134528.0000 203596.0 703872.0 0.0 0.0 8.0 25.0 75.0 0.0 0.0 100.0 0.0 0.0
MrBurns 2018 MAY 7 18 20 2.0 0.0 0.0 15133744.0000 203916.0 703888.0 0.0 0.0 13.0 26.0 83.0 0.0 0.0 100.0 0.0 0.0
MrBurns 2018 MAY 7 18 30 3.0 0.0 0.0 15133280.0000 204392.0 703908.0 0.0 0.0 12.0 26.0 84.0 0.0 0.0 100.0 0.0 0.0
MrBurns 2018 MAY 7 18 40 2.0 0.0 0.0 15133196.0000 204720.0 703924.0 0.0 0.0 9.0 24.0 78.0 0.0 0.0 100.0 0.0 0.0
MrBurns 2018 MAY 7 18 50 2.0 0.0 0.0 15132728.0000 204992.0 703940.0 0.0 0.0 9.0 24.0 78.0 0.0 0.0 100.0 0.0 0.0
MrBurns 2018 MAY 7 19 0 2.0 1.0 0.0 15132612.0000 205508.0 703960.0 0.0 0.0 9.0 25.0 83.0 0.0 0.0 100.0 0.0 0.0
MrBurns 2018 MAY 7 19 10 2.0 0.0 0.0 15132164.0000 205780.0 703980.0 0.0 0.0 6.0 24.0 78.0 0.0 0.0 100.0 0.0 0.0
MrBurns 2018 MAY 7 19 20 4.0 0.0 0.0 15131680.0000 205972.0 704004.0 0.0 0.0 9.0 24.0 79.0 0.0 0.0 100.0 0.0 0.0
MrBurns 2018 MAY 7 19 30 1.0 0.0 0.0 15131644.0000 206344.0 704024.0 0.0 0.0 8.0 25.0 81.0 0.0 0.0 100.0 0.0 0.0
MrBurns 2018 MAY 7 19 40 3.0 1.0 0.0 15130564.0000 206620.0 704040.0 0.0 0.0 7.0 25.0 81.0 0.0 0.0 100.0 0.0 0.0
MrBurns 2018 MAY 7 19 50 3.0 0.0 0.0 15130732.0000 206848.0 704068.0 0.0 0.0 8.0 24.0 74.0 0.0 0.0 100.0 0.0 0.0
MrBurns 2018 MAY 7 20 0 3.0 1.0 0.0 15130724.0000 207224.0 704088.0 0.0 0.0 9.0 24.0 74.0 0.0 0.0 100.0 0.0 0.0
MrBurns 2018 MAY 7 20 10 4.0 1.0 0.0 15130000.0000 207536.0 704104.0 0.0 0.0 7.0 25.0 73.0 0.0 0.0 100.0 0.0 0.0
MrBurns 2018 MAY 7 20 20 2.0 0.0 0.0 15129476.0000 207784.0 704124.0 0.0 0.0 9.0 24.0 71.0 0.0 0.0 100.0 0.0 0.0
MrBurns 2018 MAY 7 20 30 2.0 1.0 0.0 15129048.0000 208180.0 704140.0 0.0 0.0 8.0 23.0 74.0 0.0 0.0 100.0 0.0 0.0
MrBurns 2018 MAY 7 20 40 2.0 1.0 0.0 15128504.0000 208412.0 704164.0 0.0 0.0 8.0 23.0 72.0 0.0 0.0 100.0 0.0 0.0
MrBurns 2018 MAY 7 20 50 1.0 0.0 0.0 15128460.0000 208628.0 704184.0 0.0 0.0 7.0 107.0 73.0 0.0 0.0 100.0 0.0 0.0
MrBurns 2018 MAY 7 21 0 3.0 0.0 0.0 15128568.0000 208988.0 704200.0 0.0 0.0 7.0 24.0 83.0 0.0 0.0 100.0 0.0 0.0
MrBurns 2018 MAY 7 21 10 4.0 0.0 0.0 15127860.0000 209236.0 704224.0 0.0 0.0 11.0 24.0 73.0 0.0 0.0 100.0 0.0 0.0
MrBurns 2018 MAY 7 21 20 2.0 0.0 0.0 15127596.0000 209444.0 704240.0 0.0 0.0 8.0 26.0 85.0 0.0 0.0 100.0 0.0 0.0
MrBurns 2018 MAY 7 21 30 2.0 1.0 0.0 15127420.0000 209772.0 704264.0 0.0 0.0 9.0 24.0 72.0 0.0 0.0 100.0 0.0 0.0
MrBurns 2018 MAY 7 21 40 5.0 0.0 0.0 15126500.0000 210016.0 704284.0 0.0 0.0 11.0 23.0 80.0 0.0 0.0 100.0 0.0 0.0
MrBurns 2018 MAY 7 21 50 3.0 0.0 0.0 15126856.0000 210376.0 704308.0 0.0 0.0 8.0 24.0 71.0 0.0 0.0 100.0 0.0 0.0
MrBurns 2018 MAY 7 22 0 2.0 0.0 0.0 15126160.0000 210816.0 704324.0 0.0 0.0 9.0 25.0 85.0 0.0 0.0 100.0 0.0 0.0
MrBurns 2018 MAY 7 22 10 3.0 0.0 0.0 15125404.0000 211120.0 704344.0 0.0 0.0 8.0 24.0 72.0 0.0 0.0 100.0 0.0 0.0
MrBurns 2018 MAY 7 22 20 2.0 0.0 0.0 15125204.0000 211532.0 704364.0 0.0 0.0 8.0 23.0 79.0 0.0 0.0 100.0 0.0 0.0
MrBurns 2018 MAY 7 22 30 3.0 0.0 0.0 15125068.0000 211980.0 704384.0 0.0 0.0 9.0 23.0 72.0 0.0 0.0 100.0 0.0 0.0
MrBurns 2018 MAY 7 22 40 5.0 0.0 0.0 15124568.0000 212276.0 704400.0 0.0 0.0 9.0 24.0 80.0 0.0 0.0 100.0 0.0 0.0
MrBurns 2018 MAY 7 22 50 3.0 0.0 0.0 15124132.0000 212720.0 704416.0 0.0 0.0 8.0 24.0 74.0 0.0 0.0 100.0 0.0 0.0
MrBurns 2018 MAY 7 23 0 2.0 0.0 0.0 15123740.0000 213128.0 704488.0 0.0 0.0 14.0 29.0 88.0 0.0 0.0 100.0 0.0 0.0
MrBurns 2018 MAY 7 23 10 3.0 0.0 0.0 15123008.0000 213424.0 704512.0 0.0 0.0 8.0 23.0 75.0 0.0 0.0 100.0 0.0 0.0
MrBurns 2018 MAY 7 23 20 2.0 0.0 0.0 15122748.0000 213900.0 704528.0 0.0 0.0 11.0 25.0 81.0 0.0 0.0 100.0 0.0 0.0
MrBurns 2018 MAY 7 23 30 3.0 0.0 0.0 15122124.0000 214300.0 704548.0 0.0 0.0 8.0 24.0 74.0 0.0 0.0 100.0 0.0 0.0
MrBurns 2018 MAY 7 23 40 2.0 0.0 0.0 15121764.0000 214612.0 704572.0 0.0 0.0 7.0 24.0 80.0 0.0 0.0 100.0 0.0 0.0
