MrBurns 2018 MAY 4 0 0 3.0 0.0 0.0 15092424.0000 216396.0 718272.0 0.0 0.0 12.0 25.0 82.0 0.0 0.0 100.0 0.0 0.0
MrBurns 2018 MAY 4 0 10 0.0 0.0 0.0 15092272.0000 216736.0 718292.0 0.0 0.0 7.0 25.0 83.0 0.0 0.0 100.0 0.0 0.0
MrBurns 2018 MAY 4 0 20 3.0 0.0 0.0 15091440.0000 217132.0 718308.0 0.0 0.0 7.0 22.0 71.0 0.0 0.0 100.0 0.0 0.0
MrBurns 2018 MAY 4 0 30 1.0 0.0 0.0 15091480.0000 217516.0 718328.0 0.0 0.0 65.0 90.0 259.0 1.0 0.0 100.0 1.0 0.0
MrBurns 2018 MAY 4 0 40 3.0 0.0 0.0 15091548.0000 217712.0 717244.0 0.0 0.0 13.0 22.0 67.0 0.0 0.0 100.0 0.0 0.0
MrBurns 2018 MAY 4 0 50 2.0 0.0 0.0 15091736.0000 218008.0 717264.0 0.0 0.0 7.0 23.0 74.0 0.0 0.0 100.0 0.0 0.0
MrBurns 2018 MAY 4 1 0 4.0 0.0 0.0 15091080.0000 218364.0 717284.0 0.0 0.0 10.0 24.0 75.0 0.0 0.0 100.0 0.0 0.0
MrBurns 2018 MAY 4 1 10 2.0 0.0 0.0 15090900.0000 218548.0 717300.0 0.0 0.0 9.0 24.0 73.0 0.0 0.0 100.0 0.0 0.0
MrBurns 2018 MAY 4 1 20 4.0 0.0 0.0 15090492.0000 218876.0 717320.0 0.0 0.0 9.0 23.0 76.0 0.0 0.0 100.0 0.0 0.0
MrBurns 2018 MAY 4 1 30 4.0 0.0 0.0 15090056.0000 219180.0 717340.0 0.0 0.0 9.0 24.0 80.0 0.0 0.0 100.0 0.0 0.0
MrBurns 2018 MAY 4 1 40 3.0 0.0 0.0 15089748.0000 219384.0 717356.0 0.0 0.0 8.0 23.0 73.0 0.0 0.0 100.0 0.0 0.0
MrBurns 2018 MAY 4 1 50 2.0 0.0 0.0 15089532.0000 219720.0 717380.0 0.0 0.0 8.0 24.0 78.0 0.0 0.0 100.0 0.0 0.0
MrBurns 2018 MAY 4 2 0 2.0 0.0 0.0 15089128.0000 219964.0 717396.0 0.0 0.0 8.0 23.0 73.0 0.0 0.0 100.0 0.0 0.0
MrBurns 2018 MAY 4 2 10 3.0 0.0 0.0 15089088.0000 220160.0 717424.0 0.0 0.0 10.0 25.0 83.0 0.0 0.0 100.0 0.0 0.0
MrBurns 2018 MAY 4 2 20 3.0 0.0 0.0 15088924.0000 220556.0 717444.0 0.0 0.0 9.0 24.0 74.0 0.0 0.0 100.0 0.0 0.0
MrBurns 2018 MAY 4 2 30 1.0 0.0 0.0 15088084.0000 220788.0 717464.0 0.0 0.0 10.0 24.0 78.0 0.0 0.0 100.0 0.0 0.0
MrBurns 2018 MAY 4 2 40 2.0 0.0 0.0 15088528.0000 220976.0 717480.0 0.0 0.0 10.0 23.0 75.0 0.0 0.0 100.0 0.0 0.0
MrBurns 2018 MAY 4 2 50 4.0 0.0 0.0 15088016.0000 221360.0 717500.0 0.0 0.0 10.0 24.0 79.0 0.0 0.0 100.0 0.0 0.0
MrBurns 2018 MAY 4 3 0 3.0 1.0 0.0 15087436.0000 221588.0 717520.0 0.0 0.0 12.0 29.0 89.0 0.0 0.0 100.0 0.0 0.0
MrBurns 2018 MAY 4 3 10 3.0 0.0 0.0 15086944.0000 221816.0 717544.0 0.0 0.0 8.0 25.0 81.0 0.0 0.0 100.0 0.0 0.0
MrBurns 2018 MAY 4 3 20 1.0 1.0 0.0 15086628.0000 222216.0 717560.0 0.0 0.0 10.0 24.0 73.0 0.0 0.0 100.0 0.0 0.0
MrBurns 2018 MAY 4 3 30 1.0 0.0 0.0 15870452.0000 222252.0 717560.0 0.0 0.0 42.0 76.0 580.0 1.0 1.0 100.0 1.0 0.0
MrBurns 2018 MAY 4 3 40 3.0 0.0 0.0 15869656.0000 42036.0 195876.0 0.0 0.0 9.0 24.0 80.0 0.0 0.0 100.0 0.0 0.0
MrBurns 2018 MAY 4 3 50 2.0 1.0 0.0 15869712.0000 164160.0 493916.0 0.0 0.0 9858.0 1527.0 1973.0 17.0 2.0 100.0 19.0 0.0
MrBurns 2018 MAY 4 4 0 3.0 1.0 0.0 15385500.0000 164728.0 493936.0 0.0 0.0 9.0 23.0 74.0 0.0 0.0 100.0 0.0 0.0
MrBurns 2018 MAY 4 4 10 3.0 0.0 0.0 15385216.0000 165084.0 493956.0 0.0 0.0 16.0 23.0 72.0 0.0 0.0 100.0 0.0 0.0
MrBurns 2018 MAY 4 4 20 6.0 1.0 0.0 15384808.0000 165460.0 493980.0 0.0 0.0 9.0 24.0 73.0 0.0 0.0 100.0 0.0 0.0
MrBurns 2018 MAY 4 4 30 1.0 0.0 0.0 15384040.0000 166020.0 494000.0 0.0 0.0 12.0 24.0 75.0 0.0 0.0 100.0 0.0 0.0
MrBurns 2018 MAY 4 4 40 4.0 0.0 0.0 15383692.0000 166344.0 494016.0 0.0 0.0 7.0 23.0 72.0 0.0 0.0 100.0 0.0 0.0
MrBurns 2018 MAY 4 4 50 2.0 0.0 0.0 15383516.0000 166784.0 494036.0 0.0 0.0 9.0 24.0 73.0 0.0 0.0 100.0 0.0 0.0
MrBurns 2018 MAY 4 5 0 2.0 0.0 0.0 15383024.0000 167296.0 494064.0 0.0 0.0 10.0 25.0 83.0 0.0 0.0 100.0 0.0 0.0
MrBurns 2018 MAY 4 5 10 3.0 0.0 0.0 15381988.0000 167616.0 494076.0 0.0 0.0 11.0 22.0 69.0 0.0 0.0 100.0 0.0 0.0
MrBurns 2018 MAY 4 5 20 2.0 0.0 0.0 15381928.0000 168088.0 494096.0 0.0 0.0 10.0 24.0 81.0 0.0 0.0 100.0 0.0 0.0
MrBurns 2018 MAY 4 5 30 2.0 0.0 0.0 15381448.0000 168580.0 494112.0 0.0 0.0 9.0 23.0 73.0 0.0 0.0 100.0 0.0 0.0
MrBurns 2018 MAY 4 5 40 2.0 0.0 0.0 15381028.0000 168900.0 494136.0 0.0 0.0 9.0 25.0 80.0 0.0 0.0 100.0 0.0 0.0
MrBurns 2018 MAY 4 5 50 4.0 1.0 0.0 15380304.0000 169408.0 494180.0 0.0 0.0 10.0 24.0 81.0 0.0 0.0 100.0 0.0 0.0
MrBurns 2018 MAY 4 6 0 1.0 0.0 0.0 15380036.0000 172080.0 716332.0 0.0 0.0 4860.0 204.0 1039.0 1.0 1.0 100.0 6.0 0.0
MrBurns 2018 MAY 4 6 10 3.0 0.0 0.0 15146668.0000 172408.0 716360.0 0.0 0.0 11.0 26.0 76.0 0.0 0.0 100.0 0.0 0.0
MrBurns 2018 MAY 4 6 20 7.0 0.0 0.0 15145880.0000 172944.0 716376.0 0.0 0.0 7.0 24.0 82.0 0.0 0.0 100.0 0.0 0.0
MrBurns 2018 MAY 4 6 30 3.0 0.0 0.0 15145272.0000 173320.0 716396.0 0.0 0.0 10.0 23.0 75.0 0.0 0.0 100.0 0.0 0.0
MrBurns 2018 MAY 4 6 40 2.0 0.0 0.0 15144720.0000 173656.0 716412.0 0.0 0.0 8.0 24.0 78.0 0.0 0.0 100.0 0.0 0.0
MrBurns 2018 MAY 4 6 50 2.0 0.0 0.0 15144532.0000 174232.0 716428.0 0.0 0.0 9.0 24.0 75.0 0.0 0.0 100.0 0.0 0.0
MrBurns 2018 MAY 4 7 0 3.0 0.0 0.0 15144376.0000 174604.0 716456.0 0.0 0.0 8.0 24.0 81.0 0.0 0.0 100.0 0.0 0.0
MrBurns 2018 MAY 4 7 10 3.0 0.0 0.0 15143936.0000 174964.0 716480.0 0.0 0.0 8.0 24.0 72.0 0.0 0.0 100.0 0.0 0.0
MrBurns 2018 MAY 4 7 20 2.0 0.0 0.0 15142728.0000 175560.0 716496.0 0.0 0.0 11.0 26.0 92.0 0.0 0.0 100.0 0.0 0.0
MrBurns 2018 MAY 4 7 30 3.0 0.0 0.0 15142256.0000 175896.0 716520.0 0.0 0.0 9.0 24.0 73.0 0.0 0.0 100.0 0.0 0.0
MrBurns 2018 MAY 4 7 40 4.0 0.0 0.0 15142432.0000 176244.0 716548.0 0.0 0.0 7.0 25.0 79.0 0.0 0.0 100.0 0.0 0.0
MrBurns 2018 MAY 4 7 50 3.0 0.0 0.0 15141516.0000 176824.0 716560.0 0.0 0.0 8.0 24.0 79.0 0.0 0.0 100.0 0.0 0.0
MrBurns 2018 MAY 4 8 0 3.0 0.0 0.0 15140896.0000 177144.0 716580.0 0.0 0.0 7.0 25.0 81.0 0.0 0.0 100.0 0.0 0.0
MrBurns 2018 MAY 4 8 10 5.0 0.0 0.0 15140236.0000 177532.0 716604.0 0.0 0.0 9.0 24.0 78.0 0.0 0.0 100.0 0.0 0.0
MrBurns 2018 MAY 4 8 20 2.0 1.0 0.0 15140396.0000 178096.0 716624.0 0.0 0.0 13.0 25.0 81.0 0.0 0.0 100.0 0.0 0.0
MrBurns 2018 MAY 4 8 30 1.0 0.0 0.0 15139256.0000 178460.0 716640.0 0.0 0.0 9.0 24.0 74.0 0.0 0.0 100.0 0.0 0.0
MrBurns 2018 MAY 4 8 40 2.0 0.0 0.0 15138864.0000 178876.0 716656.0 0.0 0.0 7.0 25.0 79.0 0.0 0.0 100.0 0.0 0.0
MrBurns 2018 MAY 4 8 50 1.0 1.0 0.0 15138188.0000 179372.0 716680.0 0.0 0.0 9.0 25.0 77.0 0.0 0.0 100.0 0.0 0.0
MrBurns 2018 MAY 4 9 0 1.0 0.0 0.0 15137892.0000 179692.0 716700.0 0.0 0.0 7.0 24.0 76.0 0.0 0.0 100.0 0.0 0.0
MrBurns 2018 MAY 4 9 10 3.0 0.0 0.0 15137020.0000 180168.0 716720.0 0.0 0.0 8.0 25.0 79.0 0.0 0.0 100.0 0.0 0.0
MrBurns 2018 MAY 4 9 20 1.0 0.0 0.0 15136524.0000 180668.0 716740.0 0.0 0.0 9.0 25.0 81.0 0.0 0.0 100.0 0.0 0.0
MrBurns 2018 MAY 4 9 30 2.0 0.0 0.0 15135956.0000 181024.0 716764.0 0.0 0.0 9.0 23.0 75.0 0.0 0.0 100.0 0.0 0.0
MrBurns 2018 MAY 4 9 40 2.0 0.0 0.0 15135252.0000 181516.0 716780.0 0.0 0.0 9.0 24.0 76.0 0.0 0.0 100.0 0.0 0.0
MrBurns 2018 MAY 4 9 50 3.0 0.0 0.0 15134756.0000 181964.0 716804.0 0.0 0.0 9.0 23.0 74.0 0.0 0.0 100.0 0.0 0.0
MrBurns 2018 MAY 4 10 0 2.0 0.0 0.0 15134404.0000 182284.0 716824.0 0.0 0.0 8.0 25.0 75.0 0.0 0.0 100.0 0.0 0.0
MrBurns 2018 MAY 4 10 10 3.0 0.0 0.0 15133792.0000 182812.0 716840.0 0.0 0.0 9.0 23.0 75.0 0.0 0.0 100.0 0.0 0.0
MrBurns 2018 MAY 4 10 20 2.0 0.0 0.0 15133548.0000 183228.0 716860.0 0.0 0.0 12.0 24.0 76.0 0.0 0.0 100.0 0.0 0.0
MrBurns 2018 MAY 4 10 30 3.0 0.0 0.0 15133000.0000 183560.0 716872.0 0.0 0.0 9.0 25.0 75.0 0.0 0.0 100.0 0.0 0.0
MrBurns 2018 MAY 4 10 40 3.0 0.0 0.0 15132032.0000 184124.0 716892.0 0.0 0.0 10.0 25.0 79.0 0.0 0.0 100.0 0.0 0.0
MrBurns 2018 MAY 4 10 50 4.0 1.0 0.0 15131696.0000 184496.0 716920.0 0.0 0.0 9.0 25.0 75.0 0.0 0.0 100.0 0.0 0.0
MrBurns 2018 MAY 4 11 0 5.0 0.0 0.0 15131516.0000 184816.0 716940.0 0.0 0.0 8.0 25.0 81.0 0.0 0.0 100.0 0.0 0.0
MrBurns 2018 MAY 4 11 10 4.0 0.0 0.0 15130964.0000 185400.0 716960.0 0.0 0.0 7.0 25.0 74.0 0.0 0.0 100.0 0.0 0.0
MrBurns 2018 MAY 4 11 20 3.0 0.0 0.0 15130460.0000 185748.0 716980.0 0.0 0.0 8.0 24.0 80.0 0.0 0.0 100.0 0.0 0.0
MrBurns 2018 MAY 4 11 30 3.0 0.0 0.0 15129832.0000 186100.0 717004.0 0.0 0.0 8.0 24.0 73.0 0.0 0.0 100.0 0.0 0.0
MrBurns 2018 MAY 4 11 40 3.0 0.0 0.0 15129576.0000 186700.0 717024.0 0.0 0.0 10.0 25.0 80.0 0.0 0.0 100.0 0.0 0.0
MrBurns 2018 MAY 4 11 50 3.0 0.0 0.0 15128636.0000 187036.0 717036.0 0.0 0.0 8.0 23.0 74.0 0.0 0.0 100.0 0.0 0.0
MrBurns 2018 MAY 4 12 0 3.0 0.0 0.0 15128416.0000 187400.0 717056.0 0.0 0.0 9.0 25.0 82.0 0.0 0.0 100.0 0.0 0.0
MrBurns 2018 MAY 4 12 10 3.0 0.0 0.0 15128092.0000 187956.0 717076.0 0.0 0.0 8.0 23.0 74.0 0.0 0.0 100.0 0.0 0.0
MrBurns 2018 MAY 4 12 20 2.0 0.0 0.0 15126916.0000 188284.0 717096.0 0.0 0.0 10.0 24.0 80.0 0.0 0.0 100.0 0.0 0.0
MrBurns 2018 MAY 4 12 30 3.0 0.0 0.0 15127180.0000 188696.0 717116.0 0.0 0.0 9.0 24.0 75.0 0.0 0.0 100.0 0.0 0.0
MrBurns 2018 MAY 4 12 40 3.0 1.0 0.0 15126548.0000 189232.0 717140.0 0.0 0.0 8.0 25.0 79.0 0.0 0.0 100.0 0.0 0.0
MrBurns 2018 MAY 4 12 50 6.0 0.0 0.0 15125808.0000 189556.0 717160.0 0.0 0.0 8.0 23.0 73.0 0.0 0.0 100.0 0.0 0.0
MrBurns 2018 MAY 4 13 0 2.0 0.0 0.0 15125584.0000 190004.0 717180.0 0.0 0.0 9.0 25.0 81.0 0.0 0.0 100.0 0.0 0.0
MrBurns 2018 MAY 4 13 10 3.0 0.0 0.0 15124700.0000 190496.0 717200.0 0.0 0.0 8.0 24.0 75.0 0.0 0.0 100.0 0.0 0.0
MrBurns 2018 MAY 4 13 20 4.0 0.0 0.0 15124432.0000 190824.0 717220.0 0.0 0.0 8.0 25.0 80.0 0.0 0.0 100.0 0.0 0.0
MrBurns 2018 MAY 4 13 30 2.0 0.0 0.0 15124348.0000 191336.0 717236.0 0.0 0.0 8.0 25.0 81.0 0.0 0.0 100.0 0.0 0.0
MrBurns 2018 MAY 4 13 40 2.0 0.0 0.0 15123348.0000 191800.0 717256.0 0.0 0.0 10.0 24.0 79.0 0.0 0.0 100.0 0.0 0.0
MrBurns 2018 MAY 4 13 50 2.0 0.0 0.0 15122688.0000 192120.0 717276.0 0.0 0.0 7.0 24.0 76.0 0.0 0.0 100.0 0.0 0.0
MrBurns 2018 MAY 4 14 0 5.0 0.0 0.0 15122456.0000 192652.0 717300.0 0.0 0.0 9.0 30.0 82.0 0.0 0.0 100.0 0.0 0.0
MrBurns 2018 MAY 4 14 10 3.0 1.0 0.0 15122188.0000 193076.0 717316.0 0.0 0.0 12.0 25.0 79.0 0.0 0.0 100.0 0.0 0.0
MrBurns 2018 MAY 4 14 20 4.0 0.0 0.0 15121572.0000 193396.0 717340.0 0.0 0.0 12.0 36.0 116.0 0.0 0.0 100.0 0.0 0.0
MrBurns 2018 MAY 4 14 30 1.0 0.0 0.0 15120680.0000 193944.0 717356.0 0.0 0.0 9.0 27.0 82.0 0.0 0.0 100.0 0.0 0.0
MrBurns 2018 MAY 4 14 40 1.0 1.0 0.0 15120192.0000 194312.0 717376.0 0.0 0.0 8.0 41.0 79.0 0.0 0.0 100.0 0.0 0.0
MrBurns 2018 MAY 4 14 50 2.0 0.0 0.0 15119828.0000 194644.0 717396.0 0.0 0.0 9.0 23.0 74.0 0.0 0.0 100.0 0.0 0.0
MrBurns 2018 MAY 4 15 0 2.0 1.0 0.0 15119588.0000 195244.0 717416.0 0.0 0.0 8.0 23.0 73.0 0.0 0.0 100.0 0.0 0.0
MrBurns 2018 MAY 4 15 10 3.0 0.0 0.0 15118704.0000 195580.0 717436.0 0.0 0.0 10.0 24.0 72.0 0.0 0.0 100.0 0.0 0.0
MrBurns 2018 MAY 4 15 20 2.0 0.0 0.0 15118352.0000 195944.0 717464.0 0.0 0.0 12.0 35.0 129.0 0.0 0.0 100.0 0.0 0.0
MrBurns 2018 MAY 4 15 30 2.0 0.0 0.0 15117772.0000 196532.0 717484.0 0.0 0.0 11.0 24.0 73.0 0.0 0.0 100.0 0.0 0.0
MrBurns 2018 MAY 4 15 40 2.0 0.0 0.0 15117308.0000 196860.0 717504.0 0.0 0.0 8.0 23.0 73.0 0.0 0.0 100.0 0.0 0.0
MrBurns 2018 MAY 4 15 50 3.0 0.0 0.0 15117048.0000 197220.0 717528.0 0.0 0.0 9.0 24.0 73.0 0.0 0.0 100.0 0.0 0.0
MrBurns 2018 MAY 4 16 0 3.0 0.0 0.0 15116276.0000 197788.0 717544.0 0.0 0.0 9.0 24.0 82.0 0.0 0.0 100.0 0.0 0.0
MrBurns 2018 MAY 4 16 10 3.0 0.0 0.0 15115768.0000 198128.0 717564.0 0.0 0.0 8.0 24.0 72.0 0.0 0.0 100.0 0.0 0.0
MrBurns 2018 MAY 4 16 20 2.0 0.0 0.0 15115172.0000 198524.0 717588.0 0.0 0.0 11.0 24.0 79.0 0.0 0.0 100.0 0.0 0.0
MrBurns 2018 MAY 4 16 30 2.0 0.0 0.0 15115288.0000 199068.0 717604.0 0.0 0.0 7.0 24.0 75.0 0.0 0.0 100.0 0.0 0.0
MrBurns 2018 MAY 4 16 40 3.0 0.0 0.0 15114640.0000 199388.0 717628.0 0.0 0.0 8.0 25.0 73.0 0.0 0.0 100.0 0.0 0.0
MrBurns 2018 MAY 4 16 50 3.0 0.0 0.0 15114180.0000 199820.0 717648.0 0.0 0.0 9.0 24.0 72.0 0.0 0.0 100.0 0.0 0.0
MrBurns 2018 MAY 4 17 0 2.0 0.0 0.0 15113440.0000 200312.0 717660.0 0.0 0.0 9.0 26.0 85.0 0.0 0.0 100.0 0.0 0.0
MrBurns 2018 MAY 4 17 10 2.0 1.0 0.0 15112644.0000 200644.0 717688.0 0.0 0.0 12.0 25.0 71.0 0.0 0.0 100.0 0.0 0.0
MrBurns 2018 MAY 4 17 20 3.0 0.0 0.0 15112640.0000 201088.0 717700.0 0.0 0.0 9.0 35.0 124.0 0.0 0.0 100.0 0.0 0.0
MrBurns 2018 MAY 4 17 30 3.0 0.0 0.0 15112212.0000 201520.0 717724.0 0.0 0.0 10.0 24.0 73.0 0.0 0.0 100.0 0.0 0.0
MrBurns 2018 MAY 4 17 40 2.0 0.0 0.0 15111548.0000 201828.0 717748.0 0.0 0.0 8.0 24.0 78.0 0.0 0.0 100.0 0.0 0.0
MrBurns 2018 MAY 4 17 50 2.0 0.0 0.0 15111072.0000 202296.0 717768.0 0.0 0.0 8.0 24.0 74.0 0.0 0.0 100.0 0.0 0.0
MrBurns 2018 MAY 4 18 0 4.0 0.0 0.0 15110760.0000 202588.0 717788.0 0.0 0.0 9.0 26.0 81.0 0.0 0.0 100.0 0.0 0.0
MrBurns 2018 MAY 4 18 10 2.0 0.0 0.0 15110368.0000 202776.0 717808.0 0.0 0.0 8.0 23.0 74.0 0.0 0.0 100.0 0.0 0.0
MrBurns 2018 MAY 4 18 20 2.0 0.0 0.0 15110324.0000 203152.0 717828.0 0.0 0.0 13.0 25.0 81.0 0.0 0.0 100.0 0.0 0.0
MrBurns 2018 MAY 4 18 30 2.0 0.0 0.0 15109628.0000 203548.0 717852.0 0.0 0.0 10.0 24.0 72.0 0.0 0.0 100.0 0.0 0.0
MrBurns 2018 MAY 4 18 40 2.0 0.0 0.0 15109060.0000 203860.0 717864.0 0.0 0.0 8.0 25.0 78.0 0.0 0.0 100.0 0.0 0.0
MrBurns 2018 MAY 4 18 50 3.0 0.0 0.0 15108440.0000 204376.0 717880.0 0.0 0.0 8.0 25.0 80.0 0.0 0.0 100.0 0.0 0.0
MrBurns 2018 MAY 4 19 0 6.0 1.0 0.0 15108092.0000 204708.0 717900.0 0.0 0.0 7.0 25.0 80.0 0.0 0.0 100.0 0.0 0.0
MrBurns 2018 MAY 4 19 10 3.0 0.0 0.0 15107876.0000 205004.0 717928.0 0.0 0.0 9.0 25.0 82.0 0.0 0.0 100.0 0.0 0.0
MrBurns 2018 MAY 4 19 20 2.0 0.0 0.0 15107736.0000 205344.0 717948.0 0.0 0.0 12.0 25.0 81.0 0.0 0.0 100.0 0.0 0.0
MrBurns 2018 MAY 4 19 30 3.0 0.0 0.0 15106988.0000 205600.0 717968.0 0.0 0.0 13.0 28.0 80.0 0.0 0.0 100.0 0.0 0.0
MrBurns 2018 MAY 4 19 40 2.0 0.0 0.0 15106580.0000 205816.0 717984.0 0.0 0.0 10.0 25.0 79.0 0.0 0.0 100.0 0.0 0.0
MrBurns 2018 MAY 4 19 50 4.0 0.0 0.0 15106852.0000 206096.0 718008.0 0.0 0.0 9.0 25.0 81.0 0.0 0.0 100.0 0.0 0.0
MrBurns 2018 MAY 4 20 0 2.0 0.0 0.0 15106012.0000 206376.0 718028.0 0.0 0.0 8.0 25.0 79.0 0.0 0.0 100.0 0.0 0.0
MrBurns 2018 MAY 4 20 10 2.0 0.0 0.0 15105840.0000 206644.0 718044.0 0.0 0.0 10.0 24.0 79.0 0.0 0.0 100.0 0.0 0.0
MrBurns 2018 MAY 4 20 20 1.0 0.0 0.0 15105592.0000 206952.0 718064.0 0.0 0.0 11.0 25.0 80.0 0.0 0.0 100.0 0.0 0.0
MrBurns 2018 MAY 4 20 30 2.0 0.0 0.0 15104824.0000 207156.0 718084.0 0.0 0.0 10.0 23.0 71.0 0.0 0.0 100.0 0.0 0.0
MrBurns 2018 MAY 4 20 40 2.0 0.0 0.0 15104808.0000 207424.0 718100.0 0.0 0.0 10.0 23.0 73.0 0.0 0.0 100.0 0.0 0.0
MrBurns 2018 MAY 4 20 50 1.0 0.0 0.0 15104364.0000 207776.0 718124.0 0.0 0.0 7.0 23.0 73.0 0.0 0.0 100.0 0.0 0.0
MrBurns 2018 MAY 4 21 0 2.0 0.0 0.0 15104140.0000 208072.0 718144.0 0.0 0.0 9.0 23.0 72.0 0.0 0.0 100.0 0.0 0.0
MrBurns 2018 MAY 4 21 10 2.0 0.0 0.0 15103884.0000 208324.0 718168.0 0.0 0.0 9.0 22.0 71.0 0.0 0.0 100.0 0.0 0.0
MrBurns 2018 MAY 4 21 20 2.0 0.0 0.0 15103376.0000 208660.0 718184.0 0.0 0.0 11.0 23.0 71.0 0.0 0.0 100.0 0.0 0.0
MrBurns 2018 MAY 4 21 30 3.0 0.0 0.0 15103792.0000 208944.0 718204.0 0.0 0.0 8.0 22.0 71.0 0.0 0.0 100.0 0.0 0.0
MrBurns 2018 MAY 4 21 40 3.0 0.0 0.0 15103336.0000 209376.0 718224.0 0.0 0.0 9.0 24.0 77.0 0.0 0.0 100.0 0.0 0.0
MrBurns 2018 MAY 4 21 50 2.0 0.0 0.0 15102624.0000 209796.0 718248.0 0.0 0.0 9.0 22.0 71.0 0.0 0.0 100.0 0.0 0.0
MrBurns 2018 MAY 4 22 0 6.0 0.0 0.0 15101844.0000 210076.0 718264.0 0.0 0.0 7.0 25.0 81.0 0.0 0.0 100.0 0.0 0.0
MrBurns 2018 MAY 4 22 10 3.0 0.0 0.0 15101736.0000 210508.0 718280.0 0.0 0.0 8.0 23.0 74.0 0.0 0.0 100.0 0.0 0.0
MrBurns 2018 MAY 4 22 20 2.0 0.0 0.0 15101272.0000 210856.0 718304.0 0.0 0.0 7.0 23.0 78.0 0.0 0.0 100.0 0.0 0.0
MrBurns 2018 MAY 4 22 30 2.0 0.0 0.0 15100984.0000 211136.0 718324.0 0.0 0.0 9.0 23.0 71.0 0.0 0.0 100.0 0.0 0.0
MrBurns 2018 MAY 4 22 40 4.0 0.0 0.0 15100452.0000 211608.0 718340.0 0.0 0.0 8.0 24.0 80.0 0.0 0.0 100.0 0.0 0.0
MrBurns 2018 MAY 4 22 50 2.0 0.0 0.0 15100160.0000 211948.0 718360.0 0.0 0.0 9.0 22.0 72.0 0.0 0.0 100.0 0.0 0.0
MrBurns 2018 MAY 4 23 0 2.0 0.0 0.0 15099652.0000 212256.0 718428.0 0.0 0.0 21.0 28.0 83.0 0.0 0.0 100.0 0.0 0.0
MrBurns 2018 MAY 4 23 10 3.0 0.0 0.0 15099280.0000 212788.0 718452.0 0.0 0.0 8.0 23.0 73.0 0.0 0.0 100.0 0.0 0.0
MrBurns 2018 MAY 4 23 20 2.0 0.0 0.0 15099184.0000 213128.0 718468.0 0.0 0.0 9.0 25.0 84.0 0.0 0.0 100.0 0.0 0.0
MrBurns 2018 MAY 4 23 30 3.0 0.0 0.0 15098408.0000 213440.0 718488.0 0.0 0.0 8.0 24.0 74.0 0.0 0.0 100.0 0.0 0.0
MrBurns 2018 MAY 4 23 40 2.0 0.0 0.0 15098064.0000 213932.0 718512.0 0.0 0.0 10.0 25.0 81.0 0.0 0.0 100.0 0.0 0.0
