MrBurns 2018 MAY 1 0 0 1.0 0.0 0.0 15103876.0000 214700.0 715308.0 0.0 0.0 10.0 23.0 72.0 0.0 0.0 100.0 0.0 0.0
MrBurns 2018 MAY 1 0 10 4.0 0.0 0.0 15103416.0000 215076.0 715328.0 0.0 0.0 8.0 25.0 83.0 0.0 0.0 100.0 0.0 0.0
MrBurns 2018 MAY 1 0 20 2.0 1.0 0.0 15103360.0000 215520.0 715344.0 0.0 0.0 9.0 24.0 75.0 0.0 0.0 100.0 0.0 0.0
MrBurns 2018 MAY 1 0 30 1.0 0.0 0.0 15103136.0000 215816.0 715656.0 0.0 0.0 79.0 83.0 221.0 1.0 0.0 100.0 1.0 0.0
MrBurns 2018 MAY 1 0 40 3.0 0.0 0.0 15103292.0000 216156.0 714268.0 0.0 0.0 9.0 22.0 70.0 0.0 0.0 100.0 0.0 0.0
MrBurns 2018 MAY 1 0 50 2.0 0.0 0.0 15102928.0000 216488.0 714292.0 0.0 0.0 7.0 25.0 80.0 0.0 0.0 100.0 0.0 0.0
MrBurns 2018 MAY 1 1 0 3.0 0.0 0.0 15103028.0000 216680.0 714312.0 0.0 0.0 8.0 23.0 71.0 0.0 0.0 100.0 0.0 0.0
MrBurns 2018 MAY 1 1 10 5.0 0.0 0.0 15103528.0000 217020.0 714328.0 0.0 0.0 9.0 25.0 82.0 0.0 0.0 100.0 0.0 0.0
MrBurns 2018 MAY 1 1 20 2.0 0.0 0.0 15102996.0000 217292.0 714344.0 0.0 0.0 10.0 23.0 72.0 0.0 0.0 100.0 0.0 0.0
MrBurns 2018 MAY 1 1 30 3.0 0.0 0.0 15102492.0000 217496.0 714360.0 0.0 0.0 9.0 24.0 79.0 0.0 0.0 100.0 0.0 0.0
MrBurns 2018 MAY 1 1 40 3.0 0.0 0.0 15102376.0000 217848.0 714380.0 0.0 0.0 9.0 23.0 74.0 0.0 0.0 100.0 0.0 0.0
MrBurns 2018 MAY 1 1 50 2.0 0.0 0.0 15102128.0000 218132.0 714408.0 0.0 0.0 10.0 24.0 79.0 0.0 0.0 100.0 0.0 0.0
MrBurns 2018 MAY 1 2 0 2.0 0.0 0.0 15101908.0000 218356.0 714424.0 0.0 0.0 8.0 23.0 72.0 0.0 0.0 100.0 0.0 0.0
MrBurns 2018 MAY 1 2 10 5.0 0.0 0.0 15101096.0000 218752.0 714444.0 0.0 0.0 11.0 26.0 82.0 0.0 0.0 100.0 0.0 0.0
MrBurns 2018 MAY 1 2 20 3.0 0.0 0.0 15100628.0000 218940.0 714468.0 0.0 0.0 9.0 23.0 75.0 0.0 0.0 100.0 0.0 0.0
MrBurns 2018 MAY 1 2 30 2.0 0.0 0.0 15100488.0000 219160.0 714488.0 0.0 0.0 10.0 24.0 78.0 0.0 0.0 100.0 0.0 0.0
MrBurns 2018 MAY 1 2 40 2.0 0.0 0.0 15100388.0000 219540.0 714504.0 0.0 0.0 10.0 25.0 81.0 0.0 0.0 100.0 0.0 0.0
MrBurns 2018 MAY 1 2 50 2.0 1.0 0.0 15100124.0000 219728.0 714524.0 0.0 0.0 9.0 24.0 78.0 0.0 0.0 100.0 0.0 0.0
MrBurns 2018 MAY 1 3 0 2.0 0.0 0.0 15099732.0000 219996.0 714544.0 0.0 0.0 10.0 28.0 78.0 0.0 0.0 100.0 0.0 0.0
MrBurns 2018 MAY 1 3 10 2.0 0.0 0.0 15099376.0000 220404.0 714572.0 0.0 0.0 9.0 24.0 80.0 0.0 0.0 100.0 0.0 0.0
MrBurns 2018 MAY 1 3 20 3.0 0.0 0.0 15099236.0000 220584.0 714588.0 0.0 0.0 10.0 23.0 77.0 0.0 0.0 100.0 0.0 0.0
MrBurns 2018 MAY 1 3 30 2.0 0.0 0.0 15876492.0000 220624.0 714588.0 0.0 0.0 33.0 61.0 611.0 1.0 1.0 100.0 1.0 0.0
MrBurns 2018 MAY 1 3 40 2.0 1.0 0.0 15875868.0000 164008.0 495844.0 0.0 0.0 10365.0 1310.0 1746.0 16.0 1.0 100.0 15.0 0.0
MrBurns 2018 MAY 1 3 50 2.0 1.0 0.0 15390476.0000 164532.0 495864.0 0.0 0.0 27.0 24.0 75.0 0.0 0.0 100.0 1.0 0.0
MrBurns 2018 MAY 1 4 0 2.0 1.0 0.0 15389480.0000 164864.0 495884.0 0.0 0.0 8.0 25.0 79.0 0.0 0.0 100.0 0.0 0.0
MrBurns 2018 MAY 1 4 10 3.0 0.0 0.0 15389180.0000 165292.0 495900.0 0.0 0.0 17.0 24.0 74.0 0.0 0.0 100.0 0.0 0.0
MrBurns 2018 MAY 1 4 20 2.0 0.0 0.0 15388532.0000 165820.0 495924.0 0.0 0.0 9.0 25.0 83.0 0.0 0.0 100.0 0.0 0.0
MrBurns 2018 MAY 1 4 30 1.0 0.0 0.0 15387788.0000 166156.0 495944.0 0.0 0.0 12.0 23.0 73.0 0.0 0.0 100.0 0.0 0.0
MrBurns 2018 MAY 1 4 40 2.0 0.0 0.0 15387868.0000 166620.0 495964.0 0.0 0.0 7.0 24.0 82.0 0.0 0.0 100.0 0.0 0.0
MrBurns 2018 MAY 1 4 50 3.0 0.0 0.0 15387248.0000 167084.0 495988.0 0.0 0.0 10.0 23.0 72.0 0.0 0.0 100.0 0.0 0.0
MrBurns 2018 MAY 1 5 0 2.0 0.0 0.0 15386540.0000 167416.0 496008.0 0.0 0.0 7.0 25.0 81.0 0.0 0.0 100.0 0.0 0.0
MrBurns 2018 MAY 1 5 10 3.0 0.0 0.0 15386948.0000 167912.0 496020.0 0.0 0.0 10.0 23.0 74.0 0.0 0.0 100.0 0.0 0.0
MrBurns 2018 MAY 1 5 20 5.0 0.0 0.0 15385548.0000 168384.0 496040.0 0.0 0.0 8.0 25.0 82.0 0.0 0.0 100.0 0.0 0.0
MrBurns 2018 MAY 1 5 30 3.0 0.0 0.0 15384896.0000 168724.0 496060.0 0.0 0.0 8.0 25.0 85.0 0.0 0.0 100.0 0.0 0.0
MrBurns 2018 MAY 1 5 40 2.0 0.0 0.0 15384992.0000 169248.0 496084.0 0.0 0.0 7.0 25.0 82.0 0.0 0.0 100.0 0.0 0.0
MrBurns 2018 MAY 1 5 50 3.0 1.0 0.0 15384296.0000 169668.0 496124.0 0.0 0.0 8.0 26.0 84.0 0.0 0.0 100.0 0.0 0.0
MrBurns 2018 MAY 1 6 0 1.0 1.0 0.0 15383576.0000 172252.0 718272.0 0.0 0.0 4860.0 206.0 1010.0 1.0 1.0 100.0 6.0 0.0
MrBurns 2018 MAY 1 6 10 3.0 0.0 0.0 15150560.0000 172828.0 718300.0 0.0 0.0 13.0 25.0 82.0 0.0 0.0 100.0 0.0 0.0
MrBurns 2018 MAY 1 6 20 2.0 0.0 0.0 15149816.0000 173252.0 718324.0 0.0 0.0 12.0 25.0 79.0 0.0 0.0 100.0 0.0 0.0
MrBurns 2018 MAY 1 6 30 3.0 0.0 0.0 15149084.0000 173600.0 718336.0 0.0 0.0 12.0 25.0 83.0 0.0 0.0 100.0 0.0 0.0
MrBurns 2018 MAY 1 6 40 2.0 0.0 0.0 15149188.0000 174184.0 718352.0 0.0 0.0 10.0 24.0 79.0 0.0 0.0 100.0 0.0 0.0
MrBurns 2018 MAY 1 6 50 2.0 0.0 0.0 15148300.0000 174512.0 718380.0 0.0 0.0 9.0 24.0 76.0 0.0 0.0 100.0 0.0 0.0
MrBurns 2018 MAY 1 7 0 0.0 0.0 0.0 15147660.0000 174876.0 718396.0 0.0 0.0 9.0 25.0 78.0 0.0 0.0 100.0 0.0 0.0
MrBurns 2018 MAY 1 7 10 3.0 0.0 0.0 15147272.0000 175416.0 718416.0 0.0 0.0 8.0 23.0 75.0 0.0 0.0 100.0 0.0 0.0
MrBurns 2018 MAY 1 7 20 3.0 0.0 0.0 15146440.0000 175792.0 718436.0 0.0 0.0 7.0 26.0 93.0 0.0 0.0 100.0 0.0 0.0
MrBurns 2018 MAY 1 7 30 2.0 0.0 0.0 15146256.0000 176244.0 718464.0 0.0 0.0 11.0 23.0 72.0 0.0 0.0 100.0 0.0 0.0
MrBurns 2018 MAY 1 7 40 1.0 0.0 0.0 15146252.0000 176752.0 718484.0 0.0 0.0 8.0 23.0 74.0 0.0 0.0 100.0 0.0 0.0
MrBurns 2018 MAY 1 7 50 2.0 0.0 0.0 15145248.0000 177072.0 718496.0 0.0 0.0 7.0 22.0 69.0 0.0 0.0 100.0 0.0 0.0
MrBurns 2018 MAY 1 8 0 3.0 0.0 0.0 15144844.0000 177540.0 718516.0 0.0 0.0 8.0 23.0 75.0 0.0 0.0 100.0 0.0 0.0
MrBurns 2018 MAY 1 8 10 2.0 0.0 0.0 15144300.0000 178016.0 718540.0 0.0 0.0 11.0 24.0 76.0 0.0 0.0 100.0 0.0 0.0
MrBurns 2018 MAY 1 8 20 2.0 0.0 0.0 15143588.0000 178356.0 718560.0 0.0 0.0 9.0 24.0 78.0 0.0 0.0 100.0 0.0 0.0
MrBurns 2018 MAY 1 8 30 1.0 0.0 0.0 15143240.0000 178856.0 718576.0 0.0 0.0 9.0 23.0 75.0 0.0 0.0 100.0 0.0 0.0
MrBurns 2018 MAY 1 8 40 2.0 0.0 0.0 15142908.0000 179292.0 718592.0 0.0 0.0 10.0 24.0 79.0 0.0 0.0 100.0 0.0 0.0
MrBurns 2018 MAY 1 8 50 3.0 0.0 0.0 15142240.0000 179636.0 718616.0 0.0 0.0 12.0 23.0 74.0 0.0 0.0 100.0 0.0 0.0
MrBurns 2018 MAY 1 9 0 2.0 0.0 0.0 15141932.0000 180184.0 718636.0 0.0 0.0 9.0 25.0 84.0 0.0 0.0 100.0 0.0 0.0
MrBurns 2018 MAY 1 9 10 2.0 0.0 0.0 15141052.0000 180628.0 718656.0 0.0 0.0 7.0 23.0 75.0 0.0 0.0 100.0 0.0 0.0
MrBurns 2018 MAY 1 9 20 4.0 0.0 0.0 15140560.0000 181004.0 718676.0 0.0 0.0 9.0 25.0 80.0 0.0 0.0 100.0 0.0 0.0
MrBurns 2018 MAY 1 9 30 3.0 1.0 0.0 15140632.0000 181520.0 718700.0 0.0 0.0 10.0 24.0 74.0 0.0 0.0 100.0 0.0 0.0
MrBurns 2018 MAY 1 9 40 4.0 1.0 0.0 15140124.0000 181884.0 718716.0 0.0 0.0 8.0 24.0 77.0 0.0 0.0 100.0 0.0 0.0
MrBurns 2018 MAY 1 9 50 1.0 0.0 0.0 15139720.0000 182204.0 718740.0 0.0 0.0 10.0 24.0 74.0 0.0 0.0 100.0 0.0 0.0
MrBurns 2018 MAY 1 10 0 5.0 0.0 0.0 15139004.0000 182780.0 718752.0 0.0 0.0 7.0 25.0 81.0 0.0 0.0 100.0 0.0 0.0
MrBurns 2018 MAY 1 10 10 3.0 0.0 0.0 15138300.0000 183160.0 718776.0 0.0 0.0 8.0 24.0 77.0 0.0 0.0 100.0 0.0 0.0
MrBurns 2018 MAY 1 10 20 2.0 0.0 0.0 15138240.0000 183492.0 718796.0 0.0 0.0 9.0 23.0 79.0 0.0 0.0 100.0 0.0 0.0
MrBurns 2018 MAY 1 10 30 4.0 0.0 0.0 15137872.0000 184060.0 718812.0 0.0 0.0 9.0 24.0 74.0 0.0 0.0 100.0 0.0 0.0
MrBurns 2018 MAY 1 10 40 2.0 0.0 0.0 15137132.0000 184408.0 718836.0 0.0 0.0 10.0 25.0 80.0 0.0 0.0 100.0 0.0 0.0
MrBurns 2018 MAY 1 10 50 4.0 0.0 0.0 15136920.0000 184752.0 718860.0 0.0 0.0 8.0 24.0 75.0 0.0 0.0 100.0 0.0 0.0
MrBurns 2018 MAY 1 11 0 2.0 0.0 0.0 15136296.0000 185336.0 718876.0 0.0 0.0 9.0 25.0 82.0 0.0 0.0 100.0 0.0 0.0
MrBurns 2018 MAY 1 11 10 2.0 0.0 0.0 15136052.0000 185656.0 718896.0 0.0 0.0 8.0 24.0 78.0 0.0 0.0 100.0 0.0 0.0
MrBurns 2018 MAY 1 11 20 2.0 0.0 0.0 15135108.0000 186008.0 718916.0 0.0 0.0 8.0 24.0 79.0 0.0 0.0 100.0 0.0 0.0
MrBurns 2018 MAY 1 11 30 2.0 0.0 0.0 15135000.0000 186580.0 718940.0 0.0 0.0 8.0 25.0 82.0 0.0 0.0 100.0 0.0 0.0
MrBurns 2018 MAY 1 11 40 3.0 0.0 0.0 15134400.0000 186900.0 718960.0 0.0 0.0 8.0 25.0 80.0 0.0 0.0 100.0 0.0 0.0
MrBurns 2018 MAY 1 11 50 3.0 0.0 0.0 15134088.0000 187292.0 718972.0 0.0 0.0 8.0 26.0 78.0 0.0 0.0 100.0 0.0 0.0
MrBurns 2018 MAY 1 12 0 4.0 1.0 0.0 15133624.0000 187836.0 718988.0 0.0 0.0 9.0 25.0 82.0 0.0 0.0 100.0 0.0 0.0
MrBurns 2018 MAY 1 12 10 2.0 0.0 0.0 15133332.0000 188188.0 719012.0 0.0 0.0 11.0 24.0 79.0 0.0 0.0 100.0 0.0 0.0
MrBurns 2018 MAY 1 12 20 1.0 1.0 0.0 15132660.0000 188596.0 719036.0 0.0 0.0 10.0 25.0 80.0 0.0 0.0 100.0 0.0 0.0
MrBurns 2018 MAY 1 12 30 3.0 0.0 0.0 15132044.0000 189100.0 719056.0 0.0 0.0 14.0 23.0 74.0 0.0 0.0 100.0 0.0 0.0
MrBurns 2018 MAY 1 12 40 3.0 0.0 0.0 15131852.0000 189436.0 719076.0 0.0 0.0 9.0 22.0 73.0 0.0 0.0 100.0 0.0 0.0
MrBurns 2018 MAY 1 12 50 3.0 0.0 0.0 15131456.0000 189956.0 719096.0 0.0 0.0 9.0 23.0 74.0 0.0 0.0 100.0 0.0 0.0
MrBurns 2018 MAY 1 13 0 5.0 0.0 0.0 15131060.0000 190388.0 719116.0 0.0 0.0 8.0 23.0 71.0 0.0 0.0 100.0 0.0 0.0
MrBurns 2018 MAY 1 13 10 3.0 0.0 0.0 15130172.0000 190728.0 719136.0 0.0 0.0 8.0 22.0 72.0 0.0 0.0 100.0 0.0 0.0
MrBurns 2018 MAY 1 13 20 2.0 0.0 0.0 15129908.0000 191284.0 719148.0 0.0 0.0 9.0 23.0 73.0 0.0 0.0 100.0 0.0 0.0
MrBurns 2018 MAY 1 13 30 4.0 0.0 0.0 15129244.0000 191736.0 719172.0 0.0 0.0 8.0 22.0 72.0 0.0 0.0 100.0 0.0 0.0
MrBurns 2018 MAY 1 13 40 4.0 0.0 0.0 15128812.0000 192096.0 719192.0 0.0 0.0 10.0 25.0 79.0 0.0 0.0 100.0 0.0 0.0
MrBurns 2018 MAY 1 13 50 2.0 0.0 0.0 15128424.0000 192672.0 719212.0 0.0 0.0 9.0 23.0 72.0 0.0 0.0 100.0 0.0 0.0
MrBurns 2018 MAY 1 14 0 3.0 1.0 0.0 15127724.0000 193032.0 719236.0 0.0 0.0 8.0 25.0 84.0 0.0 0.0 100.0 0.0 0.0
MrBurns 2018 MAY 1 14 10 3.0 0.0 0.0 15127100.0000 193380.0 719256.0 0.0 0.0 9.0 23.0 72.0 0.0 0.0 100.0 0.0 0.0
MrBurns 2018 MAY 1 14 20 2.0 0.0 0.0 15126780.0000 193976.0 719276.0 0.0 0.0 9.0 25.0 82.0 0.0 0.0 100.0 0.0 0.0
MrBurns 2018 MAY 1 14 30 1.0 0.0 0.0 15126252.0000 194316.0 719296.0 0.0 0.0 10.0 24.0 71.0 0.0 0.0 100.0 0.0 0.0
MrBurns 2018 MAY 1 14 40 2.0 0.0 0.0 15125764.0000 194676.0 719312.0 0.0 0.0 8.0 24.0 80.0 0.0 0.0 100.0 0.0 0.0
MrBurns 2018 MAY 1 14 50 3.0 0.0 0.0 15125548.0000 195272.0 719336.0 0.0 0.0 8.0 23.0 73.0 0.0 0.0 100.0 0.0 0.0
MrBurns 2018 MAY 1 15 0 2.0 0.0 0.0 15125140.0000 195596.0 719356.0 0.0 0.0 9.0 24.0 78.0 0.0 0.0 100.0 0.0 0.0
MrBurns 2018 MAY 1 15 10 4.0 0.0 0.0 15124688.0000 195944.0 719372.0 0.0 0.0 7.0 23.0 72.0 0.0 0.0 100.0 0.0 0.0
MrBurns 2018 MAY 1 15 20 2.0 1.0 0.0 15123932.0000 196520.0 719392.0 0.0 0.0 14.0 24.0 78.0 0.0 0.0 100.0 0.0 0.0
MrBurns 2018 MAY 1 15 30 3.0 0.0 0.0 15123436.0000 196896.0 719416.0 0.0 0.0 8.0 24.0 74.0 0.0 0.0 100.0 0.0 0.0
MrBurns 2018 MAY 1 15 40 3.0 0.0 0.0 15123248.0000 197268.0 719436.0 0.0 0.0 8.0 25.0 78.0 0.0 0.0 100.0 0.0 0.0
MrBurns 2018 MAY 1 15 50 3.0 0.0 0.0 15122692.0000 197804.0 719460.0 0.0 0.0 7.0 23.0 74.0 0.0 0.0 100.0 0.0 0.0
MrBurns 2018 MAY 1 16 0 2.0 0.0 0.0 15122192.0000 198124.0 719472.0 0.0 0.0 8.0 25.0 81.0 0.0 0.0 100.0 0.0 0.0
MrBurns 2018 MAY 1 16 10 4.0 0.0 0.0 15121576.0000 198540.0 719496.0 0.0 0.0 10.0 23.0 72.0 0.0 0.0 100.0 0.0 0.0
MrBurns 2018 MAY 1 16 20 2.0 0.0 0.0 15121432.0000 199044.0 719516.0 0.0 0.0 11.0 25.0 80.0 0.0 0.0 100.0 0.0 0.0
MrBurns 2018 MAY 1 16 30 3.0 0.0 0.0 15120480.0000 199372.0 719532.0 0.0 0.0 9.0 23.0 72.0 0.0 0.0 100.0 0.0 0.0
MrBurns 2018 MAY 1 16 40 4.0 0.0 0.0 15120104.0000 199824.0 719556.0 0.0 0.0 8.0 25.0 80.0 0.0 0.0 100.0 0.0 0.0
MrBurns 2018 MAY 1 16 50 5.0 0.0 0.0 15119476.0000 200304.0 719580.0 0.0 0.0 9.0 24.0 78.0 0.0 0.0 100.0 0.0 0.0
MrBurns 2018 MAY 1 17 0 2.0 0.0 0.0 15119188.0000 200628.0 719592.0 0.0 0.0 7.0 25.0 81.0 0.0 0.0 100.0 0.0 0.0
MrBurns 2018 MAY 1 17 10 5.0 0.0 0.0 15119028.0000 201136.0 719616.0 0.0 0.0 9.0 25.0 79.0 0.0 0.0 100.0 0.0 0.0
MrBurns 2018 MAY 1 17 20 5.0 1.0 0.0 15118600.0000 201560.0 719628.0 0.0 0.0 10.0 25.0 81.0 0.0 0.0 100.0 0.0 0.0
MrBurns 2018 MAY 1 17 30 4.0 0.0 0.0 15117944.0000 201864.0 719656.0 0.0 0.0 9.0 25.0 82.0 0.0 0.0 100.0 0.0 0.0
MrBurns 2018 MAY 1 17 40 2.0 0.0 0.0 15117784.0000 202356.0 719676.0 0.0 0.0 9.0 24.0 80.0 0.0 0.0 100.0 0.0 0.0
MrBurns 2018 MAY 1 17 50 4.0 0.0 0.0 15116916.0000 202728.0 719692.0 0.0 0.0 7.0 24.0 78.0 0.0 0.0 100.0 0.0 0.0
MrBurns 2018 MAY 1 18 0 1.0 0.0 0.0 15116372.0000 203036.0 719712.0 0.0 0.0 8.0 25.0 83.0 0.0 0.0 100.0 0.0 0.0
MrBurns 2018 MAY 1 18 10 3.0 0.0 0.0 15115852.0000 203476.0 719740.0 0.0 0.0 10.0 22.0 72.0 0.0 0.0 100.0 0.0 0.0
MrBurns 2018 MAY 1 18 20 2.0 0.0 0.0 15115736.0000 203736.0 719756.0 0.0 0.0 9.0 23.0 72.0 0.0 0.0 100.0 0.0 0.0
MrBurns 2018 MAY 1 18 30 3.0 0.0 0.0 15115432.0000 204032.0 719776.0 0.0 0.0 10.0 22.0 70.0 0.0 0.0 100.0 0.0 0.0
MrBurns 2018 MAY 1 18 40 3.0 1.0 0.0 15115248.0000 204548.0 719788.0 0.0 0.0 8.0 23.0 73.0 0.0 0.0 100.0 0.0 0.0
MrBurns 2018 MAY 1 18 50 2.0 0.0 0.0 15114212.0000 204828.0 719808.0 0.0 0.0 9.0 22.0 73.0 0.0 0.0 100.0 0.0 0.0
MrBurns 2018 MAY 1 19 0 3.0 0.0 0.0 15114148.0000 205056.0 719836.0 0.0 0.0 8.0 23.0 73.0 0.0 0.0 100.0 0.0 0.0
MrBurns 2018 MAY 1 19 10 3.0 0.0 0.0 15113828.0000 205428.0 719852.0 0.0 0.0 9.0 22.0 71.0 0.0 0.0 100.0 0.0 0.0
MrBurns 2018 MAY 1 19 20 2.0 0.0 0.0 15113320.0000 205696.0 719872.0 0.0 0.0 14.0 25.0 79.0 0.0 0.0 100.0 0.0 0.0
MrBurns 2018 MAY 1 19 30 4.0 0.0 0.0 15113308.0000 206000.0 719896.0 0.0 0.0 12.0 23.0 74.0 0.0 0.0 100.0 0.0 0.0
MrBurns 2018 MAY 1 19 40 2.0 1.0 0.0 15112836.0000 206364.0 719912.0 0.0 0.0 12.0 25.0 80.0 0.0 0.0 100.0 0.0 0.0
MrBurns 2018 MAY 1 19 50 4.0 0.0 0.0 15112184.0000 206592.0 719932.0 0.0 0.0 9.0 23.0 73.0 0.0 0.0 100.0 0.0 0.0
MrBurns 2018 MAY 1 20 0 2.0 1.0 0.0 15112292.0000 206832.0 719948.0 0.0 0.0 9.0 24.0 80.0 0.0 0.0 100.0 0.0 0.0
MrBurns 2018 MAY 1 20 10 3.0 1.0 0.0 15112196.0000 207212.0 719972.0 0.0 0.0 9.0 23.0 72.0 0.0 0.0 100.0 0.0 0.0
MrBurns 2018 MAY 1 20 20 2.0 0.0 0.0 15111404.0000 207424.0 719992.0 0.0 0.0 10.0 23.0 72.0 0.0 0.0 100.0 0.0 0.0
MrBurns 2018 MAY 1 20 30 3.0 0.0 0.0 15111236.0000 207704.0 720008.0 0.0 0.0 9.0 24.0 75.0 0.0 0.0 100.0 0.0 0.0
MrBurns 2018 MAY 1 20 40 4.0 0.0 0.0 15110840.0000 208032.0 720024.0 0.0 0.0 10.0 24.0 77.0 0.0 0.0 100.0 0.0 0.0
MrBurns 2018 MAY 1 20 50 2.0 0.0 0.0 15110420.0000 208292.0 720052.0 0.0 0.0 8.0 23.0 71.0 0.0 0.0 100.0 0.0 0.0
MrBurns 2018 MAY 1 21 0 3.0 0.0 0.0 15110116.0000 208564.0 720072.0 0.0 0.0 7.0 25.0 83.0 0.0 0.0 100.0 0.0 0.0
MrBurns 2018 MAY 1 21 10 3.0 0.0 0.0 15109824.0000 208896.0 720092.0 0.0 0.0 8.0 24.0 72.0 0.0 0.0 100.0 0.0 0.0
MrBurns 2018 MAY 1 21 20 3.0 0.0 0.0 15109232.0000 209212.0 720108.0 0.0 0.0 8.0 24.0 77.0 0.0 0.0 100.0 0.0 0.0
MrBurns 2018 MAY 1 21 30 3.0 0.0 0.0 15109316.0000 209640.0 720128.0 0.0 0.0 9.0 24.0 74.0 0.0 0.0 100.0 0.0 0.0
MrBurns 2018 MAY 1 21 40 2.0 0.0 0.0 15108756.0000 210044.0 720148.0 0.0 0.0 9.0 24.0 79.0 0.0 0.0 100.0 0.0 0.0
MrBurns 2018 MAY 1 21 50 3.0 0.0 0.0 15108592.0000 210308.0 720172.0 0.0 0.0 8.0 23.0 73.0 0.0 0.0 100.0 0.0 0.0
MrBurns 2018 MAY 1 22 0 2.0 0.0 0.0 15107820.0000 210772.0 720188.0 0.0 0.0 9.0 25.0 82.0 0.0 0.0 100.0 0.0 0.0
MrBurns 2018 MAY 1 22 10 3.0 0.0 0.0 15106996.0000 211108.0 720208.0 0.0 0.0 7.0 24.0 82.0 0.0 0.0 100.0 0.0 0.0
MrBurns 2018 MAY 1 22 20 2.0 0.0 0.0 15106844.0000 211416.0 720232.0 0.0 0.0 8.0 24.0 81.0 0.0 0.0 100.0 0.0 0.0
MrBurns 2018 MAY 1 22 30 2.0 0.0 0.0 15107016.0000 211932.0 720244.0 0.0 0.0 9.0 25.0 83.0 0.0 0.0 100.0 0.0 0.0
MrBurns 2018 MAY 1 22 40 2.0 0.0 0.0 15106228.0000 212272.0 720268.0 0.0 0.0 11.0 25.0 80.0 0.0 0.0 100.0 0.0 0.0
MrBurns 2018 MAY 1 22 50 3.0 0.0 0.0 15105524.0000 212556.0 720288.0 0.0 0.0 8.0 25.0 80.0 0.0 0.0 100.0 0.0 0.0
MrBurns 2018 MAY 1 23 0 0.0 0.0 0.0 15104844.0000 213104.0 720996.0 0.0 0.0 20.0 34.0 101.0 0.0 0.0 100.0 0.0 0.0
MrBurns 2018 MAY 1 23 10 3.0 0.0 0.0 15103188.0000 213388.0 721016.0 0.0 0.0 8.0 25.0 81.0 0.0 0.0 100.0 0.0 0.0
MrBurns 2018 MAY 1 23 20 2.0 0.0 0.0 15103252.0000 213712.0 721036.0 0.0 0.0 9.0 26.0 83.0 0.0 0.0 100.0 0.0 0.0
MrBurns 2018 MAY 1 23 30 3.0 0.0 0.0 15102856.0000 214228.0 721060.0 0.0 0.0 8.0 24.0 82.0 0.0 0.0 100.0 0.0 0.0
MrBurns 2018 MAY 1 23 40 1.0 0.0 0.0 15102164.0000 214432.0 721080.0 0.0 0.0 8.0 25.0 81.0 0.0 0.0 100.0 0.0 0.0
