MrBurns 2018 MAY 2 0 0 2.0 0.0 0.0 15102244.0000 214728.0 721108.0 0.0 0.0 9.0 23.0 73.0 0.0 0.0 100.0 0.0 0.0
MrBurns 2018 MAY 2 0 10 2.0 0.0 0.0 15101468.0000 215052.0 721132.0 0.0 0.0 7.0 23.0 73.0 0.0 0.0 100.0 0.0 0.0
MrBurns 2018 MAY 2 0 20 4.0 0.0 0.0 15100972.0000 215260.0 721148.0 0.0 0.0 6.0 23.0 72.0 0.0 0.0 100.0 0.0 0.0
MrBurns 2018 MAY 2 0 30 2.0 0.0 0.0 15101404.0000 215624.0 721160.0 0.0 0.0 74.0 93.0 281.0 1.0 0.0 100.0 1.0 0.0
MrBurns 2018 MAY 2 0 40 3.0 0.0 0.0 15101956.0000 215948.0 720072.0 0.0 0.0 9.0 23.0 73.0 0.0 0.0 100.0 0.0 0.0
MrBurns 2018 MAY 2 0 50 2.0 0.0 0.0 15101308.0000 216136.0 720092.0 0.0 0.0 10.0 23.0 72.0 0.0 0.0 100.0 0.0 0.0
MrBurns 2018 MAY 2 1 0 2.0 1.0 0.0 15100660.0000 216516.0 720112.0 0.0 0.0 7.0 23.0 73.0 0.0 0.0 100.0 0.0 0.0
MrBurns 2018 MAY 2 1 10 2.0 0.0 0.0 15100824.0000 216796.0 720132.0 0.0 0.0 8.0 24.0 81.0 0.0 0.0 100.0 0.0 0.0
MrBurns 2018 MAY 2 1 20 1.0 0.0 0.0 15101180.0000 217016.0 720152.0 0.0 0.0 9.0 23.0 74.0 0.0 0.0 100.0 0.0 0.0
MrBurns 2018 MAY 2 1 30 3.0 0.0 0.0 15100880.0000 217380.0 720164.0 0.0 0.0 8.0 24.0 80.0 0.0 0.0 100.0 0.0 0.0
MrBurns 2018 MAY 2 1 40 3.0 0.0 0.0 15100444.0000 217668.0 720184.0 0.0 0.0 7.0 23.0 73.0 0.0 0.0 100.0 0.0 0.0
MrBurns 2018 MAY 2 1 50 3.0 0.0 0.0 15099912.0000 217896.0 720208.0 0.0 0.0 8.0 25.0 81.0 0.0 0.0 100.0 0.0 0.0
MrBurns 2018 MAY 2 2 0 2.0 0.0 0.0 15099892.0000 218296.0 720228.0 0.0 0.0 10.0 24.0 75.0 0.0 0.0 100.0 0.0 0.0
MrBurns 2018 MAY 2 2 10 2.0 1.0 0.0 15099228.0000 218512.0 720248.0 0.0 0.0 11.0 25.0 80.0 0.0 0.0 100.0 0.0 0.0
MrBurns 2018 MAY 2 2 20 2.0 0.0 0.0 15099156.0000 218728.0 720268.0 0.0 0.0 9.0 23.0 74.0 0.0 0.0 100.0 0.0 0.0
MrBurns 2018 MAY 2 2 30 2.0 1.0 0.0 15098788.0000 219172.0 720288.0 0.0 0.0 12.0 25.0 79.0 0.0 0.0 100.0 0.0 0.0
MrBurns 2018 MAY 2 2 40 2.0 1.0 0.0 15098164.0000 219384.0 720308.0 0.0 0.0 8.0 24.0 75.0 0.0 0.0 100.0 0.0 0.0
MrBurns 2018 MAY 2 2 50 3.0 0.0 0.0 15098160.0000 219600.0 720328.0 0.0 0.0 8.0 24.0 78.0 0.0 0.0 100.0 0.0 0.0
MrBurns 2018 MAY 2 3 0 3.0 0.0 0.0 15098188.0000 220020.0 720348.0 0.0 0.0 10.0 29.0 92.0 0.0 0.0 100.0 0.0 0.0
MrBurns 2018 MAY 2 3 10 4.0 0.0 0.0 15097624.0000 220240.0 720372.0 0.0 0.0 8.0 24.0 79.0 0.0 0.0 100.0 0.0 0.0
MrBurns 2018 MAY 2 3 20 4.0 0.0 0.0 15097004.0000 220472.0 720388.0 0.0 0.0 7.0 23.0 73.0 0.0 0.0 100.0 0.0 0.0
MrBurns 2018 MAY 2 3 30 1.0 1.0 0.0 15554512.0000 220524.0 720388.0 0.0 0.0 758.0 1946.0 2236.0 1.0 1.0 100.0 22.0 0.0
MrBurns 2018 MAY 2 3 40 0.0 0.0 0.0 15392616.0000 163848.0 491956.0 0.0 0.0 8.0 25.0 76.0 0.0 0.0 100.0 0.0 0.0
MrBurns 2018 MAY 2 3 50 3.0 0.0 0.0 15392004.0000 164168.0 491972.0 0.0 0.0 26.0 23.0 75.0 0.0 0.0 100.0 1.0 0.0
MrBurns 2018 MAY 2 4 0 3.0 0.0 0.0 15391960.0000 164612.0 491992.0 0.0 0.0 8.0 25.0 82.0 0.0 0.0 100.0 0.0 0.0
MrBurns 2018 MAY 2 4 10 3.0 1.0 0.0 15390700.0000 165116.0 492016.0 0.0 0.0 16.0 23.0 73.0 0.0 0.0 100.0 0.0 0.0
MrBurns 2018 MAY 2 4 20 3.0 0.0 0.0 15390576.0000 165448.0 492040.0 0.0 0.0 8.0 24.0 79.0 0.0 0.0 100.0 0.0 0.0
MrBurns 2018 MAY 2 4 30 2.0 0.0 0.0 15390456.0000 165916.0 492060.0 0.0 0.0 12.0 24.0 73.0 0.0 0.0 100.0 0.0 0.0
MrBurns 2018 MAY 2 4 40 2.0 0.0 0.0 15389916.0000 166424.0 492076.0 0.0 0.0 8.0 24.0 79.0 0.0 0.0 100.0 0.0 0.0
MrBurns 2018 MAY 2 4 50 4.0 0.0 0.0 15389088.0000 166760.0 492096.0 0.0 0.0 9.0 23.0 71.0 0.0 0.0 100.0 0.0 0.0
MrBurns 2018 MAY 2 5 0 3.0 0.0 0.0 15388692.0000 167256.0 492120.0 0.0 0.0 8.0 25.0 82.0 0.0 0.0 100.0 0.0 0.0
MrBurns 2018 MAY 2 5 10 4.0 0.0 0.0 15388052.0000 167692.0 492132.0 0.0 0.0 12.0 23.0 71.0 0.0 0.0 100.0 0.0 0.0
MrBurns 2018 MAY 2 5 20 2.0 0.0 0.0 15387572.0000 168028.0 492152.0 0.0 0.0 11.0 24.0 78.0 0.0 0.0 100.0 0.0 0.0
MrBurns 2018 MAY 2 5 30 3.0 0.0 0.0 15387500.0000 168548.0 492168.0 0.0 0.0 9.0 24.0 74.0 0.0 0.0 100.0 0.0 0.0
MrBurns 2018 MAY 2 5 40 2.0 0.0 0.0 15386944.0000 168988.0 492192.0 0.0 0.0 8.0 25.0 80.0 0.0 0.0 100.0 0.0 0.0
MrBurns 2018 MAY 2 5 50 3.0 1.0 0.0 15386416.0000 169312.0 492240.0 0.0 0.0 8.0 25.0 84.0 0.0 0.0 100.0 0.0 0.0
MrBurns 2018 MAY 2 6 0 1.0 0.0 0.0 15385848.0000 172072.0 714396.0 0.0 0.0 5376.0 191.0 1021.0 1.0 1.0 100.0 7.0 0.0
MrBurns 2018 MAY 2 6 10 3.0 0.0 0.0 15152292.0000 172472.0 714420.0 0.0 0.0 15.0 27.0 95.0 0.0 0.0 100.0 0.0 0.0
MrBurns 2018 MAY 2 6 20 2.0 1.0 0.0 15151796.0000 172800.0 714444.0 0.0 0.0 11.0 25.0 79.0 0.0 0.0 100.0 0.0 0.0
MrBurns 2018 MAY 2 6 30 1.0 0.0 0.0 15151912.0000 173372.0 714460.0 0.0 0.0 10.0 24.0 75.0 0.0 0.0 100.0 0.0 0.0
MrBurns 2018 MAY 2 6 40 3.0 0.0 0.0 15150780.0000 173712.0 714476.0 0.0 0.0 8.0 25.0 80.0 0.0 0.0 100.0 0.0 0.0
MrBurns 2018 MAY 2 6 50 1.0 0.0 0.0 15150924.0000 174048.0 714496.0 0.0 0.0 9.0 24.0 79.0 0.0 0.0 100.0 0.0 0.0
MrBurns 2018 MAY 2 7 0 4.0 0.0 0.0 15150500.0000 174628.0 714520.0 0.0 0.0 9.0 24.0 83.0 0.0 0.0 100.0 0.0 0.0
MrBurns 2018 MAY 2 7 10 2.0 0.0 0.0 15149816.0000 175020.0 714544.0 0.0 0.0 8.0 23.0 79.0 0.0 0.0 100.0 0.0 0.0
MrBurns 2018 MAY 2 7 20 2.0 0.0 0.0 15149092.0000 175356.0 714560.0 0.0 0.0 10.0 26.0 98.0 0.0 0.0 100.0 0.0 0.0
MrBurns 2018 MAY 2 7 30 4.0 0.0 0.0 15148488.0000 175948.0 714580.0 0.0 0.0 7.0 25.0 83.0 0.0 0.0 100.0 0.0 0.0
MrBurns 2018 MAY 2 7 40 3.0 0.0 0.0 15148028.0000 176276.0 714604.0 0.0 0.0 8.0 23.0 78.0 0.0 0.0 100.0 0.0 0.0
MrBurns 2018 MAY 2 7 50 3.0 0.0 0.0 15147384.0000 176640.0 714620.0 0.0 0.0 7.0 24.0 80.0 0.0 0.0 100.0 0.0 0.0
MrBurns 2018 MAY 2 8 0 2.0 2.0 0.0 15146824.0000 177204.0 714640.0 0.0 0.0 7.0 24.0 80.0 0.0 0.0 100.0 0.0 0.0
MrBurns 2018 MAY 2 8 10 5.0 0.0 0.0 15146296.0000 177524.0 714660.0 0.0 0.0 7.0 23.0 66.0 0.0 0.0 100.0 0.0 0.0
MrBurns 2018 MAY 2 8 20 3.0 0.0 0.0 15146676.0000 177988.0 714680.0 0.0 0.0 9.0 24.0 74.0 0.0 0.0 100.0 0.0 0.0
MrBurns 2018 MAY 2 8 30 3.0 0.0 0.0 15145156.0000 178460.0 714700.0 0.0 0.0 7.0 23.0 73.0 0.0 0.0 100.0 0.0 0.0
MrBurns 2018 MAY 2 8 40 2.0 0.0 0.0 15145056.0000 178780.0 714720.0 0.0 0.0 7.0 23.0 75.0 0.0 0.0 100.0 0.0 0.0
MrBurns 2018 MAY 2 8 50 2.0 0.0 0.0 15144788.0000 179276.0 714740.0 0.0 0.0 7.0 23.0 75.0 0.0 0.0 100.0 0.0 0.0
MrBurns 2018 MAY 2 9 0 2.0 0.0 0.0 15144192.0000 179740.0 714764.0 0.0 0.0 14.0 25.0 76.0 0.0 0.0 100.0 0.0 0.0
MrBurns 2018 MAY 2 9 10 2.0 0.0 0.0 15143408.0000 180068.0 714776.0 0.0 0.0 9.0 23.0 75.0 0.0 0.0 100.0 0.0 0.0
MrBurns 2018 MAY 2 9 20 3.0 0.0 0.0 15143268.0000 180580.0 714796.0 0.0 0.0 12.0 33.0 105.0 0.0 0.0 100.0 0.0 0.0
MrBurns 2018 MAY 2 9 30 1.0 0.0 0.0 15142484.0000 180996.0 714816.0 0.0 0.0 9.0 23.0 74.0 0.0 0.0 100.0 0.0 0.0
MrBurns 2018 MAY 2 9 40 2.0 0.0 0.0 15142316.0000 181324.0 714836.0 0.0 0.0 8.0 24.0 78.0 0.0 0.0 100.0 0.0 0.0
MrBurns 2018 MAY 2 9 50 3.0 0.0 0.0 15141868.0000 181808.0 714860.0 0.0 0.0 7.0 23.0 75.0 0.0 0.0 100.0 0.0 0.0
MrBurns 2018 MAY 2 10 0 4.0 0.0 0.0 15141572.0000 182236.0 714884.0 0.0 0.0 7.0 25.0 83.0 0.0 0.0 100.0 0.0 0.0
MrBurns 2018 MAY 2 10 10 3.0 0.0 0.0 15140980.0000 182584.0 714896.0 0.0 0.0 8.0 23.0 72.0 0.0 0.0 100.0 0.0 0.0
MrBurns 2018 MAY 2 10 20 2.0 0.0 0.0 15140244.0000 183132.0 714920.0 0.0 0.0 12.0 25.0 80.0 0.0 0.0 100.0 0.0 0.0
MrBurns 2018 MAY 2 10 30 3.0 0.0 0.0 15139468.0000 183508.0 714932.0 0.0 0.0 8.0 23.0 73.0 0.0 0.0 100.0 0.0 0.0
MrBurns 2018 MAY 2 10 40 2.0 0.0 0.0 15139376.0000 183860.0 714960.0 0.0 0.0 7.0 34.0 115.0 0.0 0.0 100.0 0.0 0.0
MrBurns 2018 MAY 2 10 50 1.0 0.0 0.0 15138268.0000 184408.0 714980.0 0.0 0.0 8.0 23.0 74.0 0.0 0.0 100.0 0.0 0.0
MrBurns 2018 MAY 2 11 0 2.0 0.0 0.0 15137772.0000 184764.0 715000.0 0.0 0.0 8.0 24.0 81.0 0.0 0.0 100.0 0.0 0.0
MrBurns 2018 MAY 2 11 10 6.0 0.0 0.0 15137308.0000 185112.0 715024.0 0.0 0.0 9.0 25.0 78.0 0.0 0.0 100.0 0.0 0.0
MrBurns 2018 MAY 2 11 20 1.0 0.0 0.0 15137188.0000 185704.0 715044.0 0.0 0.0 8.0 25.0 81.0 0.0 0.0 100.0 0.0 0.0
MrBurns 2018 MAY 2 11 30 3.0 0.0 0.0 15136116.0000 186068.0 715060.0 0.0 0.0 8.0 24.0 76.0 0.0 0.0 100.0 0.0 0.0
MrBurns 2018 MAY 2 11 40 2.0 0.0 0.0 15135860.0000 186392.0 715084.0 0.0 0.0 8.0 24.0 77.0 0.0 0.0 100.0 0.0 0.0
MrBurns 2018 MAY 2 11 50 2.0 0.0 0.0 15135264.0000 186964.0 715100.0 0.0 0.0 7.0 25.0 75.0 0.0 0.0 100.0 0.0 0.0
MrBurns 2018 MAY 2 12 0 2.0 0.0 0.0 15134428.0000 187292.0 715120.0 0.0 0.0 10.0 25.0 81.0 0.0 0.0 100.0 0.0 0.0
MrBurns 2018 MAY 2 12 10 2.0 0.0 0.0 15134048.0000 187652.0 715140.0 0.0 0.0 9.0 25.0 73.0 0.0 0.0 100.0 0.0 0.0
MrBurns 2018 MAY 2 12 20 2.0 1.0 0.0 15133612.0000 188240.0 715160.0 0.0 0.0 12.0 25.0 82.0 0.0 0.0 100.0 0.0 0.0
MrBurns 2018 MAY 2 12 30 2.0 0.0 0.0 15132832.0000 188616.0 715180.0 0.0 0.0 8.0 29.0 89.0 0.0 0.0 100.0 0.0 0.0
MrBurns 2018 MAY 2 12 40 4.0 0.0 0.0 15133148.0000 188984.0 715200.0 0.0 0.0 8.0 27.0 77.0 0.0 0.0 100.0 0.0 0.0
MrBurns 2018 MAY 2 12 50 3.0 0.0 0.0 15132044.0000 189532.0 715224.0 0.0 0.0 10.0 24.0 81.0 0.0 0.0 100.0 0.0 0.0
MrBurns 2018 MAY 2 13 0 2.0 0.0 0.0 15131300.0000 189852.0 715244.0 0.0 0.0 7.0 24.0 79.0 0.0 0.0 100.0 0.0 0.0
MrBurns 2018 MAY 2 13 10 2.0 0.0 0.0 15131292.0000 190268.0 715260.0 0.0 0.0 9.0 24.0 78.0 0.0 0.0 100.0 0.0 0.0
MrBurns 2018 MAY 2 13 20 4.0 1.0 0.0 15130884.0000 190820.0 715276.0 0.0 0.0 13.0 25.0 81.0 0.0 0.0 100.0 0.0 0.0
MrBurns 2018 MAY 2 13 30 1.0 0.0 0.0 15129816.0000 191192.0 715304.0 0.0 0.0 8.0 24.0 82.0 0.0 0.0 100.0 0.0 0.0
MrBurns 2018 MAY 2 13 40 2.0 0.0 0.0 15129740.0000 191612.0 715324.0 0.0 0.0 8.0 24.0 79.0 0.0 0.0 100.0 0.0 0.0
MrBurns 2018 MAY 2 13 50 3.0 0.0 0.0 15128948.0000 192088.0 715340.0 0.0 0.0 8.0 25.0 72.0 0.0 0.0 100.0 0.0 0.0
MrBurns 2018 MAY 2 14 0 5.0 0.0 0.0 15129160.0000 192408.0 715360.0 0.0 0.0 7.0 24.0 72.0 0.0 0.0 100.0 0.0 0.0
MrBurns 2018 MAY 2 14 10 1.0 0.0 0.0 15128524.0000 192928.0 715380.0 0.0 0.0 9.0 24.0 74.0 0.0 0.0 100.0 0.0 0.0
MrBurns 2018 MAY 2 14 20 2.0 0.0 0.0 15127964.0000 193340.0 715404.0 0.0 0.0 8.0 24.0 72.0 0.0 0.0 100.0 0.0 0.0
MrBurns 2018 MAY 2 14 30 4.0 0.0 0.0 15126944.0000 193680.0 715428.0 0.0 0.0 9.0 35.0 123.0 0.0 0.0 100.0 0.0 0.0
MrBurns 2018 MAY 2 14 40 3.0 1.0 0.0 15126392.0000 194260.0 715452.0 0.0 0.0 9.0 35.0 127.0 0.0 0.0 100.0 0.0 0.0
MrBurns 2018 MAY 2 14 50 3.0 0.0 0.0 15125916.0000 194696.0 715476.0 0.0 0.0 9.0 27.0 73.0 0.0 0.0 100.0 0.0 0.0
MrBurns 2018 MAY 2 15 0 2.0 0.0 0.0 15125248.0000 195036.0 715504.0 0.0 0.0 11.0 33.0 116.0 0.0 0.0 100.0 0.0 0.0
MrBurns 2018 MAY 2 15 10 3.0 0.0 0.0 15125372.0000 195604.0 715524.0 0.0 0.0 8.0 23.0 73.0 0.0 0.0 100.0 0.0 0.0
MrBurns 2018 MAY 2 15 20 2.0 1.0 0.0 15124520.0000 195964.0 715540.0 0.0 0.0 8.0 25.0 81.0 0.0 0.0 100.0 0.0 0.0
MrBurns 2018 MAY 2 15 30 3.0 0.0 0.0 15124408.0000 196312.0 715568.0 0.0 0.0 10.0 28.0 80.0 0.0 0.0 100.0 0.0 0.0
MrBurns 2018 MAY 2 15 40 4.0 0.0 0.0 15123760.0000 196884.0 715580.0 0.0 0.0 9.0 25.0 79.0 0.0 0.0 100.0 0.0 0.0
MrBurns 2018 MAY 2 15 50 3.0 0.0 0.0 15123332.0000 197252.0 715604.0 0.0 0.0 10.0 24.0 72.0 0.0 0.0 100.0 0.0 0.0
MrBurns 2018 MAY 2 16 0 3.0 1.0 0.0 15122688.0000 197592.0 715616.0 0.0 0.0 8.0 26.0 81.0 0.0 0.0 100.0 0.0 0.0
MrBurns 2018 MAY 2 16 10 4.0 0.0 0.0 15121920.0000 198172.0 715644.0 0.0 0.0 9.0 26.0 73.0 0.0 0.0 100.0 0.0 0.0
MrBurns 2018 MAY 2 16 20 3.0 0.0 0.0 15121428.0000 198576.0 715664.0 0.0 0.0 9.0 25.0 79.0 0.0 0.0 100.0 0.0 0.0
MrBurns 2018 MAY 2 16 30 4.0 0.0 0.0 15120916.0000 198904.0 715680.0 0.0 0.0 7.0 25.0 74.0 0.0 0.0 100.0 0.0 0.0
MrBurns 2018 MAY 2 16 40 3.0 0.0 0.0 15120496.0000 199492.0 715700.0 0.0 0.0 7.0 25.0 81.0 0.0 0.0 100.0 0.0 0.0
MrBurns 2018 MAY 2 16 50 4.0 0.0 0.0 15119836.0000 199876.0 715728.0 0.0 0.0 8.0 23.0 73.0 0.0 0.0 100.0 0.0 0.0
MrBurns 2018 MAY 2 17 0 3.0 0.0 0.0 15119308.0000 200220.0 715744.0 0.0 0.0 10.0 24.0 80.0 0.0 0.0 100.0 0.0 0.0
MrBurns 2018 MAY 2 17 10 4.0 0.0 0.0 15119060.0000 200800.0 715764.0 0.0 0.0 7.0 23.0 73.0 0.0 0.0 100.0 0.0 0.0
MrBurns 2018 MAY 2 17 20 2.0 0.0 0.0 15118144.0000 201148.0 715776.0 0.0 0.0 8.0 24.0 79.0 0.0 0.0 100.0 0.0 0.0
MrBurns 2018 MAY 2 17 30 1.0 0.0 0.0 15118164.0000 201528.0 715800.0 0.0 0.0 9.0 25.0 73.0 0.0 0.0 100.0 0.0 0.0
MrBurns 2018 MAY 2 17 40 4.0 0.0 0.0 15117848.0000 202036.0 715820.0 0.0 0.0 9.0 26.0 81.0 0.0 0.0 100.0 0.0 0.0
MrBurns 2018 MAY 2 17 50 3.0 0.0 0.0 15116924.0000 202320.0 715840.0 0.0 0.0 9.0 25.0 79.0 0.0 0.0 100.0 0.0 0.0
MrBurns 2018 MAY 2 18 0 3.0 0.0 0.0 15116628.0000 202724.0 715860.0 0.0 0.0 8.0 24.0 81.0 0.0 0.0 100.0 0.0 0.0
MrBurns 2018 MAY 2 18 10 3.0 1.0 0.0 15116304.0000 203212.0 715884.0 0.0 0.0 8.0 24.0 78.0 0.0 0.0 100.0 0.0 0.0
MrBurns 2018 MAY 2 18 20 4.0 0.0 0.0 15115552.0000 203472.0 715900.0 0.0 0.0 16.0 25.0 79.0 0.0 0.0 100.0 0.0 0.0
MrBurns 2018 MAY 2 18 30 3.0 1.0 0.0 15115316.0000 203880.0 715932.0 0.0 0.0 10.0 24.0 79.0 0.0 0.0 100.0 0.0 0.0
MrBurns 2018 MAY 2 18 40 2.0 0.0 0.0 15115012.0000 204400.0 715948.0 0.0 0.0 8.0 25.0 82.0 0.0 0.0 100.0 0.0 0.0
MrBurns 2018 MAY 2 18 50 2.0 0.0 0.0 15113956.0000 204692.0 715964.0 0.0 0.0 9.0 25.0 80.0 0.0 0.0 100.0 0.0 0.0
MrBurns 2018 MAY 2 19 0 2.0 0.0 0.0 15113740.0000 205108.0 715984.0 0.0 0.0 8.0 25.0 81.0 0.0 0.0 100.0 0.0 0.0
MrBurns 2018 MAY 2 19 10 1.0 0.0 0.0 15113632.0000 205540.0 716000.0 0.0 0.0 9.0 24.0 80.0 0.0 0.0 100.0 0.0 0.0
MrBurns 2018 MAY 2 19 20 1.0 0.0 0.0 15113088.0000 205732.0 716028.0 0.0 0.0 11.0 25.0 81.0 0.0 0.0 100.0 0.0 0.0
MrBurns 2018 MAY 2 19 30 3.0 0.0 0.0 15113064.0000 206096.0 716048.0 0.0 0.0 11.0 22.0 73.0 0.0 0.0 100.0 0.0 0.0
MrBurns 2018 MAY 2 19 40 2.0 0.0 0.0 15112660.0000 206408.0 716064.0 0.0 0.0 7.0 23.0 73.0 0.0 0.0 100.0 0.0 0.0
MrBurns 2018 MAY 2 19 50 3.0 0.0 0.0 15112344.0000 206572.0 716084.0 0.0 0.0 8.0 22.0 72.0 0.0 0.0 100.0 0.0 0.0
MrBurns 2018 MAY 2 20 0 3.0 0.0 0.0 15111836.0000 206964.0 716104.0 0.0 0.0 8.0 26.0 82.0 0.0 0.0 100.0 0.0 0.0
MrBurns 2018 MAY 2 20 10 2.0 1.0 0.0 15112192.0000 207204.0 716128.0 0.0 0.0 7.0 23.0 71.0 0.0 0.0 100.0 0.0 0.0
MrBurns 2018 MAY 2 20 20 3.0 0.0 0.0 15111488.0000 207408.0 716148.0 0.0 0.0 7.0 22.0 70.0 0.0 0.0 100.0 0.0 0.0
MrBurns 2018 MAY 2 20 30 4.0 0.0 0.0 15111092.0000 207812.0 716164.0 0.0 0.0 8.0 25.0 70.0 0.0 0.0 100.0 0.0 0.0
MrBurns 2018 MAY 2 20 40 5.0 0.0 0.0 15110448.0000 208044.0 716184.0 0.0 0.0 8.0 25.0 79.0 0.0 0.0 100.0 0.0 0.0
MrBurns 2018 MAY 2 20 50 3.0 0.0 0.0 15110508.0000 208244.0 716204.0 0.0 0.0 8.0 23.0 72.0 0.0 0.0 100.0 0.0 0.0
MrBurns 2018 MAY 2 21 0 3.0 1.0 0.0 15110376.0000 208656.0 716224.0 0.0 0.0 9.0 26.0 84.0 0.0 0.0 100.0 0.0 0.0
MrBurns 2018 MAY 2 21 10 3.0 0.0 0.0 15109748.0000 208840.0 716244.0 0.0 0.0 9.0 23.0 72.0 0.0 0.0 100.0 0.0 0.0
MrBurns 2018 MAY 2 21 20 2.0 0.0 0.0 15109664.0000 209012.0 716264.0 0.0 0.0 10.0 24.0 80.0 0.0 0.0 100.0 0.0 0.0
MrBurns 2018 MAY 2 21 30 2.0 0.0 0.0 15109168.0000 209408.0 716280.0 0.0 0.0 11.0 23.0 73.0 0.0 0.0 100.0 0.0 0.0
MrBurns 2018 MAY 2 21 40 2.0 0.0 0.0 15109540.0000 209652.0 716304.0 0.0 0.0 8.0 23.0 78.0 0.0 0.0 100.0 0.0 0.0
MrBurns 2018 MAY 2 21 50 3.0 0.0 0.0 15108720.0000 209940.0 716324.0 0.0 0.0 7.0 24.0 74.0 0.0 0.0 100.0 0.0 0.0
MrBurns 2018 MAY 2 22 0 2.0 1.0 0.0 15108400.0000 210424.0 716348.0 0.0 0.0 10.0 25.0 83.0 0.0 0.0 100.0 0.0 0.0
MrBurns 2018 MAY 2 22 10 2.0 0.0 0.0 15107652.0000 210724.0 716364.0 0.0 0.0 7.0 23.0 74.0 0.0 0.0 100.0 0.0 0.0
MrBurns 2018 MAY 2 22 20 3.0 0.0 0.0 15107256.0000 211040.0 716384.0 0.0 0.0 8.0 25.0 79.0 0.0 0.0 100.0 0.0 0.0
MrBurns 2018 MAY 2 22 30 4.0 0.0 0.0 15107512.0000 211496.0 716404.0 0.0 0.0 8.0 24.0 73.0 0.0 0.0 100.0 0.0 0.0
MrBurns 2018 MAY 2 22 40 3.0 0.0 0.0 15107076.0000 211788.0 716424.0 0.0 0.0 8.0 25.0 79.0 0.0 0.0 100.0 0.0 0.0
MrBurns 2018 MAY 2 22 50 5.0 0.0 0.0 15106124.0000 212168.0 716440.0 0.0 0.0 7.0 24.0 73.0 0.0 0.0 100.0 0.0 0.0
MrBurns 2018 MAY 2 23 0 1.0 0.0 0.0 15105692.0000 212656.0 716504.0 0.0 0.0 16.0 28.0 90.0 0.0 0.0 100.0 0.0 0.0
MrBurns 2018 MAY 2 23 10 4.0 0.0 0.0 15105584.0000 212972.0 716528.0 0.0 0.0 8.0 23.0 72.0 0.0 0.0 100.0 0.0 0.0
MrBurns 2018 MAY 2 23 20 2.0 0.0 0.0 15105172.0000 213376.0 716548.0 0.0 0.0 12.0 25.0 83.0 0.0 0.0 100.0 0.0 0.0
MrBurns 2018 MAY 2 23 30 3.0 0.0 0.0 15104272.0000 213784.0 716572.0 0.0 0.0 8.0 24.0 81.0 0.0 0.0 100.0 0.0 0.0
MrBurns 2018 MAY 2 23 40 4.0 0.0 0.0 15104488.0000 214076.0 716592.0 0.0 0.0 10.0 24.0 80.0 0.0 0.0 100.0 0.0 0.0
