MrBurns 2018 MAY 5 0 0 4.0 0.0 0.0 15097104.0000 214216.0 718540.0 0.0 0.0 10.0 23.0 75.0 0.0 0.0 100.0 0.0 0.0
MrBurns 2018 MAY 5 0 10 4.0 0.0 0.0 15097592.0000 214416.0 718560.0 0.0 0.0 7.0 25.0 83.0 0.0 0.0 100.0 0.0 0.0
MrBurns 2018 MAY 5 0 20 2.0 0.0 0.0 15097036.0000 214804.0 718580.0 0.0 0.0 7.0 23.0 74.0 0.0 0.0 100.0 0.0 0.0
MrBurns 2018 MAY 5 0 30 2.0 0.0 0.0 15096724.0000 215044.0 719472.0 0.0 0.0 63.0 72.0 196.0 1.0 0.0 100.0 1.0 0.0
MrBurns 2018 MAY 5 0 40 6.0 0.0 0.0 15097096.0000 215284.0 718136.0 0.0 0.0 8.0 26.0 85.0 0.0 0.0 100.0 0.0 0.0
MrBurns 2018 MAY 5 0 50 2.0 1.0 0.0 15096608.0000 215668.0 718156.0 0.0 0.0 8.0 25.0 81.0 0.0 0.0 100.0 0.0 0.0
MrBurns 2018 MAY 5 1 0 2.0 0.0 0.0 15096392.0000 215856.0 718180.0 0.0 0.0 7.0 25.0 81.0 0.0 0.0 100.0 0.0 0.0
MrBurns 2018 MAY 5 1 10 2.0 0.0 0.0 15096444.0000 216136.0 718200.0 0.0 0.0 9.0 25.0 83.0 0.0 0.0 100.0 0.0 0.0
MrBurns 2018 MAY 5 1 20 2.0 1.0 0.0 15095440.0000 216468.0 718216.0 0.0 0.0 9.0 24.0 81.0 0.0 0.0 100.0 0.0 0.0
MrBurns 2018 MAY 5 1 30 8.0 0.0 0.0 15095316.0000 216704.0 718232.0 0.0 0.0 8.0 25.0 82.0 0.0 0.0 100.0 0.0 0.0
MrBurns 2018 MAY 5 1 40 1.0 0.0 0.0 15095000.0000 217048.0 718252.0 0.0 0.0 8.0 25.0 82.0 0.0 0.0 100.0 0.0 0.0
MrBurns 2018 MAY 5 1 50 2.0 0.0 0.0 15094908.0000 217376.0 718280.0 0.0 0.0 8.0 25.0 80.0 0.0 0.0 100.0 0.0 0.0
MrBurns 2018 MAY 5 2 0 4.0 0.0 0.0 15094512.0000 217600.0 718296.0 0.0 0.0 7.0 23.0 74.0 0.0 0.0 100.0 0.0 0.0
MrBurns 2018 MAY 5 2 10 3.0 0.0 0.0 15094340.0000 217956.0 718316.0 0.0 0.0 7.0 24.0 73.0 0.0 0.0 100.0 0.0 0.0
MrBurns 2018 MAY 5 2 20 3.0 1.0 0.0 15094176.0000 218196.0 718336.0 0.0 0.0 9.0 23.0 72.0 0.0 0.0 100.0 0.0 0.0
MrBurns 2018 MAY 5 2 30 2.0 0.0 0.0 15093276.0000 218444.0 718360.0 0.0 0.0 12.0 23.0 72.0 0.0 0.0 100.0 0.0 0.0
MrBurns 2018 MAY 5 2 40 1.0 0.0 0.0 15093412.0000 218796.0 718376.0 0.0 0.0 10.0 23.0 72.0 0.0 0.0 100.0 0.0 0.0
MrBurns 2018 MAY 5 2 50 3.0 0.0 0.0 15093284.0000 219060.0 718396.0 0.0 0.0 8.0 24.0 73.0 0.0 0.0 100.0 0.0 0.0
MrBurns 2018 MAY 5 3 0 3.0 0.0 0.0 15092688.0000 219260.0 718416.0 0.0 0.0 10.0 29.0 91.0 0.0 0.0 100.0 0.0 0.0
MrBurns 2018 MAY 5 3 10 4.0 0.0 0.0 15092596.0000 219660.0 718440.0 0.0 0.0 8.0 25.0 81.0 0.0 0.0 100.0 0.0 0.0
MrBurns 2018 MAY 5 3 20 2.0 0.0 0.0 15092052.0000 219864.0 718464.0 0.0 0.0 7.0 23.0 71.0 0.0 0.0 100.0 0.0 0.0
MrBurns 2018 MAY 5 3 30 1.0 0.0 0.0 15876884.0000 219880.0 718464.0 0.0 0.0 8.0 24.0 73.0 0.0 0.0 100.0 1.0 0.0
MrBurns 2018 MAY 5 3 40 0.0 0.0 0.0 15876856.0000 41868.0 195888.0 0.0 0.0 8.0 24.0 74.0 0.0 0.0 100.0 0.0 0.0
MrBurns 2018 MAY 5 3 50 1.0 1.0 0.0 15875972.0000 164148.0 489580.0 0.0 0.0 6379.0 1982.0 2254.0 18.0 1.0 100.0 22.0 0.0
MrBurns 2018 MAY 5 4 0 5.0 0.0 0.0 15396616.0000 164484.0 489480.0 0.0 0.0 8.0 26.0 86.0 0.0 0.0 100.0 0.0 0.0
MrBurns 2018 MAY 5 4 10 3.0 0.0 0.0 15396448.0000 164896.0 489496.0 0.0 0.0 16.0 23.0 73.0 0.0 0.0 100.0 0.0 0.0
MrBurns 2018 MAY 5 4 20 2.0 0.0 0.0 15395712.0000 165448.0 489520.0 0.0 0.0 8.0 25.0 82.0 0.0 0.0 100.0 0.0 0.0
MrBurns 2018 MAY 5 4 30 3.0 0.0 0.0 15395140.0000 165848.0 489544.0 0.0 0.0 12.0 23.0 74.0 0.0 0.0 100.0 0.0 0.0
MrBurns 2018 MAY 5 4 40 2.0 0.0 0.0 15394708.0000 166304.0 489564.0 0.0 0.0 8.0 24.0 80.0 0.0 0.0 100.0 0.0 0.0
MrBurns 2018 MAY 5 4 50 3.0 1.0 0.0 15394196.0000 166812.0 489584.0 0.0 0.0 9.0 23.0 75.0 0.0 0.0 100.0 0.0 0.0
MrBurns 2018 MAY 5 5 0 6.0 0.0 0.0 15393836.0000 167132.0 489604.0 0.0 0.0 8.0 24.0 80.0 0.0 0.0 100.0 0.0 0.0
MrBurns 2018 MAY 5 5 10 4.0 0.0 0.0 15393432.0000 167568.0 489616.0 0.0 0.0 8.0 23.0 72.0 0.0 0.0 100.0 0.0 0.0
MrBurns 2018 MAY 5 5 20 5.0 1.0 0.0 15392868.0000 168076.0 489636.0 0.0 0.0 8.0 25.0 83.0 0.0 0.0 100.0 0.0 0.0
MrBurns 2018 MAY 5 5 30 4.0 0.0 0.0 15392492.0000 168396.0 489656.0 0.0 0.0 7.0 23.0 73.0 0.0 0.0 100.0 0.0 0.0
MrBurns 2018 MAY 5 5 40 5.0 0.0 0.0 15391540.0000 168856.0 489680.0 0.0 0.0 9.0 25.0 79.0 0.0 0.0 100.0 0.0 0.0
MrBurns 2018 MAY 5 5 50 3.0 1.0 0.0 15391572.0000 169384.0 489720.0 0.0 0.0 10.0 25.0 84.0 0.0 0.0 100.0 0.0 0.0
MrBurns 2018 MAY 5 6 0 6.0 1.0 0.0 15390892.0000 171984.0 711892.0 0.0 0.0 5114.0 189.0 1051.0 1.0 1.0 100.0 6.0 0.0
MrBurns 2018 MAY 5 6 10 3.0 0.0 0.0 15156892.0000 172484.0 711920.0 0.0 0.0 14.0 27.0 97.0 0.0 0.0 100.0 0.0 0.0
MrBurns 2018 MAY 5 6 20 2.0 0.0 0.0 15156592.0000 172980.0 711944.0 0.0 0.0 7.0 25.0 82.0 0.0 0.0 100.0 0.0 0.0
MrBurns 2018 MAY 5 6 30 3.0 0.0 0.0 15155996.0000 173332.0 711956.0 0.0 0.0 10.0 25.0 82.0 0.0 0.0 100.0 0.0 0.0
MrBurns 2018 MAY 5 6 40 2.0 0.0 0.0 15155732.0000 173856.0 711972.0 0.0 0.0 7.0 25.0 83.0 0.0 0.0 100.0 0.0 0.0
MrBurns 2018 MAY 5 6 50 4.0 0.0 0.0 15154908.0000 174276.0 712000.0 0.0 0.0 10.0 24.0 82.0 0.0 0.0 100.0 0.0 0.0
MrBurns 2018 MAY 5 7 0 4.0 0.0 0.0 15154808.0000 174616.0 712016.0 0.0 0.0 9.0 25.0 82.0 0.0 0.0 100.0 0.0 0.0
MrBurns 2018 MAY 5 7 10 3.0 0.0 0.0 15154004.0000 175172.0 712036.0 0.0 0.0 12.0 25.0 82.0 0.0 0.0 100.0 0.0 0.0
MrBurns 2018 MAY 5 7 20 2.0 0.0 0.0 15153428.0000 175592.0 712056.0 0.0 0.0 10.0 26.0 98.0 0.0 0.0 100.0 0.0 0.0
MrBurns 2018 MAY 5 7 30 3.0 0.0 0.0 15153032.0000 175936.0 712088.0 0.0 0.0 9.0 25.0 82.0 0.0 0.0 100.0 0.0 0.0
MrBurns 2018 MAY 5 7 40 2.0 0.0 0.0 15152744.0000 176500.0 712104.0 0.0 0.0 10.0 24.0 81.0 0.0 0.0 100.0 0.0 0.0
MrBurns 2018 MAY 5 7 50 2.0 0.0 0.0 15151892.0000 176860.0 712120.0 0.0 0.0 9.0 24.0 78.0 0.0 0.0 100.0 0.0 0.0
MrBurns 2018 MAY 5 8 0 1.0 0.0 0.0 15151680.0000 177208.0 712140.0 0.0 0.0 7.0 24.0 82.0 0.0 0.0 100.0 0.0 0.0
MrBurns 2018 MAY 5 8 10 3.0 0.0 0.0 15151072.0000 177780.0 712164.0 0.0 0.0 8.0 23.0 75.0 0.0 0.0 100.0 0.0 0.0
MrBurns 2018 MAY 5 8 20 2.0 0.0 0.0 15150708.0000 178108.0 712184.0 0.0 0.0 7.0 23.0 75.0 0.0 0.0 100.0 0.0 0.0
MrBurns 2018 MAY 5 8 30 2.0 0.0 0.0 15150024.0000 178492.0 712200.0 0.0 0.0 9.0 23.0 73.0 0.0 0.0 100.0 0.0 0.0
MrBurns 2018 MAY 5 8 40 2.0 0.0 0.0 15149868.0000 179044.0 712216.0 0.0 0.0 7.0 23.0 75.0 0.0 0.0 100.0 0.0 0.0
MrBurns 2018 MAY 5 8 50 3.0 0.0 0.0 15148680.0000 179368.0 712244.0 0.0 0.0 9.0 24.0 74.0 0.0 0.0 100.0 0.0 0.0
MrBurns 2018 MAY 5 9 0 2.0 0.0 0.0 15148712.0000 179776.0 712264.0 0.0 0.0 8.0 24.0 77.0 0.0 0.0 100.0 0.0 0.0
MrBurns 2018 MAY 5 9 10 2.0 0.0 0.0 15147956.0000 180332.0 712280.0 0.0 0.0 9.0 24.0 76.0 0.0 0.0 100.0 0.0 0.0
MrBurns 2018 MAY 5 9 20 3.0 0.0 0.0 15147216.0000 180676.0 712300.0 0.0 0.0 11.0 24.0 79.0 0.0 0.0 100.0 0.0 0.0
MrBurns 2018 MAY 5 9 30 3.0 0.0 0.0 15147464.0000 181096.0 712324.0 0.0 0.0 9.0 23.0 74.0 0.0 0.0 100.0 0.0 0.0
MrBurns 2018 MAY 5 9 40 4.0 0.0 0.0 15146892.0000 181604.0 712340.0 0.0 0.0 9.0 24.0 79.0 0.0 0.0 100.0 0.0 0.0
MrBurns 2018 MAY 5 9 50 2.0 0.0 0.0 15146180.0000 181932.0 712364.0 0.0 0.0 8.0 23.0 68.0 0.0 0.0 100.0 0.0 0.0
MrBurns 2018 MAY 5 10 0 4.0 0.0 0.0 15146308.0000 182400.0 712384.0 0.0 0.0 8.0 24.0 82.0 0.0 0.0 100.0 0.0 0.0
MrBurns 2018 MAY 5 10 10 2.0 0.0 0.0 15145728.0000 182892.0 712400.0 0.0 0.0 8.0 23.0 73.0 0.0 0.0 100.0 0.0 0.0
MrBurns 2018 MAY 5 10 20 5.0 0.0 0.0 15144472.0000 183244.0 712420.0 0.0 0.0 11.0 24.0 80.0 0.0 0.0 100.0 0.0 0.0
MrBurns 2018 MAY 5 10 30 3.0 0.0 0.0 15144256.0000 183704.0 712436.0 0.0 0.0 8.0 23.0 74.0 0.0 0.0 100.0 0.0 0.0
MrBurns 2018 MAY 5 10 40 3.0 0.0 0.0 15143968.0000 184152.0 712460.0 0.0 0.0 7.0 24.0 78.0 0.0 0.0 100.0 0.0 0.0
MrBurns 2018 MAY 5 10 50 3.0 0.0 0.0 15143712.0000 184472.0 712484.0 0.0 0.0 7.0 24.0 74.0 0.0 0.0 100.0 0.0 0.0
MrBurns 2018 MAY 5 11 0 4.0 0.0 0.0 15143184.0000 184972.0 712500.0 0.0 0.0 9.0 25.0 82.0 0.0 0.0 100.0 0.0 0.0
MrBurns 2018 MAY 5 11 10 1.0 0.0 0.0 15142116.0000 185464.0 712520.0 0.0 0.0 9.0 24.0 73.0 0.0 0.0 100.0 0.0 0.0
MrBurns 2018 MAY 5 11 20 2.0 0.0 0.0 15141480.0000 185804.0 712540.0 0.0 0.0 8.0 25.0 79.0 0.0 0.0 100.0 0.0 0.0
MrBurns 2018 MAY 5 11 30 4.0 0.0 0.0 15141276.0000 186304.0 712564.0 0.0 0.0 8.0 24.0 76.0 0.0 0.0 100.0 0.0 0.0
MrBurns 2018 MAY 5 11 40 2.0 0.0 0.0 15140628.0000 186712.0 712584.0 0.0 0.0 9.0 24.0 78.0 0.0 0.0 100.0 0.0 0.0
MrBurns 2018 MAY 5 11 50 1.0 0.0 0.0 15140348.0000 187060.0 712596.0 0.0 0.0 7.0 23.0 75.0 0.0 0.0 100.0 0.0 0.0
MrBurns 2018 MAY 5 12 0 2.0 0.0 0.0 15139628.0000 187612.0 712616.0 0.0 0.0 9.0 25.0 82.0 0.0 0.0 100.0 0.0 0.0
MrBurns 2018 MAY 5 12 10 3.0 0.0 0.0 15139324.0000 187996.0 712640.0 0.0 0.0 6.0 25.0 81.0 0.0 0.0 100.0 0.0 0.0
MrBurns 2018 MAY 5 12 20 2.0 0.0 0.0 15138724.0000 188352.0 712660.0 0.0 0.0 8.0 24.0 81.0 0.0 0.0 100.0 0.0 0.0
MrBurns 2018 MAY 5 12 30 3.0 0.0 0.0 15138280.0000 188920.0 712680.0 0.0 0.0 9.0 25.0 83.0 0.0 0.0 100.0 0.0 0.0
MrBurns 2018 MAY 5 12 40 2.0 0.0 0.0 15138216.0000 189264.0 712704.0 0.0 0.0 8.0 24.0 80.0 0.0 0.0 100.0 0.0 0.0
MrBurns 2018 MAY 5 12 50 4.0 0.0 0.0 15137748.0000 189616.0 712720.0 0.0 0.0 10.0 24.0 79.0 0.0 0.0 100.0 0.0 0.0
MrBurns 2018 MAY 5 13 0 5.0 0.0 0.0 15137256.0000 190208.0 712740.0 0.0 0.0 8.0 25.0 84.0 0.0 0.0 100.0 0.0 0.0
MrBurns 2018 MAY 5 13 10 3.0 0.0 0.0 15136736.0000 190540.0 712760.0 0.0 0.0 8.0 25.0 81.0 0.0 0.0 100.0 0.0 0.0
MrBurns 2018 MAY 5 13 20 2.0 0.0 0.0 15136408.0000 190904.0 712780.0 0.0 0.0 9.0 24.0 80.0 0.0 0.0 100.0 0.0 0.0
MrBurns 2018 MAY 5 13 30 3.0 0.0 0.0 15135964.0000 191488.0 712796.0 0.0 0.0 7.0 25.0 82.0 0.0 0.0 100.0 0.0 0.0
MrBurns 2018 MAY 5 13 40 1.0 0.0 0.0 15134920.0000 191884.0 712816.0 0.0 0.0 7.0 24.0 80.0 0.0 0.0 100.0 0.0 0.0
MrBurns 2018 MAY 5 13 50 3.0 0.0 0.0 15134408.0000 192324.0 712836.0 0.0 0.0 9.0 24.0 76.0 0.0 0.0 100.0 0.0 0.0
MrBurns 2018 MAY 5 14 0 2.0 1.0 0.0 15133684.0000 192868.0 712864.0 0.0 0.0 9.0 23.0 73.0 0.0 0.0 100.0 0.0 0.0
MrBurns 2018 MAY 5 14 10 2.0 0.0 0.0 15132976.0000 193236.0 712880.0 0.0 0.0 9.0 22.0 70.0 0.0 0.0 100.0 0.0 0.0
MrBurns 2018 MAY 5 14 20 2.0 0.0 0.0 15133068.0000 193692.0 712900.0 0.0 0.0 8.0 23.0 74.0 0.0 0.0 100.0 0.0 0.0
MrBurns 2018 MAY 5 14 30 3.0 0.0 0.0 15132028.0000 194204.0 712920.0 0.0 0.0 8.0 24.0 72.0 0.0 0.0 100.0 0.0 0.0
MrBurns 2018 MAY 5 14 40 2.0 0.0 0.0 15131488.0000 194528.0 712940.0 0.0 0.0 10.0 25.0 79.0 0.0 0.0 100.0 0.0 0.0
MrBurns 2018 MAY 5 14 50 2.0 0.0 0.0 15131600.0000 195000.0 712960.0 0.0 0.0 7.0 23.0 75.0 0.0 0.0 100.0 0.0 0.0
MrBurns 2018 MAY 5 15 0 2.0 1.0 0.0 15131396.0000 195448.0 712980.0 0.0 0.0 7.0 26.0 83.0 0.0 0.0 100.0 0.0 0.0
MrBurns 2018 MAY 5 15 10 2.0 0.0 0.0 15130344.0000 195772.0 712996.0 0.0 0.0 9.0 24.0 71.0 0.0 0.0 100.0 0.0 0.0
MrBurns 2018 MAY 5 15 20 2.0 0.0 0.0 15130128.0000 196284.0 713020.0 0.0 0.0 10.0 24.0 79.0 0.0 0.0 100.0 0.0 0.0
MrBurns 2018 MAY 5 15 30 2.0 0.0 0.0 15129640.0000 196700.0 713044.0 0.0 0.0 10.0 23.0 72.0 0.0 0.0 100.0 0.0 0.0
MrBurns 2018 MAY 5 15 40 2.0 0.0 0.0 15128920.0000 197032.0 713060.0 0.0 0.0 9.0 25.0 78.0 0.0 0.0 100.0 0.0 0.0
MrBurns 2018 MAY 5 15 50 3.0 0.0 0.0 15128840.0000 197564.0 713076.0 0.0 0.0 9.0 23.0 75.0 0.0 0.0 100.0 0.0 0.0
MrBurns 2018 MAY 5 16 0 3.0 0.0 0.0 15128420.0000 197964.0 713096.0 0.0 0.0 9.0 25.0 82.0 0.0 0.0 100.0 0.0 0.0
MrBurns 2018 MAY 5 16 10 3.0 0.0 0.0 15127668.0000 198308.0 713120.0 0.0 0.0 8.0 24.0 73.0 0.0 0.0 100.0 0.0 0.0
MrBurns 2018 MAY 5 16 20 2.0 0.0 0.0 15127560.0000 198852.0 713140.0 0.0 0.0 9.0 25.0 83.0 0.0 0.0 100.0 0.0 0.0
MrBurns 2018 MAY 5 16 30 1.0 0.0 0.0 15126988.0000 199276.0 713156.0 0.0 0.0 8.0 23.0 74.0 0.0 0.0 100.0 0.0 0.0
MrBurns 2018 MAY 5 16 40 2.0 0.0 0.0 15126936.0000 199600.0 713180.0 0.0 0.0 8.0 24.0 79.0 0.0 0.0 100.0 0.0 0.0
MrBurns 2018 MAY 5 16 50 3.0 0.0 0.0 15126016.0000 200144.0 713196.0 0.0 0.0 9.0 24.0 74.0 0.0 0.0 100.0 0.0 0.0
MrBurns 2018 MAY 5 17 0 3.0 0.0 0.0 15125656.0000 200532.0 713216.0 0.0 0.0 8.0 25.0 82.0 0.0 0.0 100.0 0.0 0.0
MrBurns 2018 MAY 5 17 10 3.0 0.0 0.0 15124888.0000 200868.0 713240.0 0.0 0.0 8.0 23.0 74.0 0.0 0.0 100.0 0.0 0.0
MrBurns 2018 MAY 5 17 20 2.0 0.0 0.0 15124856.0000 201468.0 713256.0 0.0 0.0 9.0 25.0 83.0 0.0 0.0 100.0 0.0 0.0
MrBurns 2018 MAY 5 17 30 3.0 1.0 0.0 15123752.0000 201852.0 713276.0 0.0 0.0 9.0 23.0 74.0 0.0 0.0 100.0 0.0 0.0
MrBurns 2018 MAY 5 17 40 2.0 0.0 0.0 15123632.0000 202168.0 713300.0 0.0 0.0 9.0 24.0 79.0 0.0 0.0 100.0 0.0 0.0
MrBurns 2018 MAY 5 17 50 3.0 0.0 0.0 15123240.0000 202744.0 713316.0 0.0 0.0 8.0 24.0 80.0 0.0 0.0 100.0 0.0 0.0
MrBurns 2018 MAY 5 18 0 5.0 1.0 0.0 15122488.0000 203056.0 713340.0 0.0 0.0 13.0 26.0 84.0 0.0 0.0 100.0 0.0 0.0
MrBurns 2018 MAY 5 18 10 2.0 0.0 0.0 15122532.0000 203388.0 713360.0 0.0 0.0 7.0 25.0 81.0 0.0 0.0 100.0 0.0 0.0
MrBurns 2018 MAY 5 18 20 5.0 0.0 0.0 15121628.0000 203932.0 713376.0 0.0 0.0 12.0 25.0 82.0 0.0 0.0 100.0 0.0 0.0
MrBurns 2018 MAY 5 18 30 3.0 0.0 0.0 15121480.0000 204244.0 713400.0 0.0 0.0 13.0 25.0 82.0 0.0 0.0 100.0 0.0 0.0
MrBurns 2018 MAY 5 18 40 3.0 0.0 0.0 15120948.0000 204500.0 713416.0 0.0 0.0 8.0 24.0 81.0 0.0 0.0 100.0 0.0 0.0
MrBurns 2018 MAY 5 18 50 3.0 0.0 0.0 15120500.0000 204904.0 713436.0 0.0 0.0 8.0 24.0 80.0 0.0 0.0 100.0 0.0 0.0
MrBurns 2018 MAY 5 19 0 2.0 0.0 0.0 15120252.0000 205116.0 713456.0 0.0 0.0 9.0 25.0 84.0 0.0 0.0 100.0 0.0 0.0
MrBurns 2018 MAY 5 19 10 3.0 0.0 0.0 15120112.0000 205512.0 713476.0 0.0 0.0 7.0 23.0 73.0 0.0 0.0 100.0 0.0 0.0
MrBurns 2018 MAY 5 19 20 4.0 0.0 0.0 15119576.0000 205968.0 713500.0 0.0 0.0 9.0 24.0 75.0 0.0 0.0 100.0 0.0 0.0
MrBurns 2018 MAY 5 19 30 2.0 0.0 0.0 15118824.0000 206264.0 713520.0 0.0 0.0 10.0 23.0 68.0 0.0 0.0 100.0 0.0 0.0
MrBurns 2018 MAY 5 19 40 4.0 0.0 0.0 15118572.0000 206552.0 713536.0 0.0 0.0 8.0 23.0 72.0 0.0 0.0 100.0 0.0 0.0
MrBurns 2018 MAY 5 19 50 2.0 0.0 0.0 15118284.0000 206868.0 713556.0 0.0 0.0 9.0 24.0 73.0 0.0 0.0 100.0 0.0 0.0
MrBurns 2018 MAY 5 20 0 3.0 0.0 0.0 15118084.0000 207096.0 713580.0 0.0 0.0 8.0 23.0 73.0 0.0 0.0 100.0 0.0 0.0
MrBurns 2018 MAY 5 20 10 2.0 0.0 0.0 15117924.0000 207436.0 713596.0 0.0 0.0 8.0 23.0 72.0 0.0 0.0 100.0 0.0 0.0
MrBurns 2018 MAY 5 20 20 2.0 0.0 0.0 15117108.0000 207708.0 713616.0 0.0 0.0 7.0 24.0 80.0 0.0 0.0 100.0 0.0 0.0
MrBurns 2018 MAY 5 20 30 1.0 0.0 0.0 15117016.0000 207916.0 713636.0 0.0 0.0 7.0 23.0 73.0 0.0 0.0 100.0 0.0 0.0
MrBurns 2018 MAY 5 20 40 2.0 0.0 0.0 15116768.0000 208260.0 713652.0 0.0 0.0 9.0 25.0 83.0 0.0 0.0 100.0 0.0 0.0
MrBurns 2018 MAY 5 20 50 2.0 0.0 0.0 15116060.0000 208592.0 713680.0 0.0 0.0 11.0 24.0 72.0 0.0 0.0 100.0 0.0 0.0
MrBurns 2018 MAY 5 21 0 2.0 0.0 0.0 15115780.0000 208804.0 713696.0 0.0 0.0 9.0 25.0 82.0 0.0 0.0 100.0 0.0 0.0
MrBurns 2018 MAY 5 21 10 2.0 0.0 0.0 15115656.0000 209208.0 713712.0 0.0 0.0 9.0 22.0 73.0 0.0 0.0 100.0 0.0 0.0
MrBurns 2018 MAY 5 21 20 2.0 1.0 0.0 15115136.0000 209456.0 713736.0 0.0 0.0 9.0 24.0 77.0 0.0 0.0 100.0 0.0 0.0
MrBurns 2018 MAY 5 21 30 1.0 0.0 0.0 15114928.0000 209660.0 713752.0 0.0 0.0 9.0 24.0 73.0 0.0 0.0 100.0 0.0 0.0
MrBurns 2018 MAY 5 21 40 2.0 1.0 0.0 15114920.0000 210060.0 713776.0 0.0 0.0 11.0 24.0 79.0 0.0 0.0 100.0 0.0 0.0
MrBurns 2018 MAY 5 21 50 4.0 1.0 0.0 15114184.0000 210360.0 713800.0 0.0 0.0 10.0 23.0 73.0 0.0 0.0 100.0 0.0 0.0
MrBurns 2018 MAY 5 22 0 2.0 0.0 0.0 15113936.0000 210664.0 713816.0 0.0 0.0 8.0 26.0 81.0 0.0 0.0 100.0 0.0 0.0
MrBurns 2018 MAY 5 22 10 2.0 0.0 0.0 15113612.0000 211164.0 713832.0 0.0 0.0 10.0 24.0 72.0 0.0 0.0 100.0 0.0 0.0
MrBurns 2018 MAY 5 22 20 2.0 0.0 0.0 15112912.0000 211488.0 713860.0 0.0 0.0 8.0 25.0 81.0 0.0 0.0 100.0 0.0 0.0
MrBurns 2018 MAY 5 22 30 3.0 0.0 0.0 15112688.0000 211788.0 713880.0 0.0 0.0 9.0 23.0 73.0 0.0 0.0 100.0 0.0 0.0
MrBurns 2018 MAY 5 22 40 6.0 0.0 0.0 15112420.0000 212288.0 713896.0 0.0 0.0 7.0 25.0 80.0 0.0 0.0 100.0 0.0 0.0
MrBurns 2018 MAY 5 22 50 2.0 0.0 0.0 15111692.0000 212568.0 713912.0 0.0 0.0 8.0 23.0 74.0 0.0 0.0 100.0 0.0 0.0
MrBurns 2018 MAY 5 23 0 2.0 0.0 0.0 15111628.0000 212856.0 713976.0 0.0 0.0 21.0 28.0 86.0 0.0 0.0 100.0 0.0 0.0
MrBurns 2018 MAY 5 23 10 3.0 0.0 0.0 15111076.0000 213376.0 714004.0 0.0 0.0 9.0 26.0 82.0 0.0 0.0 100.0 0.0 0.0
MrBurns 2018 MAY 5 23 20 2.0 0.0 0.0 15110460.0000 213680.0 714020.0 0.0 0.0 10.0 26.0 83.0 0.0 0.0 100.0 0.0 0.0
MrBurns 2018 MAY 5 23 30 3.0 0.0 0.0 15109972.0000 214000.0 714040.0 0.0 0.0 10.0 25.0 83.0 0.0 0.0 100.0 0.0 0.0
MrBurns 2018 MAY 5 23 40 2.0 1.0 0.0 15109932.0000 214504.0 714064.0 0.0 0.0 8.0 26.0 81.0 0.0 0.0 100.0 0.0 0.0
