MrBurns 2018 MAY 3 0 0 2.0 0.0 0.0 15103976.0000 214544.0 716616.0 0.0 0.0 11.0 24.0 79.0 0.0 0.0 100.0 0.0 0.0
MrBurns 2018 MAY 3 0 10 4.0 0.0 0.0 15103744.0000 214984.0 716640.0 0.0 0.0 7.0 25.0 84.0 0.0 0.0 100.0 0.0 0.0
MrBurns 2018 MAY 3 0 20 4.0 0.0 0.0 15103000.0000 215280.0 716656.0 0.0 0.0 6.0 24.0 80.0 0.0 0.0 100.0 0.0 0.0
MrBurns 2018 MAY 3 0 30 2.0 2.0 0.0 15102904.0000 215684.0 717260.0 0.0 0.0 71.0 78.0 220.0 1.0 0.0 100.0 1.0 0.0
MrBurns 2018 MAY 3 0 40 2.0 0.0 0.0 15102852.0000 215936.0 716224.0 0.0 0.0 9.0 24.0 83.0 0.0 0.0 100.0 0.0 0.0
MrBurns 2018 MAY 3 0 50 3.0 0.0 0.0 15102588.0000 216148.0 716248.0 0.0 0.0 7.0 24.0 79.0 0.0 0.0 100.0 0.0 0.0
MrBurns 2018 MAY 3 1 0 6.0 0.0 0.0 15102224.0000 216540.0 716268.0 0.0 0.0 8.0 25.0 80.0 0.0 0.0 100.0 0.0 0.0
MrBurns 2018 MAY 3 1 10 0.0 0.0 0.0 15101612.0000 216808.0 716292.0 0.0 0.0 8.0 26.0 84.0 0.0 0.0 100.0 0.0 0.0
MrBurns 2018 MAY 3 1 20 2.0 0.0 0.0 15101668.0000 217020.0 716308.0 0.0 0.0 8.0 23.0 73.0 0.0 0.0 100.0 0.0 0.0
MrBurns 2018 MAY 3 1 30 2.0 0.0 0.0 15101232.0000 217448.0 716324.0 0.0 0.0 11.0 24.0 75.0 0.0 0.0 100.0 0.0 0.0
MrBurns 2018 MAY 3 1 40 3.0 0.0 0.0 15101288.0000 217684.0 716340.0 0.0 0.0 9.0 24.0 71.0 0.0 0.0 100.0 0.0 0.0
MrBurns 2018 MAY 3 1 50 2.0 0.0 0.0 15100536.0000 217920.0 716368.0 0.0 0.0 7.0 22.0 72.0 0.0 0.0 100.0 0.0 0.0
MrBurns 2018 MAY 3 2 0 1.0 0.0 0.0 15100628.0000 218276.0 716384.0 0.0 0.0 8.0 23.0 73.0 0.0 0.0 100.0 0.0 0.0
MrBurns 2018 MAY 3 2 10 3.0 1.0 0.0 15099984.0000 218492.0 716404.0 0.0 0.0 7.0 25.0 85.0 0.0 0.0 100.0 0.0 0.0
MrBurns 2018 MAY 3 2 20 3.0 0.0 0.0 15099512.0000 218768.0 716424.0 0.0 0.0 8.0 22.0 73.0 0.0 0.0 100.0 0.0 0.0
MrBurns 2018 MAY 3 2 30 4.0 1.0 0.0 15099776.0000 219168.0 716448.0 0.0 0.0 8.0 24.0 81.0 0.0 0.0 100.0 0.0 0.0
MrBurns 2018 MAY 3 2 40 2.0 0.0 0.0 15099188.0000 219360.0 716468.0 0.0 0.0 9.0 22.0 71.0 0.0 0.0 100.0 0.0 0.0
MrBurns 2018 MAY 3 2 50 4.0 0.0 0.0 15098460.0000 219664.0 716488.0 0.0 0.0 8.0 24.0 80.0 0.0 0.0 100.0 0.0 0.0
MrBurns 2018 MAY 3 3 0 2.0 0.0 0.0 15098448.0000 220024.0 716504.0 0.0 0.0 14.0 29.0 90.0 0.0 0.0 100.0 0.0 0.0
MrBurns 2018 MAY 3 3 10 3.0 0.0 0.0 15098128.0000 220228.0 716528.0 0.0 0.0 8.0 24.0 81.0 0.0 0.0 100.0 0.0 0.0
MrBurns 2018 MAY 3 3 20 2.0 0.0 0.0 15098204.0000 220512.0 716544.0 0.0 0.0 8.0 22.0 72.0 0.0 0.0 100.0 0.0 0.0
MrBurns 2018 MAY 3 3 30 1.0 1.0 0.0 15874692.0000 220540.0 716544.0 0.0 0.0 10390.0 1365.0 1975.0 16.0 2.0 100.0 22.0 0.0
MrBurns 2018 MAY 3 3 40 2.0 0.0 0.0 15381116.0000 166328.0 493000.0 0.0 0.0 8.0 25.0 80.0 0.0 0.0 100.0 0.0 0.0
MrBurns 2018 MAY 3 3 50 1.0 0.0 0.0 15380284.0000 166688.0 493020.0 0.0 0.0 30.0 24.0 75.0 0.0 0.0 100.0 1.0 0.0
MrBurns 2018 MAY 3 4 0 3.0 0.0 0.0 15380160.0000 167188.0 493040.0 0.0 0.0 9.0 25.0 85.0 0.0 0.0 100.0 0.0 0.0
MrBurns 2018 MAY 3 4 10 2.0 0.0 0.0 15379368.0000 167632.0 493056.0 0.0 0.0 18.0 23.0 73.0 0.0 0.0 100.0 0.0 0.0
MrBurns 2018 MAY 3 4 20 2.0 0.0 0.0 15378824.0000 167976.0 493080.0 0.0 0.0 8.0 24.0 81.0 0.0 0.0 100.0 0.0 0.0
MrBurns 2018 MAY 3 4 30 3.0 0.0 0.0 15378992.0000 168504.0 493104.0 0.0 0.0 13.0 23.0 73.0 0.0 0.0 100.0 0.0 0.0
MrBurns 2018 MAY 3 4 40 4.0 0.0 0.0 15377832.0000 168904.0 493120.0 0.0 0.0 7.0 25.0 81.0 0.0 0.0 100.0 0.0 0.0
MrBurns 2018 MAY 3 4 50 3.0 0.0 0.0 15377420.0000 169244.0 493140.0 0.0 0.0 10.0 24.0 74.0 0.0 0.0 100.0 0.0 0.0
MrBurns 2018 MAY 3 5 0 4.0 0.0 0.0 15377476.0000 169808.0 493152.0 0.0 0.0 8.0 25.0 83.0 0.0 0.0 100.0 0.0 0.0
MrBurns 2018 MAY 3 5 10 3.0 0.0 0.0 15376320.0000 170216.0 493172.0 0.0 0.0 9.0 23.0 74.0 0.0 0.0 100.0 0.0 0.0
MrBurns 2018 MAY 3 5 20 4.0 0.0 0.0 15376536.0000 170552.0 493196.0 0.0 0.0 9.0 25.0 81.0 0.0 0.0 100.0 0.0 0.0
MrBurns 2018 MAY 3 5 30 2.0 0.0 0.0 15375720.0000 171120.0 493220.0 0.0 0.0 9.0 24.0 75.0 0.0 0.0 100.0 0.0 0.0
MrBurns 2018 MAY 3 5 40 2.0 0.0 0.0 15375464.0000 171480.0 493240.0 0.0 0.0 8.0 24.0 80.0 0.0 0.0 100.0 0.0 0.0
MrBurns 2018 MAY 3 5 50 2.0 1.0 0.0 15374756.0000 171808.0 493280.0 0.0 0.0 8.0 25.0 83.0 0.0 0.0 100.0 0.0 0.0
MrBurns 2018 MAY 3 6 0 1.0 0.0 0.0 15373984.0000 174620.0 715436.0 0.0 0.0 4951.0 193.0 1054.0 1.0 1.0 100.0 6.0 0.0
MrBurns 2018 MAY 3 6 10 2.0 0.0 0.0 15139960.0000 174996.0 715464.0 0.0 0.0 11.0 24.0 81.0 0.0 0.0 100.0 0.0 0.0
MrBurns 2018 MAY 3 6 20 2.0 0.0 0.0 15140068.0000 175376.0 715484.0 0.0 0.0 9.0 25.0 82.0 0.0 0.0 100.0 0.0 0.0
MrBurns 2018 MAY 3 6 30 3.0 0.0 0.0 15139128.0000 175936.0 715500.0 0.0 0.0 10.0 26.0 86.0 0.0 0.0 100.0 0.0 0.0
MrBurns 2018 MAY 3 6 40 2.0 0.0 0.0 15138808.0000 176256.0 715520.0 0.0 0.0 9.0 25.0 82.0 0.0 0.0 100.0 0.0 0.0
MrBurns 2018 MAY 3 6 50 2.0 0.0 0.0 15138596.0000 176660.0 715544.0 0.0 0.0 9.0 25.0 82.0 0.0 0.0 100.0 0.0 0.0
MrBurns 2018 MAY 3 7 0 4.0 1.0 0.0 15137852.0000 177208.0 715560.0 0.0 0.0 8.0 25.0 84.0 0.0 0.0 100.0 0.0 0.0
MrBurns 2018 MAY 3 7 10 3.0 0.0 0.0 15137472.0000 177528.0 715580.0 0.0 0.0 8.0 24.0 80.0 0.0 0.0 100.0 0.0 0.0
MrBurns 2018 MAY 3 7 20 1.0 0.0 0.0 15136784.0000 177972.0 715596.0 0.0 0.0 9.0 26.0 95.0 0.0 0.0 100.0 0.0 0.0
MrBurns 2018 MAY 3 7 30 4.0 0.0 0.0 15136384.0000 178464.0 715628.0 0.0 0.0 9.0 24.0 76.0 0.0 0.0 100.0 0.0 0.0
MrBurns 2018 MAY 3 7 40 2.0 0.0 0.0 15135480.0000 178804.0 715648.0 0.0 0.0 9.0 23.0 74.0 0.0 0.0 100.0 0.0 0.0
MrBurns 2018 MAY 3 7 50 3.0 0.0 0.0 15135600.0000 179256.0 715660.0 0.0 0.0 9.0 23.0 74.0 0.0 0.0 100.0 0.0 0.0
MrBurns 2018 MAY 3 8 0 3.0 1.0 0.0 15134500.0000 179760.0 715680.0 0.0 0.0 10.0 24.0 74.0 0.0 0.0 100.0 0.0 0.0
MrBurns 2018 MAY 3 8 10 2.0 0.0 0.0 15134288.0000 180124.0 715712.0 0.0 0.0 9.0 23.0 76.0 0.0 0.0 100.0 0.0 0.0
MrBurns 2018 MAY 3 8 20 3.0 0.0 0.0 15134484.0000 180636.0 715724.0 0.0 0.0 8.0 24.0 74.0 0.0 0.0 100.0 0.0 0.0
MrBurns 2018 MAY 3 8 30 3.0 0.0 0.0 15133692.0000 181108.0 715744.0 0.0 0.0 9.0 24.0 71.0 0.0 0.0 100.0 0.0 0.0
MrBurns 2018 MAY 3 8 40 4.0 0.0 0.0 15132740.0000 181432.0 715760.0 0.0 0.0 8.0 23.0 77.0 0.0 0.0 100.0 0.0 0.0
MrBurns 2018 MAY 3 8 50 5.0 0.0 0.0 15132324.0000 181984.0 715784.0 0.0 0.0 9.0 24.0 74.0 0.0 0.0 100.0 0.0 0.0
MrBurns 2018 MAY 3 9 0 6.0 0.0 0.0 15131944.0000 182368.0 715808.0 0.0 0.0 9.0 24.0 81.0 0.0 0.0 100.0 0.0 0.0
MrBurns 2018 MAY 3 9 10 3.0 0.0 0.0 15131588.0000 182708.0 715820.0 0.0 0.0 8.0 22.0 73.0 0.0 0.0 100.0 0.0 0.0
MrBurns 2018 MAY 3 9 20 2.0 1.0 0.0 15131168.0000 183280.0 715840.0 0.0 0.0 8.0 24.0 79.0 0.0 0.0 100.0 0.0 0.0
MrBurns 2018 MAY 3 9 30 3.0 1.0 0.0 15130756.0000 183640.0 715864.0 0.0 0.0 10.0 22.0 72.0 0.0 0.0 100.0 0.0 0.0
MrBurns 2018 MAY 3 9 40 2.0 0.0 0.0 15129824.0000 183984.0 715880.0 0.0 0.0 8.0 24.0 78.0 0.0 0.0 100.0 0.0 0.0
MrBurns 2018 MAY 3 9 50 2.0 0.0 0.0 15129448.0000 184560.0 715908.0 0.0 0.0 8.0 24.0 76.0 0.0 0.0 100.0 0.0 0.0
MrBurns 2018 MAY 3 10 0 2.0 0.0 0.0 15128940.0000 184900.0 715928.0 0.0 0.0 7.0 24.0 80.0 0.0 0.0 100.0 0.0 0.0
MrBurns 2018 MAY 3 10 10 1.0 0.0 0.0 15128524.0000 185256.0 715944.0 0.0 0.0 8.0 24.0 75.0 0.0 0.0 100.0 0.0 0.0
MrBurns 2018 MAY 3 10 20 2.0 0.0 0.0 15128160.0000 185844.0 715964.0 0.0 0.0 10.0 24.0 79.0 0.0 0.0 100.0 0.0 0.0
MrBurns 2018 MAY 3 10 30 2.0 0.0 0.0 15127420.0000 186176.0 715980.0 0.0 0.0 8.0 23.0 73.0 0.0 0.0 100.0 0.0 0.0
MrBurns 2018 MAY 3 10 40 4.0 0.0 0.0 15127204.0000 186532.0 716000.0 0.0 0.0 8.0 25.0 78.0 0.0 0.0 100.0 0.0 0.0
MrBurns 2018 MAY 3 10 50 3.0 0.0 0.0 15126620.0000 187096.0 716024.0 0.0 0.0 10.0 24.0 75.0 0.0 0.0 100.0 0.0 0.0
MrBurns 2018 MAY 3 11 0 2.0 1.0 0.0 15126064.0000 187424.0 716040.0 0.0 0.0 11.0 25.0 81.0 0.0 0.0 100.0 0.0 0.0
MrBurns 2018 MAY 3 11 10 2.0 0.0 0.0 15125488.0000 187824.0 716060.0 0.0 0.0 8.0 24.0 74.0 0.0 0.0 100.0 0.0 0.0
MrBurns 2018 MAY 3 11 20 6.0 1.0 0.0 15124968.0000 188372.0 716084.0 0.0 0.0 9.0 24.0 81.0 0.0 0.0 100.0 0.0 0.0
MrBurns 2018 MAY 3 11 30 2.0 0.0 0.0 15124384.0000 188692.0 716108.0 0.0 0.0 7.0 25.0 77.0 0.0 0.0 100.0 0.0 0.0
MrBurns 2018 MAY 3 11 40 2.0 0.0 0.0 15124212.0000 189136.0 716128.0 0.0 0.0 12.0 24.0 80.0 0.0 0.0 100.0 0.0 0.0
MrBurns 2018 MAY 3 11 50 3.0 1.0 0.0 15123368.0000 189656.0 716140.0 0.0 0.0 6.0 24.0 79.0 0.0 0.0 100.0 0.0 0.0
MrBurns 2018 MAY 3 12 0 2.0 0.0 0.0 15122916.0000 190016.0 716156.0 0.0 0.0 9.0 26.0 79.0 0.0 0.0 100.0 0.0 0.0
MrBurns 2018 MAY 3 12 10 3.0 0.0 0.0 15122188.0000 190468.0 716184.0 0.0 0.0 10.0 26.0 79.0 0.0 0.0 100.0 0.0 0.0
MrBurns 2018 MAY 3 12 20 2.0 0.0 0.0 15122124.0000 190936.0 716200.0 0.0 0.0 8.0 25.0 80.0 0.0 0.0 100.0 0.0 0.0
MrBurns 2018 MAY 3 12 30 5.0 0.0 0.0 15121548.0000 191256.0 716220.0 0.0 0.0 8.0 26.0 84.0 0.0 0.0 100.0 0.0 0.0
MrBurns 2018 MAY 3 12 40 2.0 0.0 0.0 15120940.0000 191748.0 716240.0 0.0 0.0 8.0 24.0 80.0 0.0 0.0 100.0 0.0 0.0
MrBurns 2018 MAY 3 12 50 3.0 0.0 0.0 15120356.0000 192176.0 716260.0 0.0 0.0 8.0 26.0 79.0 0.0 0.0 100.0 0.0 0.0
MrBurns 2018 MAY 3 13 0 1.0 0.0 0.0 15119900.0000 192508.0 716284.0 0.0 0.0 9.0 24.0 80.0 0.0 0.0 100.0 0.0 0.0
MrBurns 2018 MAY 3 13 10 5.0 1.0 0.0 15119412.0000 193084.0 716304.0 0.0 0.0 8.0 24.0 73.0 0.0 0.0 100.0 0.0 0.0
MrBurns 2018 MAY 3 13 20 2.0 1.0 0.0 15119012.0000 193484.0 716320.0 0.0 0.0 10.0 24.0 74.0 0.0 0.0 100.0 0.0 0.0
MrBurns 2018 MAY 3 13 30 1.0 0.0 0.0 15118380.0000 193824.0 716340.0 0.0 0.0 7.0 23.0 73.0 0.0 0.0 100.0 0.0 0.0
MrBurns 2018 MAY 3 13 40 2.0 0.0 0.0 15117892.0000 194388.0 716356.0 0.0 0.0 7.0 24.0 74.0 0.0 0.0 100.0 0.0 0.0
MrBurns 2018 MAY 3 13 50 3.0 1.0 0.0 15117032.0000 194740.0 716380.0 0.0 0.0 7.0 23.0 74.0 0.0 0.0 100.0 0.0 0.0
MrBurns 2018 MAY 3 14 0 3.0 0.0 0.0 15116780.0000 195088.0 716400.0 0.0 0.0 7.0 23.0 72.0 0.0 0.0 100.0 0.0 0.0
MrBurns 2018 MAY 3 14 10 3.0 0.0 0.0 15116240.0000 195664.0 716420.0 0.0 0.0 10.0 23.0 74.0 0.0 0.0 100.0 0.0 0.0
MrBurns 2018 MAY 3 14 20 2.0 0.0 0.0 15116052.0000 196028.0 716440.0 0.0 0.0 11.0 26.0 79.0 0.0 0.0 100.0 0.0 0.0
MrBurns 2018 MAY 3 14 30 1.0 1.0 0.0 15115296.0000 196384.0 716464.0 0.0 0.0 7.0 23.0 72.0 0.0 0.0 100.0 0.0 0.0
MrBurns 2018 MAY 3 14 40 2.0 0.0 0.0 15114564.0000 196976.0 716476.0 0.0 0.0 10.0 25.0 80.0 0.0 0.0 100.0 0.0 0.0
MrBurns 2018 MAY 3 14 50 3.0 0.0 0.0 15114084.0000 197336.0 716504.0 0.0 0.0 8.0 23.0 72.0 0.0 0.0 100.0 0.0 0.0
MrBurns 2018 MAY 3 15 0 4.0 0.0 0.0 15114160.0000 197676.0 716524.0 0.0 0.0 7.0 25.0 82.0 0.0 0.0 100.0 0.0 0.0
MrBurns 2018 MAY 3 15 10 3.0 0.0 0.0 15113520.0000 198268.0 716544.0 0.0 0.0 8.0 23.0 72.0 0.0 0.0 100.0 0.0 0.0
MrBurns 2018 MAY 3 15 20 2.0 0.0 0.0 15113116.0000 198616.0 716564.0 0.0 0.0 12.0 24.0 81.0 0.0 0.0 100.0 0.0 0.0
MrBurns 2018 MAY 3 15 30 4.0 0.0 0.0 15112448.0000 199012.0 716584.0 0.0 0.0 12.0 24.0 74.0 0.0 0.0 100.0 0.0 0.0
MrBurns 2018 MAY 3 15 40 2.0 1.0 0.0 15111624.0000 199560.0 716600.0 0.0 0.0 11.0 25.0 79.0 0.0 0.0 100.0 0.0 0.0
MrBurns 2018 MAY 3 15 50 4.0 0.0 0.0 15111120.0000 199888.0 716620.0 0.0 0.0 8.0 23.0 71.0 0.0 0.0 100.0 0.0 0.0
MrBurns 2018 MAY 3 16 0 2.0 0.0 0.0 15110664.0000 200308.0 716636.0 0.0 0.0 7.0 24.0 82.0 0.0 0.0 100.0 0.0 0.0
MrBurns 2018 MAY 3 16 10 3.0 1.0 0.0 15110128.0000 200804.0 716660.0 0.0 0.0 10.0 23.0 72.0 0.0 0.0 100.0 0.0 0.0
MrBurns 2018 MAY 3 16 20 2.0 0.0 0.0 15109804.0000 201120.0 716680.0 0.0 0.0 11.0 24.0 78.0 0.0 0.0 100.0 0.0 0.0
MrBurns 2018 MAY 3 16 30 3.0 0.0 0.0 15108992.0000 201532.0 716700.0 0.0 0.0 7.0 23.0 72.0 0.0 0.0 100.0 0.0 0.0
MrBurns 2018 MAY 3 16 40 2.0 0.0 0.0 15108964.0000 201960.0 716728.0 0.0 0.0 7.0 24.0 79.0 0.0 0.0 100.0 0.0 0.0
MrBurns 2018 MAY 3 16 50 3.0 0.0 0.0 15108172.0000 202248.0 716748.0 0.0 0.0 8.0 23.0 71.0 0.0 0.0 100.0 0.0 0.0
MrBurns 2018 MAY 3 17 0 4.0 0.0 0.0 15108264.0000 202620.0 716760.0 0.0 0.0 9.0 24.0 81.0 0.0 0.0 100.0 0.0 0.0
MrBurns 2018 MAY 3 17 10 2.0 0.0 0.0 15107868.0000 203004.0 716780.0 0.0 0.0 8.0 26.0 78.0 0.0 0.0 100.0 0.0 0.0
MrBurns 2018 MAY 3 17 20 3.0 0.0 0.0 15107020.0000 203344.0 716796.0 0.0 0.0 8.0 25.0 79.0 0.0 0.0 100.0 0.0 0.0
MrBurns 2018 MAY 3 17 30 3.0 0.0 0.0 15106680.0000 203840.0 716820.0 0.0 0.0 8.0 25.0 82.0 0.0 0.0 100.0 0.0 0.0
MrBurns 2018 MAY 3 17 40 2.0 0.0 0.0 15106084.0000 204212.0 716840.0 0.0 0.0 8.0 24.0 78.0 0.0 0.0 100.0 0.0 0.0
MrBurns 2018 MAY 3 17 50 3.0 0.0 0.0 15106236.0000 204552.0 716856.0 0.0 0.0 7.0 24.0 81.0 0.0 0.0 100.0 0.0 0.0
MrBurns 2018 MAY 3 18 0 3.0 0.0 0.0 15105524.0000 205068.0 716880.0 0.0 0.0 10.0 25.0 82.0 0.0 0.0 100.0 0.0 0.0
MrBurns 2018 MAY 3 18 10 3.0 1.0 0.0 15104960.0000 205344.0 716904.0 0.0 0.0 9.0 24.0 79.0 0.0 0.0 100.0 0.0 0.0
MrBurns 2018 MAY 3 18 20 2.0 0.0 0.0 15104240.0000 205620.0 716924.0 0.0 0.0 19.0 24.0 78.0 0.0 0.0 100.0 0.0 0.0
MrBurns 2018 MAY 3 18 30 3.0 0.0 0.0 15103972.0000 206072.0 716944.0 0.0 0.0 8.0 25.0 82.0 0.0 0.0 100.0 0.0 0.0
MrBurns 2018 MAY 3 18 40 1.0 0.0 0.0 15103712.0000 206320.0 716960.0 0.0 0.0 9.0 24.0 78.0 0.0 0.0 100.0 0.0 0.0
MrBurns 2018 MAY 3 18 50 3.0 0.0 0.0 15103600.0000 206576.0 716976.0 0.0 0.0 9.0 23.0 71.0 0.0 0.0 100.0 0.0 0.0
MrBurns 2018 MAY 3 19 0 6.0 1.0 0.0 15102828.0000 207040.0 717000.0 0.0 0.0 9.0 23.0 70.0 0.0 0.0 100.0 0.0 0.0
MrBurns 2018 MAY 3 19 10 2.0 0.0 0.0 15102768.0000 207296.0 717016.0 0.0 0.0 8.0 22.0 69.0 0.0 0.0 100.0 0.0 0.0
MrBurns 2018 MAY 3 19 20 2.0 0.0 0.0 15102612.0000 207560.0 717036.0 0.0 0.0 11.0 22.0 72.0 0.0 0.0 100.0 0.0 0.0
MrBurns 2018 MAY 3 19 30 3.0 0.0 0.0 15102264.0000 207928.0 717060.0 0.0 0.0 9.0 23.0 73.0 0.0 0.0 100.0 0.0 0.0
MrBurns 2018 MAY 3 19 40 2.0 0.0 0.0 15101868.0000 208156.0 717080.0 0.0 0.0 9.0 25.0 76.0 0.0 0.0 100.0 0.0 0.0
MrBurns 2018 MAY 3 19 50 3.0 0.0 0.0 15101620.0000 208368.0 717104.0 0.0 0.0 8.0 21.0 70.0 0.0 0.0 100.0 0.0 0.0
MrBurns 2018 MAY 3 20 0 2.0 0.0 0.0 15101364.0000 208592.0 717120.0 0.0 0.0 7.0 26.0 81.0 0.0 0.0 100.0 0.0 0.0
MrBurns 2018 MAY 3 20 10 3.0 0.0 0.0 15101104.0000 208808.0 717140.0 0.0 0.0 8.0 22.0 65.0 0.0 0.0 100.0 0.0 0.0
MrBurns 2018 MAY 3 20 20 2.0 0.0 0.0 15100928.0000 209112.0 717160.0 0.0 0.0 9.0 25.0 81.0 0.0 0.0 100.0 0.0 0.0
MrBurns 2018 MAY 3 20 30 2.0 0.0 0.0 15100656.0000 209472.0 717180.0 0.0 0.0 7.0 23.0 74.0 0.0 0.0 100.0 0.0 0.0
MrBurns 2018 MAY 3 20 40 1.0 1.0 0.0 15100184.0000 209668.0 717196.0 0.0 0.0 10.0 25.0 80.0 0.0 0.0 100.0 0.0 0.0
MrBurns 2018 MAY 3 20 50 3.0 0.0 0.0 15099924.0000 209948.0 717220.0 0.0 0.0 9.0 23.0 71.0 0.0 0.0 100.0 0.0 0.0
MrBurns 2018 MAY 3 21 0 2.0 0.0 0.0 15099492.0000 210284.0 717236.0 0.0 0.0 9.0 25.0 84.0 0.0 0.0 100.0 0.0 0.0
MrBurns 2018 MAY 3 21 10 3.0 0.0 0.0 15099024.0000 210512.0 717256.0 0.0 0.0 7.0 23.0 72.0 0.0 0.0 100.0 0.0 0.0
MrBurns 2018 MAY 3 21 20 5.0 0.0 0.0 15098968.0000 210868.0 717280.0 0.0 0.0 10.0 24.0 81.0 0.0 0.0 100.0 0.0 0.0
MrBurns 2018 MAY 3 21 30 2.0 0.0 0.0 15098792.0000 211160.0 717300.0 0.0 0.0 9.0 23.0 72.0 0.0 0.0 100.0 0.0 0.0
MrBurns 2018 MAY 3 21 40 2.0 0.0 0.0 15098240.0000 211384.0 717320.0 0.0 0.0 7.0 24.0 80.0 0.0 0.0 100.0 0.0 0.0
MrBurns 2018 MAY 3 21 50 4.0 0.0 0.0 15098172.0000 211776.0 717340.0 0.0 0.0 8.0 24.0 74.0 0.0 0.0 100.0 0.0 0.0
MrBurns 2018 MAY 3 22 0 4.0 0.0 0.0 15097096.0000 212164.0 717360.0 0.0 0.0 9.0 25.0 83.0 0.0 0.0 100.0 0.0 0.0
MrBurns 2018 MAY 3 22 10 3.0 0.0 0.0 15097140.0000 212448.0 717380.0 0.0 0.0 8.0 23.0 74.0 0.0 0.0 100.0 0.0 0.0
MrBurns 2018 MAY 3 22 20 3.0 0.0 0.0 15096836.0000 212952.0 717396.0 0.0 0.0 9.0 24.0 82.0 0.0 0.0 100.0 0.0 0.0
MrBurns 2018 MAY 3 22 30 3.0 1.0 0.0 15096004.0000 213268.0 717416.0 0.0 0.0 9.0 24.0 82.0 0.0 0.0 100.0 0.0 0.0
MrBurns 2018 MAY 3 22 40 6.0 0.0 0.0 15095932.0000 213572.0 717436.0 0.0 0.0 8.0 25.0 81.0 0.0 0.0 100.0 0.0 0.0
MrBurns 2018 MAY 3 22 50 2.0 0.0 0.0 15095576.0000 214084.0 717456.0 0.0 0.0 9.0 25.0 82.0 0.0 0.0 100.0 0.0 0.0
MrBurns 2018 MAY 3 23 0 0.0 0.0 0.0 15094664.0000 214480.0 718164.0 0.0 0.0 28.0 39.0 112.0 0.0 0.0 100.0 0.0 0.0
MrBurns 2018 MAY 3 23 10 3.0 0.0 0.0 15093932.0000 214796.0 718184.0 0.0 0.0 9.0 25.0 83.0 0.0 0.0 100.0 0.0 0.0
MrBurns 2018 MAY 3 23 20 4.0 0.0 0.0 15093848.0000 215312.0 718204.0 0.0 0.0 8.0 26.0 84.0 0.0 0.0 100.0 0.0 0.0
MrBurns 2018 MAY 3 23 30 2.0 0.0 0.0 15092800.0000 215592.0 718228.0 0.0 0.0 7.0 24.0 81.0 0.0 0.0 100.0 0.0 0.0
MrBurns 2018 MAY 3 23 40 2.0 0.0 0.0 15092908.0000 215904.0 718248.0 0.0 0.0 8.0 25.0 79.0 0.0 0.0 100.0 0.0 0.0
