neo-slayer 2018 MAY 2 0 0 1.0 1.0 0.0 1689696.0000 220224.0 44748.0 0.0 0.0 18.0 52.0 63.0 0.0 0.0 100.0 0.0 0.0
neo-slayer 2018 MAY 2 0 10 1.0 0.0 0.0 1689012.0000 220732.0 44776.0 0.0 0.0 15.0 72.0 70.0 0.0 0.0 100.0 1.0 0.0
neo-slayer 2018 MAY 2 0 20 1.0 0.0 0.0 1688540.0000 221316.0 44804.0 0.0 0.0 13.0 91.0 72.0 1.0 0.0 100.0 0.0 0.0
neo-slayer 2018 MAY 2 0 30 1.0 0.0 0.0 1687804.0000 221940.0 45268.0 0.0 0.0 69.0 117.0 124.0 1.0 0.0 100.0 3.0 0.0
neo-slayer 2018 MAY 2 0 40 1.0 0.0 0.0 1686764.0000 222472.0 45288.0 0.0 0.0 13.0 58.0 61.0 0.0 0.0 100.0 0.0 0.0
neo-slayer 2018 MAY 2 0 50 1.0 0.0 0.0 1686112.0000 222928.0 45328.0 0.0 0.0 48.0 73.0 69.0 0.0 0.0 100.0 0.0 0.0
neo-slayer 2018 MAY 2 1 0 1.0 0.0 0.0 1685724.0000 223480.0 45340.0 0.0 0.0 15.0 63.0 64.0 0.0 0.0 100.0 0.0 0.0
neo-slayer 2018 MAY 2 1 10 1.0 1.0 0.0 1685196.0000 223996.0 45368.0 0.0 0.0 12.0 50.0 60.0 0.0 0.0 100.0 0.0 0.0
neo-slayer 2018 MAY 2 1 20 1.0 0.0 0.0 1684616.0000 224344.0 45400.0 0.0 0.0 13.0 52.0 59.0 0.0 0.0 100.0 0.0 0.0
neo-slayer 2018 MAY 2 1 30 1.0 0.0 0.0 1684120.0000 224740.0 45428.0 0.0 0.0 14.0 57.0 63.0 0.0 0.0 100.0 0.0 0.0
neo-slayer 2018 MAY 2 1 40 1.0 1.0 0.0 1683912.0000 225128.0 45456.0 0.0 0.0 13.0 49.0 59.0 0.0 0.0 100.0 0.0 0.0
neo-slayer 2018 MAY 2 1 50 1.0 0.0 0.0 1683508.0000 225532.0 45480.0 0.0 0.0 43.0 57.0 62.0 0.0 0.0 100.0 0.0 0.0
neo-slayer 2018 MAY 2 2 0 1.0 0.0 0.0 1683012.0000 225952.0 45512.0 0.0 0.0 14.0 83.0 66.0 0.0 0.0 100.0 0.0 0.0
neo-slayer 2018 MAY 2 2 10 1.0 0.0 0.0 1682392.0000 226356.0 45544.0 0.0 0.0 13.0 52.0 62.0 0.0 0.0 100.0 0.0 0.0
neo-slayer 2018 MAY 2 2 20 3.0 1.0 0.0 1682052.0000 226816.0 45572.0 0.0 0.0 16.0 52.0 61.0 0.0 0.0 100.0 0.0 0.0
neo-slayer 2018 MAY 2 2 30 1.0 0.0 0.0 1681524.0000 227160.0 45600.0 0.0 0.0 14.0 76.0 67.0 1.0 0.0 100.0 0.0 0.0
neo-slayer 2018 MAY 2 2 40 1.0 1.0 0.0 1681144.0000 227536.0 45628.0 0.0 0.0 11.0 67.0 61.0 0.0 0.0 100.0 0.0 0.0
neo-slayer 2018 MAY 2 2 50 1.0 0.0 0.0 1680904.0000 227908.0 45652.0 0.0 0.0 47.0 70.0 65.0 0.0 0.0 100.0 0.0 0.0
neo-slayer 2018 MAY 2 3 0 1.0 0.0 0.0 1680416.0000 228444.0 45688.0 0.0 0.0 12.0 67.0 65.0 0.0 0.0 100.0 0.0 0.0
neo-slayer 2018 MAY 2 3 10 1.0 1.0 0.0 1679664.0000 228796.0 45712.0 0.0 0.0 13.0 52.0 61.0 0.0 0.0 100.0 0.0 0.0
neo-slayer 2018 MAY 2 3 20 1.0 0.0 0.0 1679440.0000 229136.0 45744.0 0.0 0.0 13.0 61.0 60.0 0.0 0.0 100.0 0.0 0.0
neo-slayer 2018 MAY 2 3 30 0.0 0.0 0.0 1679068.0000 229444.0 45784.0 0.0 0.0 12.0 95.0 72.0 1.0 0.0 100.0 0.0 0.0
neo-slayer 2018 MAY 2 3 40 1.0 0.0 0.0 1678828.0000 229844.0 45808.0 0.0 0.0 11.0 946.0 61.0 0.0 0.0 100.0 0.0 0.0
neo-slayer 2018 MAY 2 3 50 1.0 0.0 0.0 1678332.0000 230136.0 45832.0 0.0 0.0 50.0 61.0 64.0 0.0 0.0 100.0 1.0 0.0
neo-slayer 2018 MAY 2 4 0 1.0 0.0 0.0 1677960.0000 230512.0 45868.0 0.0 0.0 11.0 50.0 59.0 0.0 0.0 100.0 0.0 0.0
neo-slayer 2018 MAY 2 4 10 1.0 0.0 0.0 1677712.0000 230948.0 45892.0 0.0 0.0 11.0 53.0 62.0 0.0 0.0 100.0 0.0 0.0
neo-slayer 2018 MAY 2 4 20 1.0 0.0 0.0 1677216.0000 231364.0 45924.0 0.0 0.0 14.0 48.0 60.0 0.0 0.0 100.0 0.0 0.0
neo-slayer 2018 MAY 2 4 30 0.0 0.0 0.0 1676720.0000 231704.0 45952.0 0.0 0.0 13.0 58.0 63.0 0.0 0.0 100.0 0.0 0.0
neo-slayer 2018 MAY 2 4 40 1.0 0.0 0.0 1676256.0000 232052.0 45976.0 0.0 0.0 14.0 49.0 60.0 0.0 0.0 100.0 0.0 0.0
neo-slayer 2018 MAY 2 4 50 2.0 1.0 0.0 1676100.0000 232412.0 46008.0 0.0 0.0 45.0 54.0 61.0 0.0 0.0 100.0 0.0 0.0
neo-slayer 2018 MAY 2 5 0 1.0 0.0 0.0 1675604.0000 232844.0 46032.0 0.0 0.0 16.0 55.0 62.0 0.0 0.0 100.0 0.0 0.0
neo-slayer 2018 MAY 2 5 10 0.0 0.0 0.0 1675108.0000 233268.0 46052.0 0.0 0.0 13.0 51.0 61.0 0.0 0.0 100.0 0.0 0.0
neo-slayer 2018 MAY 2 5 20 1.0 0.0 0.0 1674604.0000 233696.0 46088.0 0.0 0.0 14.0 61.0 64.0 0.0 0.0 100.0 1.0 0.0
neo-slayer 2018 MAY 2 5 30 0.0 0.0 0.0 1674116.0000 234116.0 46128.0 0.0 0.0 15.0 54.0 62.0 0.0 0.0 100.0 0.0 0.0
neo-slayer 2018 MAY 2 5 40 1.0 0.0 0.0 1673652.0000 234460.0 46148.0 0.0 0.0 13.0 50.0 60.0 0.0 0.0 100.0 0.0 0.0
neo-slayer 2018 MAY 2 5 50 2.0 1.0 0.0 1673124.0000 234856.0 46168.0 0.0 0.0 13.0 53.0 62.0 0.0 0.0 100.0 0.0 0.0
neo-slayer 2018 MAY 2 6 0 1.0 0.0 0.0 1672784.0000 235148.0 46200.0 0.0 0.0 48.0 53.0 65.0 0.0 0.0 100.0 0.0 0.0
neo-slayer 2018 MAY 2 6 10 0.0 0.0 0.0 1672504.0000 235436.0 46236.0 0.0 0.0 12.0 72.0 68.0 0.0 0.0 100.0 0.0 0.0
neo-slayer 2018 MAY 2 6 20 1.0 0.0 0.0 1672124.0000 235696.0 80688.0 0.0 0.0 293.0 203.0 217.0 1.0 1.0 100.0 9.0 0.0
neo-slayer 2018 MAY 2 6 30 0.0 0.0 0.0 1908068.0000 235736.0 80692.0 0.0 0.0 39.0 87.0 116.0 1.0 0.0 100.0 1.0 0.0
neo-slayer 2018 MAY 2 6 40 0.0 0.0 0.0 1907044.0000 13344.0 41604.0 0.0 0.0 15.0 80.0 69.0 1.0 0.0 100.0 1.0 0.0
neo-slayer 2018 MAY 2 6 50 1.0 0.0 0.0 1905772.0000 14464.0 41640.0 0.0 0.0 14.0 83.0 76.0 0.0 0.0 100.0 1.0 0.0
neo-slayer 2018 MAY 2 7 0 1.0 0.0 0.0 1904336.0000 15588.0 41672.0 0.0 0.0 18.0 4388.0 66.0 0.0 0.0 100.0 1.0 0.0
neo-slayer 2018 MAY 2 7 10 1.0 0.0 0.0 1903164.0000 16740.0 41732.0 0.0 0.0 20.0 5184.0 66.0 0.0 0.0 100.0 1.0 0.0
neo-slayer 2018 MAY 2 7 20 1.0 0.0 0.0 1901628.0000 17868.0 41772.0 0.0 0.0 47.0 143.0 66.0 0.0 0.0 100.0 1.0 0.0
neo-slayer 2018 MAY 2 7 30 1.0 0.0 0.0 1900248.0000 19004.0 41812.0 0.0 0.0 13.0 154.0 71.0 1.0 0.0 100.0 0.0 0.0
neo-slayer 2018 MAY 2 7 40 0.0 0.0 0.0 1898580.0000 20148.0 41860.0 0.0 0.0 12.0 803.0 72.0 0.0 0.0 100.0 0.0 0.0
neo-slayer 2018 MAY 2 7 50 1.0 1.0 0.0 1897696.0000 21276.0 41908.0 0.0 0.0 17.0 127.0 73.0 0.0 0.0 100.0 1.0 0.0
neo-slayer 2018 MAY 2 8 0 0.0 0.0 0.0 1896556.0000 22420.0 41948.0 0.0 0.0 14.0 75.0 60.0 0.0 0.0 100.0 0.0 0.0
neo-slayer 2018 MAY 2 8 10 1.0 0.0 0.0 1895276.0000 23648.0 41996.0 0.0 0.0 14.0 108.0 73.0 0.0 0.0 100.0 1.0 0.0
neo-slayer 2018 MAY 2 8 20 1.0 1.0 0.0 1893996.0000 24804.0 42044.0 0.0 0.0 47.0 2922.0 72.0 1.0 0.0 100.0 1.0 0.0
neo-slayer 2018 MAY 2 8 30 1.0 0.0 0.0 1892484.0000 25940.0 42088.0 0.0 0.0 13.0 3016.0 65.0 0.0 0.0 100.0 0.0 0.0
neo-slayer 2018 MAY 2 8 40 0.0 0.0 0.0 1891452.0000 27212.0 42144.0 0.0 0.0 16.0 3023.0 61.0 0.0 0.0 100.0 1.0 0.0
neo-slayer 2018 MAY 2 8 50 1.0 1.0 0.0 1890172.0000 28372.0 42200.0 0.0 0.0 18.0 229.0 61.0 0.0 0.0 100.0 1.0 0.0
neo-slayer 2018 MAY 2 9 0 0.0 0.0 0.0 1888808.0000 29528.0 47744.0 0.0 0.0 16.0 1448.0 146.0 1.0 0.0 100.0 1.0 0.0
neo-slayer 2018 MAY 2 9 10 1.0 0.0 0.0 1881908.0000 30688.0 47800.0 0.0 0.0 15.0 9430.0 122.0 0.0 0.0 100.0 1.0 0.0
neo-slayer 2018 MAY 2 9 20 1.0 1.0 0.0 1880400.0000 31840.0 47836.0 0.0 0.0 49.0 822.0 120.0 0.0 0.0 100.0 1.0 0.0
neo-slayer 2018 MAY 2 9 30 1.0 0.0 0.0 1879300.0000 32992.0 47900.0 0.0 0.0 15.0 1519.0 64.0 0.0 0.0 100.0 1.0 0.0
neo-slayer 2018 MAY 2 9 40 0.0 0.0 0.0 1878036.0000 34144.0 47964.0 0.0 0.0 13.0 2307.0 66.0 0.0 0.0 100.0 1.0 0.0
neo-slayer 2018 MAY 2 9 50 1.0 1.0 0.0 1876692.0000 35296.0 48032.0 0.0 0.0 19.0 530.0 68.0 0.0 0.0 100.0 1.0 0.0
neo-slayer 2018 MAY 2 10 0 0.0 0.0 0.0 1875484.0000 36432.0 48084.0 0.0 0.0 15.0 5541.0 82.0 1.0 0.0 100.0 0.0 0.0
neo-slayer 2018 MAY 2 10 10 1.0 0.0 0.0 1874120.0000 37608.0 48160.0 0.0 0.0 16.0 4141.0 63.0 0.0 0.0 100.0 1.0 0.0
neo-slayer 2018 MAY 2 10 20 1.0 0.0 0.0 1872736.0000 38880.0 48204.0 0.0 0.0 17.0 5502.0 63.0 0.0 0.0 100.0 1.0 0.0
neo-slayer 2018 MAY 2 10 30 1.0 0.0 0.0 1871156.0000 40056.0 48256.0 0.0 0.0 54.0 4410.0 78.0 1.0 0.0 100.0 1.0 0.0
neo-slayer 2018 MAY 2 10 40 0.0 0.0 0.0 1870272.0000 41152.0 48332.0 0.0 0.0 18.0 4555.0 62.0 0.0 0.0 100.0 1.0 0.0
neo-slayer 2018 MAY 2 10 50 1.0 1.0 0.0 1868920.0000 42132.0 48404.0 0.0 0.0 16.0 2315.0 62.0 0.0 0.0 100.0 0.0 0.0
neo-slayer 2018 MAY 2 11 0 1.0 0.0 0.0 1867992.0000 43064.0 48472.0 0.0 0.0 21.0 2852.0 75.0 1.0 0.0 100.0 1.0 0.0
neo-slayer 2018 MAY 2 11 10 1.0 0.0 0.0 1866760.0000 44020.0 48548.0 0.0 0.0 18.0 16667.0 63.0 0.0 0.0 100.0 1.0 0.0
neo-slayer 2018 MAY 2 11 20 0.0 0.0 0.0 1865696.0000 44984.0 48620.0 0.0 0.0 17.0 835.0 64.0 0.0 0.0 100.0 1.0 0.0
neo-slayer 2018 MAY 2 11 30 1.0 0.0 0.0 1864424.0000 45992.0 48668.0 0.0 0.0 54.0 1399.0 64.0 0.0 0.0 100.0 1.0 0.0
neo-slayer 2018 MAY 2 11 40 0.0 0.0 0.0 1863440.0000 46968.0 48712.0 0.0 0.0 14.0 2398.0 72.0 1.0 0.0 100.0 1.0 0.0
neo-slayer 2018 MAY 2 11 50 1.0 0.0 0.0 1862276.0000 48028.0 48856.0 0.0 0.0 29.0 21378.0 81.0 0.0 0.0 100.0 2.0 0.0
neo-slayer 2018 MAY 2 12 0 0.0 0.0 0.0 1860896.0000 49092.0 49104.0 0.0 0.0 20.0 1538.0 67.0 0.0 0.0 100.0 1.0 0.0
neo-slayer 2018 MAY 2 12 10 1.0 0.0 0.0 1859096.0000 50004.0 49348.0 0.0 0.0 17.0 774.0 69.0 0.0 0.0 100.0 1.0 0.0
neo-slayer 2018 MAY 2 12 20 0.0 1.0 0.0 1858476.0000 50980.0 49580.0 0.0 0.0 16.0 5213.0 68.0 0.0 0.0 100.0 1.0 0.0
neo-slayer 2018 MAY 2 12 30 1.0 0.0 0.0 1857328.0000 52016.0 49812.0 0.0 0.0 50.0 18374.0 75.0 0.0 0.0 100.0 1.0 0.0
neo-slayer 2018 MAY 2 12 40 0.0 1.0 0.0 1855816.0000 52980.0 50064.0 0.0 0.0 21.0 273.0 67.0 0.0 0.0 100.0 1.0 0.0
neo-slayer 2018 MAY 2 12 50 1.0 0.0 0.0 1854808.0000 54680.0 50280.0 0.0 0.0 62.0 5394.0 96.0 1.0 0.0 100.0 4.0 0.0
neo-slayer 2018 MAY 2 13 0 1.0 1.0 0.0 1852808.0000 55616.0 50344.0 0.0 0.0 23.0 5010.0 66.0 0.0 0.0 100.0 1.0 0.0
neo-slayer 2018 MAY 2 13 10 1.0 1.0 0.0 1852032.0000 56596.0 50428.0 0.0 0.0 18.0 309.0 63.0 0.0 0.0 100.0 1.0 0.0
neo-slayer 2018 MAY 2 13 20 0.0 0.0 0.0 1850760.0000 57608.0 50496.0 0.0 0.0 16.0 1408.0 72.0 0.0 0.0 100.0 1.0 0.0
neo-slayer 2018 MAY 2 13 30 2.0 0.0 0.0 1849644.0000 58560.0 50532.0 0.0 0.0 53.0 331.0 64.0 0.0 0.0 100.0 1.0 0.0
neo-slayer 2018 MAY 2 13 40 0.0 0.0 0.0 1848612.0000 59448.0 50604.0 0.0 0.0 22.0 316.0 69.0 0.0 0.0 100.0 1.0 0.0
neo-slayer 2018 MAY 2 13 50 1.0 0.0 0.0 1847496.0000 60488.0 50716.0 0.0 0.0 24.0 2498.0 66.0 0.0 0.0 100.0 1.0 0.0
neo-slayer 2018 MAY 2 14 0 1.0 1.0 0.0 1846260.0000 61480.0 50812.0 0.0 0.0 24.0 5979.0 72.0 0.0 0.0 100.0 1.0 0.0
neo-slayer 2018 MAY 2 14 10 1.0 0.0 0.0 1845044.0000 62436.0 50912.0 0.0 0.0 15.0 3728.0 68.0 1.0 0.0 100.0 1.0 0.0
neo-slayer 2018 MAY 2 14 20 0.0 0.0 0.0 1843780.0000 63396.0 51012.0 0.0 0.0 16.0 4558.0 62.0 0.0 0.0 100.0 1.0 0.0
neo-slayer 2018 MAY 2 14 30 1.0 0.0 0.0 1842600.0000 64484.0 51216.0 0.0 0.0 57.0 18275.0 77.0 0.0 1.0 100.0 1.0 0.0
neo-slayer 2018 MAY 2 14 40 0.0 0.0 0.0 1840724.0000 65384.0 51516.0 0.0 0.0 22.0 3545.0 73.0 1.0 0.0 100.0 1.0 0.0
neo-slayer 2018 MAY 2 14 50 1.0 0.0 0.0 1839536.0000 66228.0 51808.0 0.0 0.0 19.0 5741.0 70.0 0.0 0.0 100.0 1.0 0.0
neo-slayer 2018 MAY 2 15 0 0.0 0.0 0.0 1838272.0000 67040.0 52112.0 0.0 0.0 19.0 2649.0 72.0 0.0 0.0 100.0 1.0 0.0
neo-slayer 2018 MAY 2 15 10 1.0 0.0 0.0 1837008.0000 68120.0 52508.0 0.0 0.0 76.0 2281.0 134.0 0.0 0.0 100.0 5.0 0.0
neo-slayer 2018 MAY 2 15 20 0.0 0.0 0.0 1835556.0000 68880.0 53012.0 0.0 0.0 19.0 984.0 73.0 0.0 0.0 100.0 1.0 0.0
neo-slayer 2018 MAY 2 15 30 1.0 0.0 0.0 1834284.0000 69684.0 53452.0 0.0 0.0 53.0 1148.0 75.0 0.0 0.0 100.0 1.0 0.0
neo-slayer 2018 MAY 2 15 40 0.0 0.0 0.0 1832904.0000 70580.0 53924.0 0.0 0.0 19.0 3625.0 80.0 0.0 0.0 100.0 1.0 0.0
neo-slayer 2018 MAY 2 15 50 1.0 1.0 0.0 1831796.0000 71584.0 54368.0 0.0 0.0 30.0 1275.0 80.0 0.0 0.0 100.0 1.0 0.0
neo-slayer 2018 MAY 2 16 0 2.0 1.0 0.0 1830260.0000 72548.0 54712.0 0.0 0.0 20.0 1612.0 82.0 1.0 0.0 100.0 1.0 0.0
neo-slayer 2018 MAY 2 16 10 1.0 0.0 0.0 1829112.0000 73856.0 55008.0 0.0 0.0 78.0 1217.0 107.0 0.0 0.0 100.0 6.0 0.0
neo-slayer 2018 MAY 2 16 20 0.0 0.0 0.0 1827476.0000 74668.0 55100.0 0.0 0.0 19.0 3228.0 67.0 0.0 0.0 100.0 1.0 0.0
neo-slayer 2018 MAY 2 16 30 1.0 1.0 0.0 1826328.0000 75448.0 55156.0 0.0 0.0 50.0 2108.0 64.0 0.0 0.0 100.0 1.0 0.0
neo-slayer 2018 MAY 2 16 40 0.0 1.0 0.0 1825816.0000 76212.0 55220.0 0.0 0.0 18.0 10865.0 65.0 0.0 0.0 100.0 1.0 0.0
neo-slayer 2018 MAY 2 16 50 1.0 0.0 0.0 1824956.0000 77004.0 55292.0 0.0 0.0 18.0 2482.0 65.0 0.0 0.0 100.0 1.0 0.0
neo-slayer 2018 MAY 2 17 0 1.0 0.0 0.0 1823916.0000 77848.0 55372.0 0.0 0.0 18.0 531.0 72.0 1.0 0.0 100.0 1.0 0.0
neo-slayer 2018 MAY 2 17 10 1.0 0.0 0.0 1823000.0000 78708.0 55464.0 0.0 0.0 19.0 353.0 65.0 1.0 0.0 100.0 1.0 0.0
neo-slayer 2018 MAY 2 17 20 0.0 0.0 0.0 1822116.0000 79528.0 55540.0 0.0 0.0 18.0 415.0 65.0 0.0 0.0 100.0 1.0 0.0
neo-slayer 2018 MAY 2 17 30 1.0 0.0 0.0 1821092.0000 80412.0 55596.0 0.0 0.0 49.0 358.0 68.0 1.0 0.0 100.0 1.0 0.0
neo-slayer 2018 MAY 2 17 40 0.0 0.0 0.0 1820184.0000 81176.0 55612.0 0.0 0.0 17.0 496.0 63.0 0.0 0.0 100.0 1.0 0.0
neo-slayer 2018 MAY 2 17 50 1.0 0.0 0.0 1819300.0000 81932.0 55692.0 0.0 0.0 16.0 672.0 68.0 1.0 0.0 100.0 1.0 0.0
neo-slayer 2018 MAY 2 18 0 1.0 0.0 0.0 1818400.0000 82844.0 55760.0 0.0 0.0 16.0 544.0 76.0 1.0 0.0 100.0 1.0 0.0
neo-slayer 2018 MAY 2 18 10 1.0 0.0 0.0 1817400.0000 83648.0 55828.0 0.0 0.0 17.0 910.0 70.0 0.0 0.0 100.0 1.0 0.0
neo-slayer 2018 MAY 2 18 20 0.0 0.0 0.0 1816376.0000 84480.0 55904.0 0.0 0.0 16.0 1073.0 73.0 1.0 0.0 100.0 1.0 0.0
neo-slayer 2018 MAY 2 18 30 1.0 0.0 0.0 1815492.0000 85216.0 55956.0 0.0 0.0 48.0 2949.0 67.0 0.0 0.0 100.0 1.0 0.0
neo-slayer 2018 MAY 2 18 40 1.0 0.0 0.0 1814716.0000 85964.0 56044.0 0.0 0.0 21.0 1792.0 68.0 0.0 0.0 100.0 1.0 0.0
neo-slayer 2018 MAY 2 18 50 1.0 0.0 0.0 1813832.0000 86676.0 56132.0 0.0 0.0 15.0 649.0 64.0 0.0 0.0 100.0 0.0 0.0
neo-slayer 2018 MAY 2 19 0 0.0 0.0 0.0 1812932.0000 87376.0 56224.0 0.0 0.0 16.0 835.0 70.0 0.0 0.0 100.0 1.0 0.0
neo-slayer 2018 MAY 2 19 10 1.0 1.0 0.0 1812172.0000 88088.0 56324.0 0.0 0.0 17.0 1091.0 69.0 0.0 0.0 100.0 1.0 0.0
neo-slayer 2018 MAY 2 19 20 1.0 0.0 0.0 1811396.0000 88720.0 56432.0 0.0 0.0 18.0 1265.0 72.0 0.0 0.0 100.0 1.0 0.0
neo-slayer 2018 MAY 2 19 30 1.0 1.0 0.0 1810488.0000 89368.0 56508.0 0.0 0.0 47.0 769.0 65.0 0.0 0.0 100.0 0.0 0.0
neo-slayer 2018 MAY 2 19 40 0.0 1.0 0.0 1809764.0000 90044.0 56580.0 0.0 0.0 18.0 988.0 63.0 0.0 0.0 100.0 1.0 0.0
neo-slayer 2018 MAY 2 19 50 1.0 0.0 0.0 1808952.0000 90788.0 56676.0 0.0 0.0 18.0 682.0 69.0 0.0 0.0 100.0 1.0 0.0
neo-slayer 2018 MAY 2 20 0 0.0 0.0 0.0 1808052.0000 91460.0 56760.0 0.0 0.0 16.0 974.0 69.0 0.0 0.0 100.0 1.0 0.0
neo-slayer 2018 MAY 2 20 10 1.0 0.0 0.0 1807160.0000 92116.0 56840.0 0.0 0.0 17.0 1159.0 62.0 0.0 0.0 100.0 0.0 0.0
neo-slayer 2018 MAY 2 20 20 0.0 0.0 0.0 1806648.0000 92780.0 56916.0 0.0 0.0 17.0 581.0 64.0 0.0 0.0 100.0 1.0 0.0
neo-slayer 2018 MAY 2 20 30 1.0 0.0 0.0 1805624.0000 93492.0 56984.0 0.0 0.0 17.0 812.0 62.0 0.0 0.0 100.0 0.0 0.0
neo-slayer 2018 MAY 2 20 40 0.0 1.0 0.0 1804880.0000 94240.0 57044.0 0.0 0.0 44.0 805.0 62.0 0.0 0.0 100.0 0.0 0.0
neo-slayer 2018 MAY 2 20 50 1.0 0.0 0.0 1804152.0000 94916.0 57112.0 0.0 0.0 16.0 438.0 63.0 0.0 0.0 100.0 0.0 0.0
neo-slayer 2018 MAY 2 21 0 0.0 0.0 0.0 1803144.0000 95596.0 57180.0 0.0 0.0 18.0 406.0 64.0 0.0 0.0 100.0 1.0 0.0
neo-slayer 2018 MAY 2 21 10 1.0 0.0 0.0 1802492.0000 96280.0 57248.0 0.0 0.0 16.0 695.0 61.0 0.0 0.0 100.0 0.0 0.0
neo-slayer 2018 MAY 2 21 20 0.0 0.0 0.0 1801840.0000 97004.0 57312.0 0.0 0.0 19.0 471.0 66.0 0.0 0.0 100.0 1.0 0.0
neo-slayer 2018 MAY 2 21 30 1.0 0.0 0.0 1800848.0000 97616.0 57376.0 0.0 0.0 14.0 3003.0 72.0 0.0 0.0 100.0 0.0 0.0
neo-slayer 2018 MAY 2 21 40 1.0 0.0 0.0 1800180.0000 98296.0 57412.0 0.0 0.0 47.0 9952.0 66.0 0.0 0.0 100.0 1.0 0.0
neo-slayer 2018 MAY 2 21 50 1.0 0.0 0.0 1799544.0000 99028.0 57472.0 0.0 0.0 18.0 283.0 61.0 0.0 0.0 100.0 0.0 0.0
neo-slayer 2018 MAY 2 22 0 0.0 0.0 0.0 1798520.0000 99744.0 57524.0 0.0 0.0 14.0 53.0 64.0 0.0 0.0 100.0 0.0 0.0
neo-slayer 2018 MAY 2 22 10 1.0 1.0 0.0 1797992.0000 100384.0 57576.0 0.0 0.0 15.0 277.0 60.0 0.0 0.0 100.0 0.0 0.0
neo-slayer 2018 MAY 2 22 20 0.0 0.0 0.0 1796984.0000 101056.0 57620.0 0.0 0.0 16.0 51.0 64.0 0.0 0.0 100.0 1.0 0.0
neo-slayer 2018 MAY 2 22 30 1.0 0.0 0.0 1796240.0000 101756.0 57672.0 0.0 0.0 14.0 272.0 68.0 0.0 0.0 100.0 0.0 0.0
neo-slayer 2018 MAY 2 22 40 0.0 0.0 0.0 1795448.0000 102304.0 57712.0 0.0 0.0 47.0 47.0 60.0 0.0 0.0 100.0 0.0 0.0
neo-slayer 2018 MAY 2 22 50 2.0 1.0 0.0 1794828.0000 102900.0 57752.0 0.0 0.0 19.0 267.0 57.0 0.0 0.0 100.0 1.0 0.0
neo-slayer 2018 MAY 2 23 0 0.0 0.0 0.0 1794144.0000 103400.0 57796.0 0.0 0.0 14.0 57.0 62.0 0.0 0.0 100.0 0.0 0.0
neo-slayer 2018 MAY 2 23 10 1.0 0.0 0.0 1793880.0000 103996.0 57836.0 0.0 0.0 17.0 262.0 62.0 0.0 0.0 100.0 1.0 0.0
neo-slayer 2018 MAY 2 23 20 2.0 1.0 0.0 1793040.0000 104508.0 57884.0 0.0 0.0 17.0 56.0 65.0 0.0 0.0 100.0 1.0 0.0
neo-slayer 2018 MAY 2 23 30 1.0 0.0 0.0 1792500.0000 104968.0 57920.0 0.0 0.0 14.0 257.0 62.0 0.0 0.0 100.0 0.0 0.0
neo-slayer 2018 MAY 2 23 40 1.0 0.0 0.0 1792096.0000 105436.0 57964.0 0.0 0.0 45.0 45.0 59.0 0.0 0.0 100.0 0.0 0.0
