neo-slayer 2018 MAY 4 0 0 1.0 1.0 0.0 1788956.0000 104652.0 61836.0 0.0 0.0 16.0 128.0 61.0 0.0 0.0 100.0 1.0 0.0
neo-slayer 2018 MAY 4 0 10 1.0 0.0 0.0 1788336.0000 105136.0 61860.0 0.0 0.0 19.0 89.0 70.0 0.0 0.0 100.0 1.0 0.0
neo-slayer 2018 MAY 4 0 20 1.0 0.0 0.0 1787708.0000 105648.0 61904.0 0.0 0.0 13.0 126.0 80.0 1.0 0.0 100.0 0.0 0.0
neo-slayer 2018 MAY 4 0 30 3.0 1.0 0.0 1787212.0000 106228.0 62388.0 0.0 0.0 71.0 121.0 127.0 1.0 0.0 100.0 3.0 0.0
neo-slayer 2018 MAY 4 0 40 1.0 0.0 0.0 1786220.0000 106692.0 62412.0 0.0 0.0 16.0 124.0 69.0 0.0 0.0 100.0 0.0 0.0
neo-slayer 2018 MAY 4 0 50 1.0 0.0 0.0 1785724.0000 107072.0 62444.0 0.0 0.0 47.0 52.0 61.0 0.0 0.0 100.0 0.0 0.0
neo-slayer 2018 MAY 4 1 0 1.0 0.0 0.0 1785352.0000 107440.0 62476.0 0.0 0.0 14.0 122.0 68.0 0.0 0.0 100.0 0.0 0.0
neo-slayer 2018 MAY 4 1 10 1.0 0.0 0.0 1784732.0000 107868.0 62508.0 0.0 0.0 14.0 76.0 64.0 0.0 0.0 100.0 0.0 0.0
neo-slayer 2018 MAY 4 1 20 1.0 0.0 0.0 1784368.0000 108272.0 62544.0 0.0 0.0 15.0 120.0 61.0 0.0 0.0 100.0 0.0 0.0
neo-slayer 2018 MAY 4 1 30 1.0 0.0 0.0 1783996.0000 108772.0 62580.0 0.0 0.0 14.0 51.0 61.0 0.0 0.0 100.0 0.0 0.0
neo-slayer 2018 MAY 4 1 40 1.0 0.0 0.0 1783500.0000 109168.0 62608.0 0.0 0.0 14.0 118.0 62.0 0.0 0.0 100.0 0.0 0.0
neo-slayer 2018 MAY 4 1 50 1.0 0.0 0.0 1783128.0000 109600.0 62640.0 0.0 0.0 45.0 61.0 62.0 0.0 0.0 100.0 0.0 0.0
neo-slayer 2018 MAY 4 2 0 1.0 0.0 0.0 1782756.0000 109984.0 62676.0 0.0 0.0 13.0 117.0 64.0 0.0 0.0 100.0 0.0 0.0
neo-slayer 2018 MAY 4 2 10 0.0 0.0 0.0 1782136.0000 110416.0 62696.0 0.0 0.0 13.0 52.0 59.0 0.0 0.0 100.0 0.0 0.0
neo-slayer 2018 MAY 4 2 20 1.0 0.0 0.0 1781764.0000 110884.0 62744.0 0.0 0.0 13.0 115.0 68.0 1.0 0.0 100.0 0.0 0.0
neo-slayer 2018 MAY 4 2 30 1.0 0.0 0.0 1781144.0000 111376.0 62768.0 0.0 0.0 13.0 63.0 68.0 0.0 0.0 100.0 0.0 0.0
neo-slayer 2018 MAY 4 2 40 1.0 1.0 0.0 1780680.0000 111852.0 62800.0 0.0 0.0 13.0 114.0 60.0 0.0 0.0 100.0 0.0 0.0
neo-slayer 2018 MAY 4 2 50 0.0 0.0 0.0 1780152.0000 112300.0 62836.0 0.0 0.0 47.0 76.0 70.0 0.0 0.0 100.0 1.0 0.0
neo-slayer 2018 MAY 4 3 0 1.0 0.0 0.0 1779648.0000 112724.0 62876.0 0.0 0.0 13.0 112.0 62.0 0.0 0.0 100.0 0.0 0.0
neo-slayer 2018 MAY 4 3 10 1.0 1.0 0.0 1779344.0000 113072.0 62908.0 0.0 0.0 13.0 55.0 62.0 0.0 0.0 100.0 0.0 0.0
neo-slayer 2018 MAY 4 3 20 1.0 0.0 0.0 1778904.0000 113436.0 62940.0 0.0 0.0 13.0 111.0 58.0 0.0 0.0 100.0 0.0 0.0
neo-slayer 2018 MAY 4 3 30 0.0 0.0 0.0 1778416.0000 113744.0 62984.0 0.0 0.0 13.0 77.0 62.0 0.0 0.0 100.0 0.0 0.0
neo-slayer 2018 MAY 4 3 40 1.0 1.0 0.0 1778044.0000 114184.0 63008.0 0.0 0.0 13.0 109.0 59.0 0.0 0.0 100.0 0.0 0.0
neo-slayer 2018 MAY 4 3 50 0.0 0.0 0.0 1777548.0000 114572.0 63040.0 0.0 0.0 49.0 76.0 68.0 0.0 0.0 100.0 1.0 0.0
neo-slayer 2018 MAY 4 4 0 1.0 0.0 0.0 1777176.0000 114964.0 63076.0 0.0 0.0 13.0 988.0 61.0 0.0 0.0 100.0 0.0 0.0
neo-slayer 2018 MAY 4 4 10 2.0 0.0 0.0 1776680.0000 115372.0 63108.0 0.0 0.0 13.0 62.0 64.0 0.0 0.0 100.0 0.0 0.0
neo-slayer 2018 MAY 4 4 20 1.0 0.0 0.0 1776184.0000 115716.0 63144.0 0.0 0.0 15.0 107.0 68.0 1.0 0.0 100.0 0.0 0.0
neo-slayer 2018 MAY 4 4 30 0.0 0.0 0.0 1775680.0000 116140.0 63180.0 0.0 0.0 15.0 53.0 60.0 0.0 0.0 100.0 0.0 0.0
neo-slayer 2018 MAY 4 4 40 1.0 1.0 0.0 1775308.0000 116472.0 63204.0 0.0 0.0 13.0 105.0 59.0 0.0 0.0 100.0 0.0 0.0
neo-slayer 2018 MAY 4 4 50 0.0 0.0 0.0 1774812.0000 116792.0 63244.0 0.0 0.0 45.0 634.0 64.0 0.0 0.0 100.0 0.0 0.0
neo-slayer 2018 MAY 4 5 0 1.0 0.0 0.0 1774440.0000 117156.0 63272.0 0.0 0.0 15.0 658.0 73.0 0.0 0.0 100.0 0.0 0.0
neo-slayer 2018 MAY 4 5 10 0.0 0.0 0.0 1774192.0000 117524.0 63296.0 0.0 0.0 13.0 62.0 61.0 0.0 0.0 100.0 0.0 0.0
neo-slayer 2018 MAY 4 5 20 1.0 0.0 0.0 1773828.0000 117848.0 63340.0 0.0 0.0 14.0 103.0 78.0 1.0 0.0 100.0 0.0 0.0
neo-slayer 2018 MAY 4 5 30 0.0 0.0 0.0 1773448.0000 118160.0 63380.0 0.0 0.0 15.0 65.0 65.0 0.0 0.0 100.0 0.0 0.0
neo-slayer 2018 MAY 4 5 40 1.0 0.0 0.0 1772960.0000 118432.0 63420.0 0.0 0.0 13.0 106.0 69.0 1.0 0.0 100.0 0.0 0.0
neo-slayer 2018 MAY 4 5 50 0.0 0.0 0.0 1772756.0000 118788.0 63440.0 0.0 0.0 46.0 59.0 60.0 0.0 0.0 100.0 1.0 0.0
neo-slayer 2018 MAY 4 6 0 1.0 0.0 0.0 1772340.0000 119040.0 63476.0 0.0 0.0 17.0 101.0 75.0 0.0 0.0 100.0 0.0 0.0
neo-slayer 2018 MAY 4 6 10 0.0 0.0 0.0 1772208.0000 119380.0 63508.0 0.0 0.0 12.0 53.0 60.0 0.0 0.0 100.0 0.0 0.0
neo-slayer 2018 MAY 4 6 20 1.0 1.0 0.0 1771836.0000 153248.0 98128.0 0.0 0.0 315.0 644.0 672.0 1.0 2.0 100.0 30.0 0.0
neo-slayer 2018 MAY 4 6 30 0.0 0.0 0.0 1908240.0000 153276.0 98136.0 0.0 0.0 35.0 79.0 97.0 0.0 1.0 100.0 1.0 0.0
neo-slayer 2018 MAY 4 6 40 1.0 0.0 0.0 1907068.0000 13232.0 41660.0 0.0 0.0 14.0 107.0 64.0 0.0 0.0 100.0 1.0 0.0
neo-slayer 2018 MAY 4 6 50 1.0 1.0 0.0 1905928.0000 14344.0 41696.0 0.0 0.0 14.0 141.0 65.0 0.0 0.0 100.0 1.0 0.0
neo-slayer 2018 MAY 4 7 0 0.0 0.0 0.0 1904532.0000 15468.0 41728.0 0.0 0.0 16.0 122.0 66.0 0.0 0.0 100.0 0.0 0.0
neo-slayer 2018 MAY 4 7 10 1.0 0.0 0.0 1903268.0000 16588.0 41776.0 0.0 0.0 15.0 710.0 63.0 0.0 0.0 100.0 1.0 0.0
neo-slayer 2018 MAY 4 7 20 0.0 0.0 0.0 1901592.0000 17716.0 41816.0 0.0 0.0 47.0 2374.0 75.0 0.0 0.0 100.0 1.0 0.0
neo-slayer 2018 MAY 4 7 30 2.0 1.0 0.0 1900504.0000 18828.0 41856.0 0.0 0.0 15.0 91.0 63.0 0.0 0.0 100.0 0.0 0.0
neo-slayer 2018 MAY 4 7 40 0.0 0.0 0.0 1899296.0000 19948.0 41904.0 0.0 0.0 18.0 314.0 66.0 0.0 0.0 100.0 1.0 0.0
neo-slayer 2018 MAY 4 7 50 1.0 0.0 0.0 1898000.0000 21212.0 41960.0 0.0 0.0 17.0 363.0 68.0 0.0 0.0 100.0 1.0 0.0
neo-slayer 2018 MAY 4 8 0 0.0 1.0 0.0 1896348.0000 22328.0 42020.0 0.0 0.0 16.0 1376.0 61.0 0.0 0.0 100.0 0.0 0.0
neo-slayer 2018 MAY 4 8 10 1.0 0.0 0.0 1895208.0000 23480.0 42104.0 0.0 0.0 18.0 4253.0 77.0 1.0 0.0 100.0 1.0 0.0
neo-slayer 2018 MAY 4 8 20 0.0 0.0 0.0 1893616.0000 24620.0 42176.0 0.0 0.0 49.0 3850.0 65.0 0.0 0.0 100.0 1.0 0.0
neo-slayer 2018 MAY 4 8 30 1.0 1.0 0.0 1892408.0000 25808.0 42260.0 0.0 0.0 19.0 2442.0 63.0 0.0 0.0 100.0 0.0 0.0
neo-slayer 2018 MAY 4 8 40 0.0 0.0 0.0 1890864.0000 26936.0 42356.0 0.0 0.0 17.0 4058.0 64.0 0.0 0.0 100.0 1.0 0.0
neo-slayer 2018 MAY 4 8 50 1.0 0.0 0.0 1889716.0000 28128.0 42444.0 0.0 0.0 17.0 3183.0 68.0 0.0 0.0 100.0 0.0 0.0
neo-slayer 2018 MAY 4 9 0 0.0 0.0 0.0 1888372.0000 29248.0 42532.0 0.0 0.0 15.0 2369.0 76.0 0.0 0.0 100.0 1.0 0.0
neo-slayer 2018 MAY 4 9 10 1.0 0.0 0.0 1887024.0000 30376.0 42636.0 0.0 0.0 15.0 2532.0 64.0 0.0 0.0 100.0 1.0 0.0
neo-slayer 2018 MAY 4 9 20 1.0 0.0 0.0 1885736.0000 31536.0 42712.0 0.0 0.0 46.0 2455.0 66.0 0.0 0.0 100.0 1.0 0.0
neo-slayer 2018 MAY 4 9 30 1.0 0.0 0.0 1884424.0000 32696.0 42804.0 0.0 0.0 17.0 3269.0 73.0 1.0 0.0 100.0 1.0 0.0
neo-slayer 2018 MAY 4 9 40 1.0 1.0 0.0 1883096.0000 33856.0 42900.0 0.0 0.0 17.0 3720.0 69.0 0.0 0.0 100.0 1.0 0.0
neo-slayer 2018 MAY 4 9 50 1.0 0.0 0.0 1881524.0000 35016.0 42972.0 0.0 0.0 22.0 13276.0 63.0 0.0 0.0 100.0 1.0 0.0
neo-slayer 2018 MAY 4 10 0 0.0 0.0 0.0 1880320.0000 36152.0 43056.0 0.0 0.0 18.0 2698.0 65.0 0.0 0.0 100.0 1.0 0.0
neo-slayer 2018 MAY 4 10 10 1.0 1.0 0.0 1879220.0000 37288.0 43144.0 0.0 0.0 19.0 2924.0 73.0 1.0 0.0 100.0 1.0 0.0
neo-slayer 2018 MAY 4 10 20 0.0 0.0 0.0 1877420.0000 38456.0 43220.0 0.0 0.0 45.0 225.0 66.0 0.0 0.0 100.0 1.0 0.0
neo-slayer 2018 MAY 4 10 30 1.0 0.0 0.0 1876288.0000 39564.0 43324.0 0.0 0.0 23.0 18817.0 73.0 0.0 1.0 100.0 1.0 0.0
neo-slayer 2018 MAY 4 10 40 0.0 0.0 0.0 1875148.0000 40556.0 43416.0 0.0 0.0 17.0 3626.0 62.0 0.0 0.0 100.0 1.0 0.0
neo-slayer 2018 MAY 4 10 50 1.0 0.0 0.0 1874140.0000 41540.0 43520.0 0.0 0.0 18.0 2113.0 64.0 0.0 0.0 100.0 1.0 0.0
neo-slayer 2018 MAY 4 11 0 1.0 0.0 0.0 1872868.0000 42532.0 43624.0 0.0 0.0 22.0 2228.0 78.0 1.0 0.0 100.0 1.0 0.0
neo-slayer 2018 MAY 4 11 10 1.0 0.0 0.0 1871464.0000 43468.0 43720.0 0.0 0.0 17.0 3377.0 65.0 0.0 0.0 100.0 1.0 0.0
neo-slayer 2018 MAY 4 11 20 1.0 1.0 0.0 1870616.0000 44484.0 43820.0 0.0 0.0 49.0 1150.0 68.0 0.0 0.0 100.0 1.0 0.0
neo-slayer 2018 MAY 4 11 30 1.0 0.0 0.0 1869540.0000 45460.0 43900.0 0.0 0.0 17.0 761.0 62.0 0.0 0.0 100.0 0.0 0.0
neo-slayer 2018 MAY 4 11 40 0.0 0.0 0.0 1868532.0000 46452.0 44000.0 0.0 0.0 19.0 1411.0 77.0 1.0 0.0 100.0 1.0 0.0
neo-slayer 2018 MAY 4 11 50 1.0 1.0 0.0 1867204.0000 47452.0 44080.0 0.0 0.0 17.0 3303.0 64.0 0.0 0.0 100.0 1.0 0.0
neo-slayer 2018 MAY 4 12 0 0.0 0.0 0.0 1866136.0000 48460.0 44168.0 0.0 0.0 15.0 86.0 69.0 1.0 0.0 100.0 1.0 0.0
neo-slayer 2018 MAY 4 12 10 1.0 0.0 0.0 1865104.0000 49476.0 44252.0 0.0 0.0 16.0 528.0 72.0 0.0 0.0 100.0 1.0 0.0
neo-slayer 2018 MAY 4 12 20 1.0 1.0 0.0 1864212.0000 50564.0 44320.0 0.0 0.0 47.0 88.0 66.0 0.0 0.0 100.0 1.0 0.0
neo-slayer 2018 MAY 4 12 30 1.0 0.0 0.0 1862940.0000 51776.0 44368.0 0.0 0.0 19.0 500.0 61.0 0.0 0.0 100.0 1.0 0.0
neo-slayer 2018 MAY 4 12 40 0.0 0.0 0.0 1861684.0000 52708.0 44436.0 0.0 0.0 24.0 23272.0 69.0 0.0 0.0 100.0 1.0 0.0
neo-slayer 2018 MAY 4 12 50 1.0 0.0 0.0 1860536.0000 53744.0 44500.0 0.0 0.0 20.0 2088.0 85.0 1.0 0.0 100.0 1.0 0.0
neo-slayer 2018 MAY 4 13 0 1.0 0.0 0.0 1859528.0000 54760.0 44576.0 0.0 0.0 16.0 4869.0 67.0 0.0 0.0 100.0 1.0 0.0
neo-slayer 2018 MAY 4 13 10 1.0 0.0 0.0 1858380.0000 55748.0 44652.0 0.0 0.0 18.0 4626.0 61.0 0.0 0.0 100.0 1.0 0.0
neo-slayer 2018 MAY 4 13 20 0.0 1.0 0.0 1857248.0000 56768.0 44708.0 0.0 0.0 48.0 5917.0 65.0 0.0 0.0 100.0 1.0 0.0
neo-slayer 2018 MAY 4 13 30 1.0 0.0 0.0 1856100.0000 57772.0 44760.0 0.0 0.0 16.0 4721.0 63.0 0.0 0.0 100.0 1.0 0.0
neo-slayer 2018 MAY 4 13 40 0.0 0.0 0.0 1855148.0000 58692.0 44828.0 0.0 0.0 22.0 3481.0 74.0 1.0 0.0 100.0 1.0 0.0
neo-slayer 2018 MAY 4 13 50 1.0 0.0 0.0 1853992.0000 59652.0 44900.0 0.0 0.0 21.0 2403.0 63.0 0.0 0.0 100.0 1.0 0.0
neo-slayer 2018 MAY 4 14 0 0.0 0.0 0.0 1852984.0000 60680.0 44972.0 0.0 0.0 18.0 1641.0 67.0 0.0 0.0 100.0 1.0 0.0
neo-slayer 2018 MAY 4 14 10 1.0 0.0 0.0 1851976.0000 61656.0 45040.0 0.0 0.0 19.0 1682.0 62.0 0.0 0.0 100.0 1.0 0.0
neo-slayer 2018 MAY 4 14 20 2.0 1.0 0.0 1850704.0000 62624.0 45116.0 0.0 0.0 17.0 10546.0 63.0 0.0 0.0 100.0 1.0 0.0
neo-slayer 2018 MAY 4 14 30 1.0 0.0 0.0 1849448.0000 63644.0 45160.0 0.0 0.0 52.0 2913.0 69.0 0.0 0.0 100.0 1.0 0.0
neo-slayer 2018 MAY 4 14 40 0.0 0.0 0.0 1848408.0000 64432.0 45232.0 0.0 0.0 15.0 7739.0 63.0 0.0 0.0 100.0 1.0 0.0
neo-slayer 2018 MAY 4 14 50 1.0 0.0 0.0 1847524.0000 65244.0 45308.0 0.0 0.0 16.0 1322.0 68.0 0.0 0.0 100.0 1.0 0.0
neo-slayer 2018 MAY 4 15 0 0.0 0.0 0.0 1846872.0000 66180.0 45384.0 0.0 0.0 19.0 2946.0 73.0 1.0 0.0 100.0 1.0 0.0
neo-slayer 2018 MAY 4 15 10 1.0 0.0 0.0 1845616.0000 66964.0 45452.0 0.0 0.0 18.0 2499.0 65.0 0.0 0.0 100.0 1.0 0.0
neo-slayer 2018 MAY 4 15 20 0.0 0.0 0.0 1844724.0000 67800.0 45520.0 0.0 0.0 19.0 1235.0 65.0 0.0 0.0 100.0 1.0 0.0
neo-slayer 2018 MAY 4 15 30 2.0 1.0 0.0 1843716.0000 68600.0 45564.0 0.0 0.0 49.0 946.0 66.0 0.0 0.0 100.0 1.0 0.0
neo-slayer 2018 MAY 4 15 40 1.0 0.0 0.0 1843064.0000 69424.0 45640.0 0.0 0.0 22.0 966.0 75.0 0.0 0.0 100.0 1.0 0.0
neo-slayer 2018 MAY 4 15 50 1.0 0.0 0.0 1842040.0000 70256.0 45712.0 0.0 0.0 21.0 1248.0 63.0 0.0 0.0 100.0 1.0 0.0
neo-slayer 2018 MAY 4 16 0 4.0 1.0 0.0 1841100.0000 71060.0 45764.0 0.0 0.0 17.0 912.0 63.0 0.0 0.0 100.0 1.0 0.0
neo-slayer 2018 MAY 4 16 10 1.0 1.0 0.0 1840100.0000 71876.0 45816.0 0.0 0.0 19.0 894.0 66.0 0.0 0.0 100.0 1.0 0.0
neo-slayer 2018 MAY 4 16 20 0.0 0.0 0.0 1839324.0000 72696.0 45880.0 0.0 0.0 21.0 1276.0 62.0 0.0 0.0 100.0 1.0 0.0
neo-slayer 2018 MAY 4 16 30 1.0 1.0 0.0 1838316.0000 73496.0 45920.0 0.0 0.0 48.0 1507.0 61.0 0.0 0.0 100.0 1.0 0.0
neo-slayer 2018 MAY 4 16 40 1.0 0.0 0.0 1837416.0000 74392.0 45984.0 0.0 0.0 20.0 1368.0 63.0 0.0 0.0 100.0 1.0 0.0
neo-slayer 2018 MAY 4 16 50 1.0 0.0 0.0 1836516.0000 75252.0 46044.0 0.0 0.0 16.0 20901.0 62.0 0.0 0.0 100.0 1.0 0.0
neo-slayer 2018 MAY 4 17 0 0.0 1.0 0.0 1835508.0000 76028.0 46092.0 0.0 0.0 15.0 572.0 74.0 0.0 0.0 100.0 1.0 0.0
neo-slayer 2018 MAY 4 17 10 1.0 0.0 0.0 1834532.0000 76860.0 46140.0 0.0 0.0 17.0 619.0 66.0 0.0 0.0 100.0 1.0 0.0
neo-slayer 2018 MAY 4 17 20 0.0 0.0 0.0 1833600.0000 77636.0 46192.0 0.0 0.0 18.0 115.0 62.0 0.0 0.0 100.0 1.0 0.0
neo-slayer 2018 MAY 4 17 30 1.0 1.0 0.0 1832872.0000 78404.0 46228.0 0.0 0.0 46.0 21435.0 60.0 0.0 0.0 100.0 1.0 0.0
neo-slayer 2018 MAY 4 17 40 0.0 0.0 0.0 1831892.0000 79160.0 46284.0 0.0 0.0 17.0 911.0 65.0 0.0 0.0 100.0 1.0 0.0
neo-slayer 2018 MAY 4 17 50 1.0 0.0 0.0 1831040.0000 79980.0 46336.0 0.0 0.0 19.0 508.0 75.0 1.0 0.0 100.0 1.0 0.0
neo-slayer 2018 MAY 4 18 0 0.0 2.0 0.0 1829860.0000 80816.0 46380.0 0.0 0.0 17.0 76.0 67.0 0.0 0.0 100.0 1.0 0.0
neo-slayer 2018 MAY 4 18 10 1.0 0.0 0.0 1829216.0000 81632.0 46432.0 0.0 0.0 17.0 495.0 76.0 1.0 0.0 100.0 1.0 0.0
neo-slayer 2018 MAY 4 18 20 0.0 0.0 0.0 1828068.0000 82404.0 46484.0 0.0 0.0 16.0 106.0 62.0 0.0 0.0 100.0 1.0 0.0
neo-slayer 2018 MAY 4 18 30 1.0 0.0 0.0 1827416.0000 83232.0 46516.0 0.0 0.0 47.0 482.0 62.0 0.0 0.0 100.0 1.0 0.0
neo-slayer 2018 MAY 4 18 40 0.0 1.0 0.0 1826460.0000 84008.0 46576.0 0.0 0.0 16.0 208.0 61.0 0.0 0.0 100.0 1.0 0.0
neo-slayer 2018 MAY 4 18 50 1.0 0.0 0.0 1825632.0000 84720.0 46640.0 0.0 0.0 16.0 545.0 59.0 0.0 0.0 100.0 1.0 0.0
neo-slayer 2018 MAY 4 19 0 1.0 0.0 0.0 1824996.0000 85392.0 46704.0 0.0 0.0 16.0 1661.0 61.0 0.0 0.0 100.0 0.0 0.0
neo-slayer 2018 MAY 4 19 10 1.0 0.0 0.0 1824024.0000 86084.0 46784.0 0.0 0.0 20.0 872.0 62.0 0.0 0.0 100.0 1.0 0.0
neo-slayer 2018 MAY 4 19 20 0.0 0.0 0.0 1823336.0000 86748.0 46872.0 0.0 0.0 20.0 1471.0 70.0 0.0 0.0 100.0 1.0 0.0
neo-slayer 2018 MAY 4 19 30 1.0 0.0 0.0 1822428.0000 87484.0 46944.0 0.0 0.0 50.0 1691.0 62.0 0.0 0.0 100.0 1.0 0.0
neo-slayer 2018 MAY 4 19 40 0.0 1.0 0.0 1821216.0000 88156.0 47036.0 0.0 0.0 15.0 9977.0 63.0 0.0 0.0 100.0 1.0 0.0
neo-slayer 2018 MAY 4 19 50 1.0 0.0 0.0 1820420.0000 88844.0 47128.0 0.0 0.0 18.0 6050.0 76.0 1.0 0.0 100.0 1.0 0.0
neo-slayer 2018 MAY 4 20 0 0.0 0.0 0.0 1819396.0000 89440.0 47200.0 0.0 0.0 17.0 21860.0 74.0 0.0 1.0 100.0 1.0 0.0
neo-slayer 2018 MAY 4 20 10 1.0 0.0 0.0 1818752.0000 90088.0 47284.0 0.0 0.0 16.0 18774.0 65.0 0.0 0.0 100.0 1.0 0.0
neo-slayer 2018 MAY 4 20 20 0.0 0.0 0.0 1818076.0000 90756.0 47364.0 0.0 0.0 17.0 598.0 68.0 0.0 0.0 100.0 1.0 0.0
neo-slayer 2018 MAY 4 20 30 1.0 0.0 0.0 1817044.0000 91536.0 47420.0 0.0 0.0 46.0 1042.0 73.0 1.0 0.0 100.0 1.0 0.0
neo-slayer 2018 MAY 4 20 40 0.0 1.0 0.0 1816400.0000 92228.0 47492.0 0.0 0.0 17.0 197.0 68.0 0.0 0.0 100.0 1.0 0.0
neo-slayer 2018 MAY 4 20 50 1.0 0.0 0.0 1815796.0000 92940.0 47576.0 0.0 0.0 19.0 494.0 79.0 1.0 0.0 100.0 1.0 0.0
neo-slayer 2018 MAY 4 21 0 0.0 0.0 0.0 1814740.0000 93628.0 47640.0 0.0 0.0 16.0 73.0 62.0 0.0 0.0 100.0 1.0 0.0
neo-slayer 2018 MAY 4 21 10 2.0 1.0 0.0 1813980.0000 94352.0 47720.0 0.0 0.0 20.0 68.0 62.0 0.0 0.0 100.0 1.0 0.0
neo-slayer 2018 MAY 4 21 20 0.0 0.0 0.0 1812964.0000 94908.0 47788.0 0.0 0.0 22.0 65.0 62.0 0.0 0.0 100.0 0.0 0.0
neo-slayer 2018 MAY 4 21 30 1.0 0.0 0.0 1812040.0000 95608.0 47848.0 0.0 0.0 50.0 370.0 76.0 1.0 0.0 100.0 1.0 0.0
neo-slayer 2018 MAY 4 21 40 0.0 1.0 0.0 1811652.0000 96332.0 47916.0 0.0 0.0 18.0 258.0 61.0 0.0 0.0 100.0 1.0 0.0
neo-slayer 2018 MAY 4 21 50 1.0 0.0 0.0 1810776.0000 97140.0 47992.0 0.0 0.0 19.0 316.0 70.0 0.0 0.0 100.0 1.0 0.0
neo-slayer 2018 MAY 4 22 0 0.0 0.0 0.0 1809992.0000 97896.0 48056.0 0.0 0.0 16.0 410.0 64.0 0.0 0.0 100.0 1.0 0.0
neo-slayer 2018 MAY 4 22 10 1.0 1.0 0.0 1809060.0000 98664.0 48128.0 0.0 0.0 20.0 117.0 73.0 0.0 0.0 100.0 1.0 0.0
neo-slayer 2018 MAY 4 22 20 0.0 0.0 0.0 1808340.0000 99304.0 48188.0 0.0 0.0 16.0 52.0 61.0 0.0 0.0 100.0 1.0 0.0
neo-slayer 2018 MAY 4 22 30 1.0 0.0 0.0 1807580.0000 99960.0 48248.0 0.0 0.0 19.0 559.0 65.0 0.0 0.0 100.0 1.0 0.0
neo-slayer 2018 MAY 4 22 40 0.0 1.0 0.0 1806796.0000 100692.0 48296.0 0.0 0.0 49.0 91.0 71.0 1.0 0.0 100.0 1.0 0.0
neo-slayer 2018 MAY 4 22 50 1.0 0.0 0.0 1806160.0000 101252.0 48348.0 0.0 0.0 15.0 70.0 70.0 0.0 0.0 100.0 1.0 0.0
neo-slayer 2018 MAY 4 23 0 1.0 0.0 0.0 1805384.0000 101872.0 48388.0 0.0 0.0 18.0 509.0 71.0 1.0 0.0 100.0 0.0 0.0
neo-slayer 2018 MAY 4 23 10 1.0 0.0 0.0 1804484.0000 102488.0 48436.0 0.0 0.0 16.0 69.0 65.0 0.0 0.0 100.0 1.0 0.0
neo-slayer 2018 MAY 4 23 20 0.0 1.0 0.0 1803708.0000 103040.0 48476.0 0.0 0.0 18.0 54.0 62.0 0.0 0.0 100.0 0.0 0.0
neo-slayer 2018 MAY 4 23 30 1.0 0.0 0.0 1803072.0000 103496.0 48516.0 0.0 0.0 14.0 93.0 76.0 1.0 0.0 100.0 0.0 0.0
neo-slayer 2018 MAY 4 23 40 0.0 0.0 0.0 1802824.0000 103852.0 48556.0 0.0 0.0 47.0 51.0 64.0 0.0 0.0 100.0 1.0 0.0
