neo-slayer 2018 MAY 5 0 0 1.0 1.0 0.0 1802296.0000 104356.0 48588.0 0.0 0.0 14.0 47.0 62.0 0.0 0.0 100.0 0.0 0.0
neo-slayer 2018 MAY 5 0 10 0.0 0.0 0.0 1801708.0000 104768.0 48624.0 0.0 0.0 17.0 55.0 61.0 0.0 0.0 100.0 0.0 0.0
neo-slayer 2018 MAY 5 0 20 1.0 0.0 0.0 1801336.0000 105244.0 48664.0 0.0 0.0 13.0 80.0 69.0 0.0 0.0 100.0 0.0 0.0
neo-slayer 2018 MAY 5 0 30 0.0 1.0 0.0 1800932.0000 105780.0 49132.0 0.0 0.0 87.0 136.0 128.0 1.0 0.0 100.0 4.0 0.0
neo-slayer 2018 MAY 5 0 40 1.0 0.0 0.0 1799908.0000 106192.0 49160.0 0.0 0.0 15.0 59.0 64.0 0.0 0.0 100.0 0.0 0.0
neo-slayer 2018 MAY 5 0 50 0.0 0.0 0.0 1799288.0000 106656.0 49188.0 0.0 0.0 48.0 46.0 63.0 0.0 0.0 100.0 1.0 0.0
neo-slayer 2018 MAY 5 1 0 1.0 1.0 0.0 1798584.0000 107124.0 49216.0 0.0 0.0 13.0 49.0 60.0 0.0 0.0 100.0 0.0 0.0
neo-slayer 2018 MAY 5 1 10 0.0 0.0 0.0 1798180.0000 107552.0 49256.0 0.0 0.0 13.0 52.0 61.0 0.0 0.0 100.0 0.0 0.0
neo-slayer 2018 MAY 5 1 20 1.0 0.0 0.0 1797808.0000 108024.0 49288.0 0.0 0.0 13.0 52.0 61.0 0.0 0.0 100.0 0.0 0.0
neo-slayer 2018 MAY 5 1 30 4.0 0.0 0.0 1797312.0000 108412.0 49320.0 0.0 0.0 13.0 46.0 62.0 0.0 0.0 100.0 0.0 0.0
neo-slayer 2018 MAY 5 1 40 1.0 0.0 0.0 1796816.0000 108820.0 49352.0 0.0 0.0 14.0 54.0 60.0 0.0 0.0 100.0 0.0 0.0
neo-slayer 2018 MAY 5 1 50 0.0 0.0 0.0 1796320.0000 109260.0 49384.0 0.0 0.0 46.0 45.0 63.0 0.0 0.0 100.0 0.0 0.0
neo-slayer 2018 MAY 5 2 0 1.0 1.0 0.0 1795832.0000 109724.0 49420.0 0.0 0.0 14.0 80.0 69.0 0.0 0.0 100.0 0.0 0.0
neo-slayer 2018 MAY 5 2 10 0.0 0.0 0.0 1795328.0000 110176.0 49444.0 0.0 0.0 16.0 53.0 64.0 0.0 0.0 100.0 0.0 0.0
neo-slayer 2018 MAY 5 2 20 1.0 0.0 0.0 1794980.0000 110568.0 49484.0 0.0 0.0 14.0 50.0 57.0 0.0 0.0 100.0 0.0 0.0
neo-slayer 2018 MAY 5 2 30 0.0 0.0 0.0 1794452.0000 111012.0 49516.0 0.0 0.0 13.0 79.0 65.0 0.0 0.0 100.0 0.0 0.0
neo-slayer 2018 MAY 5 2 40 1.0 1.0 0.0 1793956.0000 111364.0 49544.0 0.0 0.0 14.0 49.0 59.0 0.0 0.0 100.0 0.0 0.0
neo-slayer 2018 MAY 5 2 50 0.0 0.0 0.0 1793460.0000 111864.0 49576.0 0.0 0.0 42.0 62.0 67.0 0.0 0.0 100.0 0.0 0.0
neo-slayer 2018 MAY 5 3 0 1.0 0.0 0.0 1792964.0000 112308.0 49620.0 0.0 0.0 11.0 96.0 74.0 1.0 0.0 100.0 0.0 0.0
neo-slayer 2018 MAY 5 3 10 1.0 0.0 0.0 1792468.0000 112668.0 49652.0 0.0 0.0 14.0 92.0 77.0 1.0 0.0 100.0 0.0 0.0
neo-slayer 2018 MAY 5 3 20 1.0 0.0 0.0 1792128.0000 113056.0 49692.0 0.0 0.0 15.0 48.0 61.0 0.0 0.0 100.0 0.0 0.0
neo-slayer 2018 MAY 5 3 30 0.0 0.0 0.0 1791724.0000 113404.0 49724.0 0.0 0.0 14.0 67.0 64.0 0.0 0.0 100.0 0.0 0.0
neo-slayer 2018 MAY 5 3 40 1.0 0.0 0.0 1791396.0000 113720.0 49760.0 0.0 0.0 15.0 66.0 63.0 0.0 0.0 100.0 0.0 0.0
neo-slayer 2018 MAY 5 3 50 0.0 0.0 0.0 1790988.0000 114076.0 49788.0 0.0 0.0 43.0 47.0 62.0 0.0 0.0 100.0 0.0 0.0
neo-slayer 2018 MAY 5 4 0 1.0 0.0 0.0 1790616.0000 114420.0 49828.0 0.0 0.0 14.0 975.0 66.0 0.0 0.0 100.0 0.0 0.0
neo-slayer 2018 MAY 5 4 10 1.0 0.0 0.0 1790368.0000 114772.0 49856.0 0.0 0.0 15.0 68.0 70.0 0.0 0.0 100.0 0.0 0.0
neo-slayer 2018 MAY 5 4 20 1.0 0.0 0.0 1789864.0000 115132.0 49900.0 0.0 0.0 13.0 65.0 68.0 0.0 0.0 100.0 0.0 0.0
neo-slayer 2018 MAY 5 4 30 0.0 0.0 0.0 1789368.0000 115436.0 49936.0 0.0 0.0 15.0 54.0 64.0 0.0 0.0 100.0 0.0 0.0
neo-slayer 2018 MAY 5 4 40 1.0 0.0 0.0 1789004.0000 115804.0 49960.0 0.0 0.0 14.0 83.0 72.0 0.0 0.0 100.0 0.0 0.0
neo-slayer 2018 MAY 5 4 50 0.0 0.0 0.0 1788632.0000 116136.0 49996.0 0.0 0.0 45.0 61.0 65.0 0.0 0.0 100.0 0.0 0.0
neo-slayer 2018 MAY 5 5 0 1.0 0.0 0.0 1788424.0000 116460.0 50028.0 0.0 0.0 15.0 57.0 64.0 0.0 0.0 100.0 0.0 0.0
neo-slayer 2018 MAY 5 5 10 0.0 0.0 0.0 1788056.0000 116776.0 50064.0 0.0 0.0 13.0 72.0 69.0 0.0 0.0 100.0 0.0 0.0
neo-slayer 2018 MAY 5 5 20 1.0 0.0 0.0 1787680.0000 117084.0 50096.0 0.0 0.0 15.0 47.0 61.0 0.0 0.0 100.0 0.0 0.0
neo-slayer 2018 MAY 5 5 30 0.0 0.0 0.0 1787400.0000 117384.0 50132.0 0.0 0.0 15.0 51.0 62.0 0.0 0.0 100.0 0.0 0.0
neo-slayer 2018 MAY 5 5 40 1.0 0.0 0.0 1787152.0000 117740.0 50164.0 0.0 0.0 13.0 55.0 63.0 0.0 0.0 100.0 1.0 0.0
neo-slayer 2018 MAY 5 5 50 0.0 0.0 0.0 1786532.0000 118044.0 50188.0 0.0 0.0 45.0 51.0 59.0 0.0 0.0 100.0 0.0 0.0
neo-slayer 2018 MAY 5 6 0 1.0 0.0 0.0 1786160.0000 118352.0 50228.0 0.0 0.0 15.0 60.0 64.0 0.0 0.0 100.0 0.0 0.0
neo-slayer 2018 MAY 5 6 10 0.0 0.0 0.0 1785788.0000 118732.0 50256.0 0.0 0.0 15.0 51.0 60.0 0.0 0.0 100.0 0.0 0.0
neo-slayer 2018 MAY 5 6 20 1.0 0.0 0.0 1785448.0000 152708.0 84832.0 0.0 0.0 365.0 670.0 700.0 1.0 2.0 100.0 29.0 0.0
neo-slayer 2018 MAY 5 6 30 0.0 0.0 0.0 1908244.0000 152740.0 84832.0 0.0 0.0 34.0 83.0 105.0 0.0 0.0 100.0 1.0 0.0
neo-slayer 2018 MAY 5 6 40 0.0 0.0 0.0 1907048.0000 13200.0 41640.0 0.0 0.0 14.0 47.0 63.0 0.0 0.0 100.0 0.0 0.0
neo-slayer 2018 MAY 5 6 50 1.0 0.0 0.0 1905900.0000 14336.0 41680.0 0.0 0.0 15.0 59.0 66.0 0.0 0.0 100.0 1.0 0.0
neo-slayer 2018 MAY 5 7 0 0.0 0.0 0.0 1904396.0000 15476.0 41704.0 0.0 0.0 12.0 51.0 63.0 0.0 0.0 100.0 0.0 0.0
neo-slayer 2018 MAY 5 7 10 1.0 1.0 0.0 1903232.0000 16620.0 41744.0 0.0 0.0 15.0 58.0 63.0 0.0 0.0 100.0 0.0 0.0
neo-slayer 2018 MAY 5 7 20 0.0 0.0 0.0 1901852.0000 17756.0 41784.0 0.0 0.0 54.0 74.0 70.0 0.0 0.0 100.0 1.0 0.0
neo-slayer 2018 MAY 5 7 30 1.0 0.0 0.0 1900200.0000 18900.0 41812.0 0.0 0.0 12.0 58.0 66.0 0.0 0.0 100.0 0.0 0.0
neo-slayer 2018 MAY 5 7 40 0.0 0.0 0.0 1899276.0000 20036.0 41856.0 0.0 0.0 14.0 58.0 63.0 0.0 0.0 100.0 0.0 0.0
neo-slayer 2018 MAY 5 7 50 1.0 1.0 0.0 1898020.0000 21180.0 41888.0 0.0 0.0 20.0 94.0 61.0 0.0 0.0 100.0 0.0 0.0
neo-slayer 2018 MAY 5 8 0 0.0 0.0 0.0 1896764.0000 22352.0 41932.0 0.0 0.0 14.0 292.0 61.0 0.0 0.0 100.0 0.0 0.0
neo-slayer 2018 MAY 5 8 10 1.0 0.0 0.0 1895600.0000 23504.0 41984.0 0.0 0.0 17.0 383.0 61.0 0.0 0.0 100.0 0.0 0.0
neo-slayer 2018 MAY 5 8 20 0.0 1.0 0.0 1894352.0000 24644.0 42040.0 0.0 0.0 49.0 67.0 60.0 0.0 0.0 100.0 1.0 0.0
neo-slayer 2018 MAY 5 8 30 1.0 0.0 0.0 1893064.0000 25788.0 42088.0 0.0 0.0 20.0 105.0 62.0 0.0 0.0 100.0 1.0 0.0
neo-slayer 2018 MAY 5 8 40 0.0 0.0 0.0 1891544.0000 26932.0 42160.0 0.0 0.0 17.0 395.0 62.0 0.0 0.0 100.0 1.0 0.0
neo-slayer 2018 MAY 5 8 50 1.0 0.0 0.0 1890412.0000 28076.0 42212.0 0.0 0.0 17.0 201.0 60.0 0.0 0.0 100.0 1.0 0.0
neo-slayer 2018 MAY 5 9 0 2.0 1.0 0.0 1888928.0000 29204.0 42296.0 0.0 0.0 16.0 1723.0 68.0 1.0 0.0 100.0 1.0 0.0
neo-slayer 2018 MAY 5 9 10 1.0 0.0 0.0 1887836.0000 30332.0 42364.0 0.0 0.0 15.0 349.0 64.0 0.0 0.0 100.0 1.0 0.0
neo-slayer 2018 MAY 5 9 20 0.0 0.0 0.0 1886324.0000 31460.0 42432.0 0.0 0.0 46.0 367.0 63.0 0.0 0.0 100.0 1.0 0.0
neo-slayer 2018 MAY 5 9 30 2.0 0.0 0.0 1885104.0000 32580.0 42516.0 0.0 0.0 14.0 464.0 62.0 0.0 0.0 100.0 1.0 0.0
neo-slayer 2018 MAY 5 9 40 1.0 0.0 0.0 1883896.0000 33756.0 42596.0 0.0 0.0 15.0 2016.0 64.0 0.0 0.0 100.0 1.0 0.0
neo-slayer 2018 MAY 5 9 50 1.0 0.0 0.0 1882748.0000 34876.0 42692.0 0.0 0.0 15.0 1949.0 62.0 0.0 0.0 100.0 0.0 0.0
neo-slayer 2018 MAY 5 10 0 0.0 1.0 0.0 1881228.0000 36004.0 42780.0 0.0 0.0 17.0 1883.0 64.0 0.0 0.0 100.0 1.0 0.0
neo-slayer 2018 MAY 5 10 10 1.0 0.0 0.0 1880088.0000 37140.0 42888.0 0.0 0.0 18.0 1900.0 75.0 1.0 0.0 100.0 1.0 0.0
neo-slayer 2018 MAY 5 10 20 0.0 0.0 0.0 1878692.0000 38380.0 42980.0 0.0 0.0 50.0 1213.0 66.0 0.0 0.0 100.0 1.0 0.0
neo-slayer 2018 MAY 5 10 30 1.0 0.0 0.0 1877560.0000 39508.0 43052.0 0.0 0.0 16.0 133.0 70.0 0.0 0.0 100.0 0.0 0.0
neo-slayer 2018 MAY 5 10 40 0.0 0.0 0.0 1876264.0000 40548.0 43152.0 0.0 0.0 17.0 729.0 68.0 0.0 0.0 100.0 1.0 0.0
neo-slayer 2018 MAY 5 10 50 1.0 0.0 0.0 1874992.0000 41484.0 43240.0 0.0 0.0 15.0 1235.0 62.0 0.0 0.0 100.0 1.0 0.0
neo-slayer 2018 MAY 5 11 0 0.0 0.0 0.0 1874100.0000 42404.0 43324.0 0.0 0.0 16.0 1572.0 62.0 0.0 0.0 100.0 1.0 0.0
neo-slayer 2018 MAY 5 11 10 2.0 1.0 0.0 1872904.0000 43308.0 43404.0 0.0 0.0 17.0 1663.0 66.0 0.0 0.0 100.0 1.0 0.0
neo-slayer 2018 MAY 5 11 20 1.0 0.0 0.0 1871712.0000 44284.0 43480.0 0.0 0.0 18.0 1421.0 72.0 0.0 0.0 100.0 1.0 0.0
neo-slayer 2018 MAY 5 11 30 1.0 0.0 0.0 1870688.0000 45164.0 43548.0 0.0 0.0 47.0 878.0 74.0 1.0 0.0 100.0 0.0 0.0
neo-slayer 2018 MAY 5 11 40 4.0 1.0 0.0 1869804.0000 46056.0 43600.0 0.0 0.0 15.0 1089.0 62.0 0.0 0.0 100.0 1.0 0.0
neo-slayer 2018 MAY 5 11 50 1.0 0.0 0.0 1868788.0000 46980.0 43676.0 0.0 0.0 18.0 2520.0 75.0 0.0 0.0 100.0 1.0 0.0
neo-slayer 2018 MAY 5 12 0 1.0 0.0 0.0 1867772.0000 47916.0 43740.0 0.0 0.0 17.0 809.0 75.0 1.0 0.0 100.0 1.0 0.0
neo-slayer 2018 MAY 5 12 10 1.0 1.0 0.0 1866756.0000 48832.0 43796.0 0.0 0.0 15.0 814.0 66.0 0.0 0.0 100.0 1.0 0.0
neo-slayer 2018 MAY 5 12 20 0.0 0.0 0.0 1865716.0000 49660.0 43848.0 0.0 0.0 15.0 810.0 63.0 0.0 0.0 100.0 0.0 0.0
neo-slayer 2018 MAY 5 12 30 1.0 0.0 0.0 1864816.0000 50780.0 43872.0 0.0 0.0 47.0 802.0 60.0 0.0 0.0 100.0 1.0 0.0
neo-slayer 2018 MAY 5 12 40 1.0 0.0 0.0 1863552.0000 51756.0 43932.0 0.0 0.0 17.0 812.0 63.0 0.0 0.0 100.0 1.0 0.0
neo-slayer 2018 MAY 5 12 50 1.0 0.0 0.0 1862544.0000 52732.0 43968.0 0.0 0.0 17.0 549.0 62.0 0.0 0.0 100.0 1.0 0.0
neo-slayer 2018 MAY 5 13 0 1.0 0.0 0.0 1861520.0000 53744.0 44016.0 0.0 0.0 16.0 135.0 71.0 0.0 0.0 100.0 0.0 0.0
neo-slayer 2018 MAY 5 13 10 1.0 1.0 0.0 1860372.0000 54656.0 44060.0 0.0 0.0 14.0 246.0 62.0 0.0 0.0 100.0 0.0 0.0
neo-slayer 2018 MAY 5 13 20 1.0 0.0 0.0 1859364.0000 55592.0 44132.0 0.0 0.0 16.0 1258.0 64.0 0.0 0.0 100.0 1.0 0.0
neo-slayer 2018 MAY 5 13 30 1.0 0.0 0.0 1858356.0000 56540.0 44204.0 0.0 0.0 49.0 844.0 75.0 0.0 0.0 100.0 1.0 0.0
neo-slayer 2018 MAY 5 13 40 0.0 1.0 0.0 1857208.0000 57476.0 44276.0 0.0 0.0 17.0 22849.0 62.0 0.0 0.0 100.0 1.0 0.0
neo-slayer 2018 MAY 5 13 50 1.0 0.0 0.0 1856068.0000 58476.0 44356.0 0.0 0.0 18.0 22270.0 63.0 0.0 0.0 100.0 1.0 0.0
neo-slayer 2018 MAY 5 14 0 0.0 0.0 0.0 1854912.0000 59448.0 44428.0 0.0 0.0 23.0 10579.0 63.0 0.0 0.0 100.0 0.0 0.0
neo-slayer 2018 MAY 5 14 10 1.0 1.0 0.0 1853780.0000 60436.0 44512.0 0.0 0.0 14.0 1314.0 70.0 0.0 0.0 100.0 0.0 0.0
neo-slayer 2018 MAY 5 14 20 1.0 1.0 0.0 1852756.0000 61424.0 44596.0 0.0 0.0 23.0 975.0 71.0 0.0 0.0 100.0 1.0 0.0
neo-slayer 2018 MAY 5 14 30 1.0 0.0 0.0 1851500.0000 62304.0 44668.0 0.0 0.0 20.0 781.0 63.0 0.0 0.0 100.0 0.0 0.0
neo-slayer 2018 MAY 5 14 40 1.0 0.0 0.0 1850468.0000 63328.0 44740.0 0.0 0.0 50.0 418.0 64.0 0.0 0.0 100.0 1.0 0.0
neo-slayer 2018 MAY 5 14 50 1.0 0.0 0.0 1849256.0000 64248.0 44820.0 0.0 0.0 20.0 1072.0 65.0 0.0 0.0 100.0 1.0 0.0
neo-slayer 2018 MAY 5 15 0 0.0 0.0 0.0 1848304.0000 65040.0 44892.0 0.0 0.0 18.0 957.0 65.0 0.0 0.0 100.0 1.0 0.0
neo-slayer 2018 MAY 5 15 10 1.0 0.0 0.0 1847436.0000 65716.0 44976.0 0.0 0.0 17.0 1057.0 64.0 0.0 0.0 100.0 0.0 0.0
neo-slayer 2018 MAY 5 15 20 0.0 1.0 0.0 1846520.0000 66452.0 45048.0 0.0 0.0 17.0 472.0 71.0 0.0 0.0 100.0 1.0 0.0
neo-slayer 2018 MAY 5 15 30 1.0 0.0 0.0 1845868.0000 67232.0 45124.0 0.0 0.0 21.0 326.0 61.0 0.0 0.0 100.0 1.0 0.0
neo-slayer 2018 MAY 5 15 40 1.0 0.0 0.0 1844860.0000 68036.0 45188.0 0.0 0.0 50.0 568.0 76.0 1.0 0.0 100.0 1.0 0.0
neo-slayer 2018 MAY 5 15 50 1.0 0.0 0.0 1844216.0000 68960.0 45256.0 0.0 0.0 17.0 316.0 65.0 0.0 0.0 100.0 1.0 0.0
neo-slayer 2018 MAY 5 16 0 0.0 0.0 0.0 1843068.0000 69776.0 45328.0 0.0 0.0 15.0 800.0 66.0 0.0 0.0 100.0 0.0 0.0
neo-slayer 2018 MAY 5 16 10 1.0 0.0 0.0 1842084.0000 70588.0 45392.0 0.0 0.0 17.0 307.0 63.0 0.0 0.0 100.0 0.0 0.0
neo-slayer 2018 MAY 5 16 20 2.0 1.0 0.0 1841276.0000 71496.0 45464.0 0.0 0.0 20.0 215.0 76.0 1.0 0.0 100.0 1.0 0.0
neo-slayer 2018 MAY 5 16 30 1.0 0.0 0.0 1840276.0000 72304.0 45524.0 0.0 0.0 19.0 298.0 63.0 0.0 0.0 100.0 1.0 0.0
neo-slayer 2018 MAY 5 16 40 0.0 0.0 0.0 1839128.0000 73176.0 45576.0 0.0 0.0 49.0 171.0 70.0 0.0 0.0 100.0 1.0 0.0
neo-slayer 2018 MAY 5 16 50 1.0 0.0 0.0 1838228.0000 73960.0 45636.0 0.0 0.0 15.0 290.0 69.0 0.0 0.0 100.0 1.0 0.0
neo-slayer 2018 MAY 5 17 0 2.0 0.0 0.0 1837396.0000 74720.0 45692.0 0.0 0.0 16.0 83.0 74.0 0.0 0.0 100.0 1.0 0.0
neo-slayer 2018 MAY 5 17 10 1.0 0.0 0.0 1836436.0000 75512.0 45740.0 0.0 0.0 14.0 281.0 66.0 0.0 0.0 100.0 1.0 0.0
neo-slayer 2018 MAY 5 17 20 0.0 0.0 0.0 1835784.0000 76280.0 45784.0 0.0 0.0 15.0 85.0 71.0 0.0 0.0 100.0 1.0 0.0
neo-slayer 2018 MAY 5 17 30 1.0 1.0 0.0 1834696.0000 77108.0 45824.0 0.0 0.0 15.0 274.0 76.0 1.0 0.0 100.0 0.0 0.0
neo-slayer 2018 MAY 5 17 40 0.0 0.0 0.0 1834000.0000 77892.0 45852.0 0.0 0.0 53.0 47.0 61.0 0.0 0.0 100.0 1.0 0.0
neo-slayer 2018 MAY 5 17 50 1.0 0.0 0.0 1833100.0000 78716.0 45880.0 0.0 0.0 14.0 266.0 69.0 1.0 0.0 100.0 1.0 0.0
neo-slayer 2018 MAY 5 18 0 1.0 1.0 0.0 1832120.0000 79492.0 45912.0 0.0 0.0 14.0 83.0 70.0 0.0 0.0 100.0 1.0 0.0
neo-slayer 2018 MAY 5 18 10 1.0 0.0 0.0 1830804.0000 80372.0 45956.0 0.0 0.0 15.0 259.0 67.0 1.0 0.0 100.0 1.0 0.0
neo-slayer 2018 MAY 5 18 20 0.0 0.0 0.0 1830168.0000 81260.0 45996.0 0.0 0.0 15.0 48.0 64.0 0.0 0.0 100.0 0.0 0.0
neo-slayer 2018 MAY 5 18 30 1.0 1.0 0.0 1829324.0000 82040.0 46032.0 0.0 0.0 15.0 253.0 64.0 0.0 0.0 100.0 0.0 0.0
neo-slayer 2018 MAY 5 18 40 1.0 0.0 0.0 1828392.0000 82904.0 46056.0 0.0 0.0 49.0 48.0 62.0 0.0 0.0 100.0 1.0 0.0
neo-slayer 2018 MAY 5 18 50 1.0 0.0 0.0 1827632.0000 83696.0 46100.0 0.0 0.0 14.0 247.0 60.0 0.0 0.0 100.0 0.0 0.0
neo-slayer 2018 MAY 5 19 0 0.0 1.0 0.0 1826336.0000 84508.0 46140.0 0.0 0.0 14.0 99.0 77.0 1.0 0.0 100.0 0.0 0.0
neo-slayer 2018 MAY 5 19 10 1.0 0.0 0.0 1825716.0000 85212.0 46176.0 0.0 0.0 14.0 241.0 61.0 0.0 0.0 100.0 0.0 0.0
neo-slayer 2018 MAY 5 19 20 0.0 0.0 0.0 1824940.0000 85888.0 46228.0 0.0 0.0 17.0 72.0 66.0 0.0 0.0 100.0 1.0 0.0
neo-slayer 2018 MAY 5 19 30 1.0 0.0 0.0 1824204.0000 86564.0 46260.0 0.0 0.0 14.0 235.0 77.0 1.0 0.0 100.0 0.0 0.0
neo-slayer 2018 MAY 5 19 40 0.0 1.0 0.0 1823528.0000 87268.0 46304.0 0.0 0.0 44.0 61.0 61.0 0.0 0.0 100.0 0.0 0.0
neo-slayer 2018 MAY 5 19 50 1.0 0.0 0.0 1822760.0000 88040.0 46344.0 0.0 0.0 17.0 230.0 70.0 0.0 0.0 100.0 0.0 0.0
neo-slayer 2018 MAY 5 20 0 0.0 0.0 0.0 1821868.0000 88676.0 46380.0 0.0 0.0 14.0 63.0 64.0 0.0 0.0 100.0 0.0 0.0
neo-slayer 2018 MAY 5 20 10 1.0 1.0 0.0 1821256.0000 89348.0 46424.0 0.0 0.0 15.0 225.0 62.0 0.0 0.0 100.0 0.0 0.0
neo-slayer 2018 MAY 5 20 20 0.0 0.0 0.0 1820464.0000 90180.0 46464.0 0.0 0.0 14.0 64.0 66.0 0.0 0.0 100.0 0.0 0.0
neo-slayer 2018 MAY 5 20 30 1.0 0.0 0.0 1819540.0000 90920.0 46500.0 0.0 0.0 14.0 220.0 64.0 0.0 0.0 100.0 0.0 0.0
neo-slayer 2018 MAY 5 20 40 1.0 0.0 0.0 1818640.0000 91548.0 46548.0 0.0 0.0 47.0 79.0 72.0 0.0 0.0 100.0 1.0 0.0
neo-slayer 2018 MAY 5 20 50 1.0 0.0 0.0 1817880.0000 92232.0 46584.0 0.0 0.0 18.0 215.0 65.0 0.0 0.0 100.0 0.0 0.0
neo-slayer 2018 MAY 5 21 0 1.0 0.0 0.0 1817112.0000 92948.0 46624.0 0.0 0.0 13.0 56.0 61.0 0.0 0.0 100.0 0.0 0.0
neo-slayer 2018 MAY 5 21 10 1.0 0.0 0.0 1816476.0000 93660.0 46664.0 0.0 0.0 15.0 211.0 73.0 0.0 0.0 100.0 1.0 0.0
neo-slayer 2018 MAY 5 21 20 0.0 0.0 0.0 1815692.0000 94336.0 46696.0 0.0 0.0 13.0 50.0 63.0 0.0 0.0 100.0 0.0 0.0
neo-slayer 2018 MAY 5 21 30 1.0 0.0 0.0 1814892.0000 94988.0 46740.0 0.0 0.0 14.0 207.0 63.0 0.0 0.0 100.0 0.0 0.0
neo-slayer 2018 MAY 5 21 40 1.0 1.0 0.0 1814156.0000 95668.0 46776.0 0.0 0.0 21.0 58.0 65.0 0.0 0.0 100.0 1.0 0.0
neo-slayer 2018 MAY 5 21 50 1.0 0.0 0.0 1813396.0000 96364.0 46812.0 0.0 0.0 50.0 203.0 65.0 1.0 0.0 100.0 1.0 0.0
neo-slayer 2018 MAY 5 22 0 1.0 0.0 0.0 1812744.0000 97064.0 46864.0 0.0 0.0 14.0 57.0 67.0 0.0 0.0 100.0 0.0 0.0
neo-slayer 2018 MAY 5 22 10 1.0 0.0 0.0 1811860.0000 97804.0 46896.0 0.0 0.0 15.0 199.0 69.0 0.0 0.0 100.0 1.0 0.0
neo-slayer 2018 MAY 5 22 20 0.0 0.0 0.0 1811076.0000 98560.0 46932.0 0.0 0.0 14.0 53.0 62.0 0.0 0.0 100.0 0.0 0.0
neo-slayer 2018 MAY 5 22 30 1.0 0.0 0.0 1810052.0000 99248.0 46976.0 0.0 0.0 16.0 195.0 61.0 0.0 0.0 100.0 0.0 0.0
neo-slayer 2018 MAY 5 22 40 2.0 1.0 0.0 1809524.0000 99972.0 47016.0 0.0 0.0 14.0 64.0 67.0 0.0 0.0 100.0 0.0 0.0
neo-slayer 2018 MAY 5 22 50 1.0 0.0 0.0 1808640.0000 100660.0 47056.0 0.0 0.0 14.0 192.0 61.0 0.0 0.0 100.0 0.0 0.0
neo-slayer 2018 MAY 5 23 0 0.0 0.0 0.0 1807764.0000 101348.0 47092.0 0.0 0.0 50.0 84.0 71.0 0.0 0.0 100.0 1.0 0.0
neo-slayer 2018 MAY 5 23 10 1.0 1.0 0.0 1807112.0000 102048.0 47136.0 0.0 0.0 15.0 188.0 61.0 0.0 0.0 100.0 0.0 0.0
neo-slayer 2018 MAY 5 23 20 1.0 0.0 0.0 1806352.0000 102680.0 47172.0 0.0 0.0 15.0 69.0 64.0 0.0 0.0 100.0 0.0 0.0
neo-slayer 2018 MAY 5 23 30 1.0 0.0 0.0 1805584.0000 103168.0 47220.0 0.0 0.0 16.0 185.0 63.0 0.0 0.0 100.0 0.0 0.0
neo-slayer 2018 MAY 5 23 40 0.0 1.0 0.0 1805088.0000 103676.0 47256.0 0.0 0.0 14.0 58.0 67.0 0.0 0.0 100.0 0.0 0.0
