neo-slayer 2018 MAY 3 0 0 0.0 1.0 0.0 1791396.0000 105968.0 58020.0 0.0 0.0 17.0 253.0 69.0 1.0 0.0 100.0 1.0 0.0
neo-slayer 2018 MAY 3 0 10 1.0 0.0 0.0 1790600.0000 106412.0 58052.0 0.0 0.0 14.0 86.0 75.0 1.0 0.0 100.0 0.0 0.0
neo-slayer 2018 MAY 3 0 20 1.0 0.0 0.0 1790228.0000 106820.0 58092.0 0.0 0.0 12.0 248.0 61.0 0.0 0.0 100.0 1.0 0.0
neo-slayer 2018 MAY 3 0 30 0.0 1.0 0.0 1789732.0000 107332.0 58560.0 0.0 0.0 87.0 123.0 129.0 1.0 0.0 100.0 3.0 0.0
neo-slayer 2018 MAY 3 0 40 1.0 0.0 0.0 1788996.0000 107584.0 58588.0 0.0 0.0 14.0 244.0 67.0 0.0 0.0 100.0 0.0 0.0
neo-slayer 2018 MAY 3 0 50 0.0 0.0 0.0 1788716.0000 108088.0 58632.0 0.0 0.0 42.0 67.0 64.0 0.0 0.0 100.0 0.0 0.0
neo-slayer 2018 MAY 3 1 0 1.0 0.0 0.0 1788088.0000 108540.0 58656.0 0.0 0.0 16.0 240.0 74.0 1.0 0.0 100.0 0.0 0.0
neo-slayer 2018 MAY 3 1 10 0.0 0.0 0.0 1787716.0000 108948.0 58692.0 0.0 0.0 13.0 46.0 58.0 0.0 0.0 100.0 0.0 0.0
neo-slayer 2018 MAY 3 1 20 1.0 0.0 0.0 1787352.0000 109360.0 58720.0 0.0 0.0 15.0 236.0 60.0 0.0 0.0 100.0 0.0 0.0
neo-slayer 2018 MAY 3 1 30 1.0 0.0 0.0 1786856.0000 109784.0 58756.0 0.0 0.0 17.0 54.0 62.0 0.0 0.0 100.0 0.0 0.0
neo-slayer 2018 MAY 3 1 40 1.0 0.0 0.0 1786360.0000 110204.0 58788.0 0.0 0.0 12.0 232.0 58.0 0.0 0.0 100.0 0.0 0.0
neo-slayer 2018 MAY 3 1 50 0.0 0.0 0.0 1785864.0000 110564.0 58828.0 0.0 0.0 46.0 96.0 78.0 1.0 0.0 100.0 0.0 0.0
neo-slayer 2018 MAY 3 2 0 1.0 1.0 0.0 1785420.0000 110980.0 58852.0 0.0 0.0 16.0 229.0 61.0 0.0 0.0 100.0 0.0 0.0
neo-slayer 2018 MAY 3 2 10 1.0 0.0 0.0 1784996.0000 111412.0 58884.0 0.0 0.0 14.0 46.0 61.0 0.0 0.0 100.0 0.0 0.0
neo-slayer 2018 MAY 3 2 20 1.0 0.0 0.0 1784608.0000 111824.0 58916.0 0.0 0.0 13.0 225.0 64.0 0.0 0.0 100.0 0.0 0.0
neo-slayer 2018 MAY 3 2 30 0.0 0.0 0.0 1784056.0000 112304.0 58948.0 0.0 0.0 14.0 59.0 65.0 0.0 0.0 100.0 0.0 0.0
neo-slayer 2018 MAY 3 2 40 1.0 0.0 0.0 1783632.0000 112700.0 58976.0 0.0 0.0 13.0 222.0 58.0 0.0 0.0 100.0 0.0 0.0
neo-slayer 2018 MAY 3 2 50 0.0 0.0 0.0 1783136.0000 113064.0 59012.0 0.0 0.0 45.0 77.0 67.0 0.0 0.0 100.0 0.0 0.0
neo-slayer 2018 MAY 3 3 0 1.0 1.0 0.0 1782672.0000 113520.0 59052.0 0.0 0.0 15.0 219.0 65.0 0.0 0.0 100.0 0.0 0.0
neo-slayer 2018 MAY 3 3 10 0.0 0.0 0.0 1782144.0000 113884.0 59088.0 0.0 0.0 15.0 71.0 68.0 0.0 0.0 100.0 0.0 0.0
neo-slayer 2018 MAY 3 3 20 1.0 0.0 0.0 1781632.0000 114232.0 59120.0 0.0 0.0 14.0 215.0 72.0 1.0 0.0 100.0 0.0 0.0
neo-slayer 2018 MAY 3 3 30 0.0 1.0 0.0 1781508.0000 114532.0 59152.0 0.0 0.0 14.0 77.0 61.0 0.0 0.0 100.0 0.0 0.0
neo-slayer 2018 MAY 3 3 40 1.0 0.0 0.0 1780896.0000 114868.0 59192.0 0.0 0.0 14.0 1033.0 68.0 0.0 0.0 100.0 0.0 0.0
neo-slayer 2018 MAY 3 3 50 0.0 0.0 0.0 1780524.0000 115252.0 59216.0 0.0 0.0 49.0 57.0 60.0 0.0 0.0 100.0 1.0 0.0
neo-slayer 2018 MAY 3 4 0 4.0 1.0 0.0 1780036.0000 115524.0 59252.0 0.0 0.0 13.0 209.0 61.0 0.0 0.0 100.0 0.0 0.0
neo-slayer 2018 MAY 3 4 10 0.0 0.0 0.0 1779788.0000 115796.0 59288.0 0.0 0.0 16.0 50.0 60.0 0.0 0.0 100.0 0.0 0.0
neo-slayer 2018 MAY 3 4 20 1.0 0.0 0.0 1779540.0000 116156.0 59320.0 0.0 0.0 14.0 207.0 63.0 0.0 0.0 100.0 0.0 0.0
neo-slayer 2018 MAY 3 4 30 1.0 1.0 0.0 1779044.0000 116456.0 59356.0 0.0 0.0 15.0 67.0 66.0 0.0 0.0 100.0 0.0 0.0
neo-slayer 2018 MAY 3 4 40 1.0 0.0 0.0 1778796.0000 116756.0 59384.0 0.0 0.0 13.0 204.0 60.0 0.0 0.0 100.0 0.0 0.0
neo-slayer 2018 MAY 3 4 50 0.0 0.0 0.0 1778548.0000 117092.0 59420.0 0.0 0.0 47.0 50.0 60.0 0.0 0.0 100.0 0.0 0.0
neo-slayer 2018 MAY 3 5 0 1.0 0.0 0.0 1778332.0000 117396.0 59456.0 0.0 0.0 14.0 201.0 69.0 1.0 0.0 100.0 0.0 0.0
neo-slayer 2018 MAY 3 5 10 0.0 1.0 0.0 1777680.0000 117736.0 59484.0 0.0 0.0 13.0 79.0 67.0 0.0 0.0 100.0 0.0 0.0
neo-slayer 2018 MAY 3 5 20 1.0 0.0 0.0 1777556.0000 118120.0 59520.0 0.0 0.0 14.0 198.0 63.0 0.0 0.0 100.0 0.0 0.0
neo-slayer 2018 MAY 3 5 30 1.0 0.0 0.0 1776936.0000 118456.0 59556.0 0.0 0.0 14.0 55.0 63.0 0.0 0.0 100.0 0.0 0.0
neo-slayer 2018 MAY 3 5 40 1.0 1.0 0.0 1776616.0000 118784.0 59588.0 0.0 0.0 13.0 196.0 57.0 0.0 0.0 100.0 0.0 0.0
neo-slayer 2018 MAY 3 5 50 0.0 0.0 0.0 1776192.0000 119096.0 59616.0 0.0 0.0 13.0 44.0 59.0 0.0 0.0 100.0 0.0 0.0
neo-slayer 2018 MAY 3 6 0 1.0 0.0 0.0 1775852.0000 119392.0 59660.0 0.0 0.0 45.0 193.0 67.0 0.0 0.0 100.0 0.0 0.0
neo-slayer 2018 MAY 3 6 10 1.0 0.0 0.0 1775572.0000 119724.0 59680.0 0.0 0.0 13.0 55.0 62.0 0.0 0.0 100.0 0.0 0.0
neo-slayer 2018 MAY 3 6 20 1.0 1.0 0.0 1775324.0000 153588.0 94132.0 0.0 0.0 303.0 623.0 668.0 1.0 2.0 100.0 29.0 0.0
neo-slayer 2018 MAY 3 6 30 1.0 0.0 0.0 1908020.0000 153600.0 94128.0 0.0 0.0 55.0 80.0 101.0 0.0 0.0 100.0 1.0 0.0
neo-slayer 2018 MAY 3 6 40 0.0 1.0 0.0 1906824.0000 13284.0 41584.0 0.0 0.0 14.0 57.0 65.0 0.0 0.0 100.0 1.0 0.0
neo-slayer 2018 MAY 3 6 50 1.0 0.0 0.0 1905640.0000 14428.0 41612.0 0.0 0.0 14.0 54.0 66.0 0.0 0.0 100.0 1.0 0.0
neo-slayer 2018 MAY 3 7 0 0.0 0.0 0.0 1904204.0000 15568.0 41640.0 0.0 0.0 14.0 86.0 67.0 0.0 0.0 100.0 0.0 0.0
neo-slayer 2018 MAY 3 7 10 1.0 0.0 0.0 1903080.0000 16712.0 41684.0 0.0 0.0 14.0 68.0 70.0 0.0 0.0 100.0 1.0 0.0
neo-slayer 2018 MAY 3 7 20 1.0 0.0 0.0 1901892.0000 17852.0 41728.0 0.0 0.0 43.0 148.0 65.0 0.0 0.0 100.0 1.0 0.0
neo-slayer 2018 MAY 3 7 30 1.0 0.0 0.0 1900504.0000 19020.0 41764.0 0.0 0.0 18.0 627.0 72.0 1.0 0.0 100.0 1.0 0.0
neo-slayer 2018 MAY 3 7 40 0.0 0.0 0.0 1899076.0000 20164.0 41824.0 0.0 0.0 14.0 1026.0 63.0 0.0 0.0 100.0 1.0 0.0
neo-slayer 2018 MAY 3 7 50 1.0 1.0 0.0 1897728.0000 21300.0 41872.0 0.0 0.0 13.0 247.0 66.0 0.0 0.0 100.0 0.0 0.0
neo-slayer 2018 MAY 3 8 0 0.0 0.0 0.0 1896424.0000 22436.0 41920.0 0.0 0.0 14.0 240.0 62.0 0.0 0.0 100.0 0.0 0.0
neo-slayer 2018 MAY 3 8 10 1.0 0.0 0.0 1895268.0000 23588.0 41968.0 0.0 0.0 15.0 111.0 69.0 1.0 0.0 100.0 0.0 0.0
neo-slayer 2018 MAY 3 8 20 0.0 0.0 0.0 1893996.0000 24884.0 42020.0 0.0 0.0 47.0 76.0 63.0 0.0 0.0 100.0 1.0 0.0
neo-slayer 2018 MAY 3 8 30 1.0 0.0 0.0 1892608.0000 26020.0 42064.0 0.0 0.0 14.0 112.0 62.0 0.0 0.0 100.0 0.0 0.0
neo-slayer 2018 MAY 3 8 40 1.0 0.0 0.0 1891220.0000 27180.0 42120.0 0.0 0.0 17.0 97.0 62.0 0.0 0.0 100.0 1.0 0.0
neo-slayer 2018 MAY 3 8 50 1.0 0.0 0.0 1890088.0000 28364.0 42192.0 0.0 0.0 23.0 120.0 62.0 0.0 0.0 100.0 1.0 0.0
neo-slayer 2018 MAY 3 9 0 1.0 1.0 0.0 1888552.0000 29516.0 42264.0 0.0 0.0 17.0 2107.0 69.0 0.0 0.0 100.0 1.0 0.0
neo-slayer 2018 MAY 3 9 10 1.0 0.0 0.0 1887388.0000 30676.0 42328.0 0.0 0.0 17.0 200.0 61.0 0.0 0.0 100.0 1.0 0.0
neo-slayer 2018 MAY 3 9 20 0.0 0.0 0.0 1886132.0000 31812.0 42376.0 0.0 0.0 49.0 618.0 63.0 0.0 0.0 100.0 1.0 0.0
neo-slayer 2018 MAY 3 9 30 1.0 1.0 0.0 1884976.0000 32948.0 42436.0 0.0 0.0 17.0 1201.0 62.0 0.0 0.0 100.0 0.0 0.0
neo-slayer 2018 MAY 3 9 40 1.0 0.0 0.0 1883092.0000 34108.0 42504.0 0.0 0.0 17.0 1273.0 74.0 1.0 0.0 100.0 1.0 0.0
neo-slayer 2018 MAY 3 9 50 1.0 0.0 0.0 1881936.0000 35260.0 42564.0 0.0 0.0 16.0 1566.0 63.0 0.0 0.0 100.0 1.0 0.0
neo-slayer 2018 MAY 3 10 0 1.0 0.0 0.0 1880912.0000 36436.0 42620.0 0.0 0.0 16.0 415.0 65.0 0.0 0.0 100.0 1.0 0.0
neo-slayer 2018 MAY 3 10 10 1.0 1.0 0.0 1879444.0000 37612.0 42684.0 0.0 0.0 16.0 3059.0 79.0 0.0 0.0 100.0 1.0 0.0
neo-slayer 2018 MAY 3 10 20 0.0 0.0 0.0 1878444.0000 38756.0 42712.0 0.0 0.0 46.0 1938.0 62.0 0.0 0.0 100.0 1.0 0.0
neo-slayer 2018 MAY 3 10 30 1.0 0.0 0.0 1877048.0000 39944.0 42760.0 0.0 0.0 15.0 2463.0 63.0 0.0 0.0 100.0 1.0 0.0
neo-slayer 2018 MAY 3 10 40 0.0 1.0 0.0 1875552.0000 41084.0 42840.0 0.0 0.0 21.0 2494.0 67.0 0.0 0.0 100.0 1.0 0.0
neo-slayer 2018 MAY 3 10 50 1.0 1.0 0.0 1874396.0000 42028.0 43028.0 0.0 0.0 22.0 859.0 68.0 0.0 0.0 100.0 1.0 0.0
neo-slayer 2018 MAY 3 11 0 0.0 0.0 0.0 1872876.0000 42972.0 43212.0 0.0 0.0 16.0 850.0 76.0 1.0 0.0 100.0 1.0 0.0
neo-slayer 2018 MAY 3 11 10 1.0 1.0 0.0 1871736.0000 44064.0 43424.0 0.0 0.0 21.0 1225.0 66.0 0.0 0.0 100.0 1.0 0.0
neo-slayer 2018 MAY 3 11 20 0.0 0.0 0.0 1870448.0000 45116.0 43636.0 0.0 0.0 48.0 2252.0 68.0 0.0 0.0 100.0 1.0 0.0
neo-slayer 2018 MAY 3 11 30 1.0 0.0 0.0 1869068.0000 46008.0 43920.0 0.0 0.0 16.0 1108.0 81.0 0.0 0.0 100.0 1.0 0.0
neo-slayer 2018 MAY 3 11 40 0.0 0.0 0.0 1867764.0000 47000.0 44204.0 0.0 0.0 19.0 1106.0 73.0 0.0 0.0 100.0 1.0 0.0
neo-slayer 2018 MAY 3 11 50 1.0 1.0 0.0 1866556.0000 47968.0 44496.0 0.0 0.0 18.0 2608.0 70.0 0.0 0.0 100.0 1.0 0.0
neo-slayer 2018 MAY 3 12 0 0.0 0.0 0.0 1865244.0000 48972.0 44756.0 0.0 0.0 15.0 4269.0 69.0 0.0 0.0 100.0 1.0 0.0
neo-slayer 2018 MAY 3 12 10 1.0 0.0 0.0 1864112.0000 50144.0 45016.0 0.0 0.0 26.0 409.0 74.0 0.0 0.0 100.0 2.0 0.0
neo-slayer 2018 MAY 3 12 20 0.0 0.0 0.0 1862592.0000 51348.0 45160.0 0.0 0.0 49.0 263.0 70.0 0.0 0.0 100.0 2.0 0.0
neo-slayer 2018 MAY 3 12 30 1.0 0.0 0.0 1861104.0000 52248.0 45248.0 0.0 0.0 18.0 576.0 70.0 0.0 0.0 100.0 1.0 0.0
neo-slayer 2018 MAY 3 12 40 0.0 0.0 0.0 1860180.0000 53224.0 45344.0 0.0 0.0 23.0 1355.0 66.0 0.0 0.0 100.0 1.0 0.0
neo-slayer 2018 MAY 3 12 50 2.0 1.0 0.0 1858992.0000 54188.0 45392.0 0.0 0.0 21.0 5407.0 63.0 0.0 0.0 100.0 1.0 0.0
neo-slayer 2018 MAY 3 13 0 0.0 0.0 0.0 1857884.0000 55160.0 45452.0 0.0 0.0 15.0 620.0 64.0 0.0 0.0 100.0 1.0 0.0
neo-slayer 2018 MAY 3 13 10 1.0 0.0 0.0 1856876.0000 56188.0 45516.0 0.0 0.0 16.0 1593.0 65.0 0.0 0.0 100.0 1.0 0.0
neo-slayer 2018 MAY 3 13 20 2.0 1.0 0.0 1855704.0000 57184.0 45584.0 0.0 0.0 20.0 479.0 64.0 0.0 0.0 100.0 1.0 0.0
neo-slayer 2018 MAY 3 13 30 1.0 0.0 0.0 1854580.0000 58080.0 45604.0 0.0 0.0 53.0 2727.0 75.0 1.0 0.0 100.0 1.0 0.0
neo-slayer 2018 MAY 3 13 40 1.0 1.0 0.0 1853664.0000 59028.0 45680.0 0.0 0.0 17.0 1349.0 62.0 0.0 0.0 100.0 1.0 0.0
neo-slayer 2018 MAY 3 13 50 1.0 0.0 0.0 1852656.0000 59956.0 45764.0 0.0 0.0 19.0 1467.0 63.0 0.0 0.0 100.0 1.0 0.0
neo-slayer 2018 MAY 3 14 0 1.0 0.0 0.0 1851516.0000 60892.0 45840.0 0.0 0.0 24.0 2321.0 69.0 0.0 0.0 100.0 1.0 0.0
neo-slayer 2018 MAY 3 14 10 1.0 1.0 0.0 1850484.0000 61800.0 45928.0 0.0 0.0 20.0 1673.0 63.0 0.0 0.0 100.0 1.0 0.0
neo-slayer 2018 MAY 3 14 20 2.0 1.0 0.0 1849476.0000 62676.0 46016.0 0.0 0.0 19.0 3304.0 74.0 1.0 0.0 100.0 1.0 0.0
neo-slayer 2018 MAY 3 14 30 1.0 0.0 0.0 1848328.0000 63552.0 46076.0 0.0 0.0 47.0 1124.0 80.0 1.0 0.0 100.0 1.0 0.0
neo-slayer 2018 MAY 3 14 40 1.0 0.0 0.0 1847568.0000 64336.0 46168.0 0.0 0.0 21.0 1784.0 63.0 0.0 0.0 100.0 1.0 0.0
neo-slayer 2018 MAY 3 14 50 1.0 1.0 0.0 1846568.0000 65088.0 46236.0 0.0 0.0 16.0 3744.0 64.0 0.0 0.0 100.0 1.0 0.0
neo-slayer 2018 MAY 3 15 0 0.0 0.0 0.0 1845628.0000 65976.0 46324.0 0.0 0.0 19.0 2441.0 64.0 0.0 0.0 100.0 1.0 0.0
neo-slayer 2018 MAY 3 15 10 1.0 0.0 0.0 1844636.0000 66808.0 46412.0 0.0 0.0 19.0 3197.0 62.0 0.0 0.0 100.0 1.0 0.0
neo-slayer 2018 MAY 3 15 20 1.0 0.0 0.0 1843720.0000 67644.0 46496.0 0.0 0.0 18.0 3291.0 65.0 0.0 0.0 100.0 1.0 0.0
neo-slayer 2018 MAY 3 15 30 1.0 0.0 0.0 1842496.0000 68468.0 46556.0 0.0 0.0 45.0 4008.0 63.0 0.0 0.0 100.0 1.0 0.0
neo-slayer 2018 MAY 3 15 40 0.0 0.0 0.0 1841720.0000 69328.0 46652.0 0.0 0.0 21.0 1159.0 70.0 0.0 0.0 100.0 1.0 0.0
neo-slayer 2018 MAY 3 15 50 1.0 0.0 0.0 1840764.0000 70144.0 46732.0 0.0 0.0 18.0 3070.0 68.0 0.0 0.0 100.0 1.0 0.0
neo-slayer 2018 MAY 3 16 0 1.0 1.0 0.0 1839940.0000 70936.0 46820.0 0.0 0.0 15.0 2611.0 77.0 0.0 0.0 100.0 1.0 0.0
neo-slayer 2018 MAY 3 16 10 1.0 0.0 0.0 1838780.0000 71696.0 46880.0 0.0 0.0 18.0 1359.0 67.0 0.0 0.0 100.0 1.0 0.0
neo-slayer 2018 MAY 3 16 20 0.0 0.0 0.0 1838128.0000 72500.0 46944.0 0.0 0.0 15.0 1808.0 63.0 0.0 0.0 100.0 0.0 0.0
neo-slayer 2018 MAY 3 16 30 1.0 1.0 0.0 1837140.0000 73296.0 46996.0 0.0 0.0 49.0 768.0 72.0 0.0 0.0 100.0 1.0 0.0
neo-slayer 2018 MAY 3 16 40 1.0 0.0 0.0 1836096.0000 74144.0 47048.0 0.0 0.0 15.0 105.0 73.0 0.0 0.0 100.0 1.0 0.0
neo-slayer 2018 MAY 3 16 50 1.0 0.0 0.0 1835460.0000 74916.0 47112.0 0.0 0.0 16.0 357.0 65.0 0.0 0.0 100.0 1.0 0.0
neo-slayer 2018 MAY 3 17 0 1.0 0.0 0.0 1834528.0000 75580.0 47172.0 0.0 0.0 13.0 1197.0 63.0 0.0 0.0 100.0 1.0 0.0
neo-slayer 2018 MAY 3 17 10 1.0 0.0 0.0 1833932.0000 76344.0 47236.0 0.0 0.0 16.0 205.0 65.0 0.0 0.0 100.0 1.0 0.0
neo-slayer 2018 MAY 3 17 20 1.0 0.0 0.0 1832908.0000 77084.0 47320.0 0.0 0.0 15.0 139.0 66.0 0.0 0.0 100.0 0.0 0.0
neo-slayer 2018 MAY 3 17 30 1.0 0.0 0.0 1832256.0000 77872.0 47356.0 0.0 0.0 49.0 552.0 74.0 0.0 0.0 100.0 1.0 0.0
neo-slayer 2018 MAY 3 17 40 0.0 1.0 0.0 1831248.0000 78596.0 47456.0 0.0 0.0 18.0 14104.0 74.0 1.0 0.0 100.0 1.0 0.0
neo-slayer 2018 MAY 3 17 50 1.0 0.0 0.0 1830316.0000 79436.0 47552.0 0.0 0.0 17.0 2411.0 63.0 0.0 0.0 100.0 1.0 0.0
neo-slayer 2018 MAY 3 18 0 0.0 0.0 0.0 1829292.0000 80164.0 47660.0 0.0 0.0 16.0 1346.0 64.0 0.0 0.0 100.0 0.0 0.0
neo-slayer 2018 MAY 3 18 10 1.0 0.0 0.0 1828384.0000 80912.0 47792.0 0.0 0.0 19.0 2349.0 72.0 0.0 0.0 100.0 1.0 0.0
neo-slayer 2018 MAY 3 18 20 0.0 0.0 0.0 1827244.0000 81908.0 47932.0 0.0 0.0 18.0 1283.0 66.0 0.0 0.0 100.0 1.0 0.0
neo-slayer 2018 MAY 3 18 30 1.0 0.0 0.0 1825956.0000 82820.0 48048.0 0.0 0.0 49.0 1083.0 66.0 0.0 0.0 100.0 1.0 0.0
neo-slayer 2018 MAY 3 18 40 0.0 0.0 0.0 1824932.0000 83544.0 48192.0 0.0 0.0 19.0 1459.0 72.0 0.0 0.0 100.0 1.0 0.0
neo-slayer 2018 MAY 3 18 50 1.0 0.0 0.0 1823908.0000 84372.0 48336.0 0.0 0.0 19.0 1420.0 71.0 1.0 0.0 100.0 1.0 0.0
neo-slayer 2018 MAY 3 19 0 0.0 0.0 0.0 1823148.0000 85064.0 48476.0 0.0 0.0 16.0 1234.0 66.0 0.0 0.0 100.0 0.0 0.0
neo-slayer 2018 MAY 3 19 10 1.0 1.0 0.0 1822248.0000 85800.0 59768.0 0.0 0.0 21.0 587.0 247.0 0.0 0.0 100.0 1.0 0.0
neo-slayer 2018 MAY 3 19 20 1.0 1.0 0.0 1810048.0000 86452.0 59912.0 0.0 0.0 18.0 1034.0 202.0 0.0 0.0 100.0 0.0 0.0
neo-slayer 2018 MAY 3 19 30 1.0 0.0 0.0 1809164.0000 87176.0 60032.0 0.0 0.0 47.0 324.0 66.0 0.0 0.0 100.0 1.0 0.0
neo-slayer 2018 MAY 3 19 40 0.0 0.0 0.0 1808280.0000 87872.0 60160.0 0.0 0.0 21.0 1161.0 65.0 0.0 0.0 100.0 1.0 0.0
neo-slayer 2018 MAY 3 19 50 1.0 1.0 0.0 1807628.0000 88544.0 60272.0 0.0 0.0 19.0 411.0 66.0 0.0 0.0 100.0 1.0 0.0
neo-slayer 2018 MAY 3 20 0 0.0 0.0 0.0 1806852.0000 89336.0 60400.0 0.0 0.0 22.0 554.0 65.0 0.0 0.0 100.0 1.0 0.0
neo-slayer 2018 MAY 3 20 10 1.0 0.0 0.0 1805968.0000 89948.0 60504.0 0.0 0.0 17.0 635.0 63.0 0.0 0.0 100.0 1.0 0.0
neo-slayer 2018 MAY 3 20 20 0.0 1.0 0.0 1805068.0000 90704.0 60604.0 0.0 0.0 15.0 2318.0 63.0 0.0 0.0 100.0 1.0 0.0
neo-slayer 2018 MAY 3 20 30 1.0 0.0 0.0 1804292.0000 91380.0 60668.0 0.0 0.0 48.0 420.0 65.0 0.0 0.0 100.0 1.0 0.0
neo-slayer 2018 MAY 3 20 40 0.0 0.0 0.0 1803516.0000 92104.0 60764.0 0.0 0.0 17.0 1450.0 65.0 0.0 0.0 100.0 1.0 0.0
neo-slayer 2018 MAY 3 20 50 1.0 1.0 0.0 1802524.0000 93000.0 60860.0 0.0 0.0 19.0 474.0 69.0 0.0 0.0 100.0 1.0 0.0
neo-slayer 2018 MAY 3 21 0 0.0 0.0 0.0 1801368.0000 93752.0 60964.0 0.0 0.0 26.0 414.0 78.0 1.0 0.0 100.0 1.0 0.0
neo-slayer 2018 MAY 3 21 10 1.0 0.0 0.0 1800592.0000 94448.0 61072.0 0.0 0.0 19.0 146.0 70.0 1.0 0.0 100.0 1.0 0.0
neo-slayer 2018 MAY 3 21 20 1.0 1.0 0.0 1799824.0000 95188.0 61160.0 0.0 0.0 19.0 118.0 65.0 0.0 0.0 100.0 1.0 0.0
neo-slayer 2018 MAY 3 21 30 1.0 0.0 0.0 1798848.0000 96020.0 61228.0 0.0 0.0 45.0 175.0 66.0 0.0 0.0 100.0 1.0 0.0
neo-slayer 2018 MAY 3 21 40 0.0 0.0 0.0 1798040.0000 96652.0 61272.0 0.0 0.0 22.0 250.0 61.0 0.0 0.0 100.0 1.0 0.0
neo-slayer 2018 MAY 3 21 50 1.0 0.0 0.0 1797172.0000 97356.0 61328.0 0.0 0.0 15.0 141.0 62.0 0.0 0.0 100.0 0.0 0.0
neo-slayer 2018 MAY 3 22 0 0.0 0.0 0.0 1796308.0000 98120.0 61372.0 0.0 0.0 16.0 81.0 61.0 0.0 0.0 100.0 1.0 0.0
neo-slayer 2018 MAY 3 22 10 1.0 1.0 0.0 1795620.0000 98884.0 61424.0 0.0 0.0 17.0 139.0 60.0 0.0 0.0 100.0 1.0 0.0
neo-slayer 2018 MAY 3 22 20 1.0 1.0 0.0 1794720.0000 99524.0 61468.0 0.0 0.0 15.0 81.0 69.0 0.0 0.0 100.0 0.0 0.0
neo-slayer 2018 MAY 3 22 30 1.0 0.0 0.0 1794068.0000 100260.0 61516.0 0.0 0.0 47.0 136.0 65.0 0.0 0.0 100.0 1.0 0.0
neo-slayer 2018 MAY 3 22 40 1.0 0.0 0.0 1793432.0000 100952.0 61532.0 0.0 0.0 15.0 66.0 62.0 0.0 0.0 100.0 1.0 0.0
neo-slayer 2018 MAY 3 22 50 1.0 1.0 0.0 1792532.0000 101560.0 61564.0 0.0 0.0 14.0 134.0 63.0 0.0 0.0 100.0 1.0 0.0
neo-slayer 2018 MAY 3 23 0 0.0 0.0 0.0 1791896.0000 102184.0 61624.0 0.0 0.0 15.0 79.0 69.0 1.0 0.0 100.0 0.0 0.0
neo-slayer 2018 MAY 3 23 10 1.0 0.0 0.0 1790980.0000 102776.0 61664.0 0.0 0.0 13.0 132.0 68.0 1.0 0.0 100.0 0.0 0.0
neo-slayer 2018 MAY 3 23 20 1.0 0.0 0.0 1790592.0000 103300.0 61704.0 0.0 0.0 15.0 61.0 61.0 0.0 0.0 100.0 0.0 0.0
neo-slayer 2018 MAY 3 23 30 1.0 0.0 0.0 1789988.0000 103740.0 61744.0 0.0 0.0 16.0 130.0 61.0 0.0 0.0 100.0 0.0 0.0
neo-slayer 2018 MAY 3 23 40 1.0 0.0 0.0 1789336.0000 104284.0 61780.0 0.0 0.0 46.0 82.0 67.0 1.0 0.0 100.0 0.0 0.0
