yogafire 2018 MAY 5 0 0 4.0 0.0 0.0 1825232.0000 249868.0 521708.0 0.0 0.0 209.0 223.0 111.0 2.0 4.0 100.0 1.0 0.0
yogafire 2018 MAY 5 0 10 6.0 0.0 0.0 1820992.0000 250284.0 521904.0 0.0 0.0 191.0 168.0 100.0 2.0 2.0 100.0 0.0 0.0
yogafire 2018 MAY 5 0 20 2.0 0.0 0.0 1820200.0000 250632.0 522072.0 0.0 0.0 73.0 279.0 125.0 5.0 2.0 100.0 0.0 0.0
yogafire 2018 MAY 5 0 30 2.0 4.0 0.0 1820240.0000 251056.0 522476.0 0.0 0.0 206.0 253.0 217.0 3.0 4.0 100.0 1.0 0.0
yogafire 2018 MAY 5 0 40 4.0 1.0 0.0 1820028.0000 251388.0 522524.0 0.0 0.0 215.0 248.0 117.0 5.0 2.0 100.0 0.0 0.0
yogafire 2018 MAY 5 0 50 4.0 2.0 0.0 1814392.0000 436104.0 553088.0 0.0 0.0 304.0 804.0 451.0 3.0 5.0 100.0 28.0 0.0
yogafire 2018 MAY 5 1 0 2.0 1.0 0.0 1580692.0000 436616.0 212168.0 0.0 0.0 248.0 310.0 160.0 5.0 2.0 100.0 4.0 0.0
yogafire 2018 MAY 5 1 10 3.0 0.0 0.0 1569012.0000 437028.0 212896.0 0.0 0.0 78.0 200.0 98.0 2.0 2.0 100.0 0.0 0.0
yogafire 2018 MAY 5 1 20 4.0 0.0 0.0 1569728.0000 437164.0 213384.0 0.0 0.0 151.0 273.0 145.0 3.0 2.0 100.0 0.0 0.0
yogafire 2018 MAY 5 1 30 0.0 0.0 0.0 1569728.0000 437520.0 213820.0 0.0 0.0 63.0 166.0 94.0 2.0 2.0 100.0 0.0 0.0
yogafire 2018 MAY 5 1 40 5.0 1.0 0.0 1568240.0000 437848.0 214536.0 0.0 0.0 88.0 264.0 110.0 6.0 2.0 100.0 3.0 0.0
yogafire 2018 MAY 5 1 50 3.0 0.0 0.0 1567256.0000 438104.0 214936.0 0.0 0.0 62.0 189.0 93.0 2.0 2.0 100.0 2.0 0.0
yogafire 2018 MAY 5 2 0 4.0 0.0 0.0 1567132.0000 438368.0 215408.0 0.0 0.0 131.0 240.0 147.0 3.0 2.0 100.0 1.0 0.0
yogafire 2018 MAY 5 2 10 1.0 0.0 0.0 1566980.0000 438612.0 215520.0 0.0 0.0 108.0 213.0 108.0 2.0 2.0 100.0 0.0 0.0
yogafire 2018 MAY 5 2 20 3.0 0.0 0.0 1567576.0000 439008.0 215728.0 0.0 0.0 178.0 190.0 125.0 2.0 1.0 100.0 0.0 0.0
yogafire 2018 MAY 5 2 30 3.0 0.0 0.0 1566796.0000 439400.0 216136.0 0.0 0.0 130.0 252.0 126.0 5.0 2.0 100.0 0.0 0.0
yogafire 2018 MAY 5 2 40 3.0 0.0 0.0 1566384.0000 439716.0 216332.0 0.0 0.0 115.0 198.0 120.0 2.0 2.0 100.0 1.0 0.0
yogafire 2018 MAY 5 2 50 6.0 0.0 0.0 1567216.0000 439948.0 216524.0 0.0 0.0 109.0 200.0 111.0 2.0 2.0 100.0 0.0 0.0
yogafire 2018 MAY 5 3 0 4.0 0.0 0.0 1566224.0000 440276.0 216648.0 0.0 0.0 65.0 198.0 112.0 1.0 2.0 100.0 0.0 0.0
yogafire 2018 MAY 5 3 10 1.0 2.0 0.0 1566092.0000 440716.0 216820.0 0.0 0.0 66.0 209.0 116.0 2.0 3.0 100.0 4.0 0.0
yogafire 2018 MAY 5 3 20 4.0 1.0 0.0 1565572.0000 441708.0 219184.0 0.0 0.0 83.0 207.0 114.0 1.0 2.0 100.0 10.0 0.0
yogafire 2018 MAY 5 3 30 4.0 0.0 0.0 1564380.0000 442016.0 219544.0 0.0 0.0 222.0 169.0 95.0 2.0 2.0 100.0 0.0 0.0
yogafire 2018 MAY 5 3 40 3.0 0.0 0.0 1563296.0000 442352.0 219744.0 0.0 0.0 98.0 183.0 95.0 1.0 2.0 100.0 1.0 0.0
yogafire 2018 MAY 5 3 50 1.0 1.0 0.0 2865152.0000 442368.0 219752.0 0.0 0.0 286.0 293.0 172.0 5.0 2.0 100.0 3.0 0.0
yogafire 2018 MAY 5 4 0 4.0 0.0 0.0 2850672.0000 24148.0 72760.0 0.0 0.0 108.0 207.0 127.0 3.0 3.0 100.0 1.0 0.0
yogafire 2018 MAY 5 4 10 3.0 0.0 0.0 2851548.0000 25604.0 73676.0 0.0 0.0 132.0 219.0 125.0 4.0 2.0 100.0 1.0 0.0
yogafire 2018 MAY 5 4 20 2.0 0.0 0.0 2847764.0000 26312.0 74280.0 0.0 0.0 130.0 214.0 115.0 3.0 3.0 100.0 1.0 0.0
yogafire 2018 MAY 5 4 30 3.0 0.0 0.0 2844476.0000 27272.0 75096.0 0.0 0.0 189.0 274.0 142.0 6.0 2.0 100.0 1.0 0.0
yogafire 2018 MAY 5 4 40 4.0 0.0 0.0 2843932.0000 28104.0 75568.0 0.0 0.0 136.0 169.0 100.0 2.0 3.0 100.0 0.0 0.0
yogafire 2018 MAY 5 4 50 6.0 0.0 0.0 2842576.0000 28988.0 75844.0 0.0 0.0 172.0 238.0 132.0 2.0 2.0 100.0 1.0 0.0
yogafire 2018 MAY 5 5 0 4.0 0.0 0.0 2840568.0000 30092.0 76208.0 0.0 0.0 103.0 250.0 140.0 2.0 2.0 100.0 0.0 0.0
yogafire 2018 MAY 5 5 10 5.0 0.0 0.0 2838824.0000 30852.0 76504.0 0.0 0.0 126.0 332.0 128.0 10.0 2.0 100.0 0.0 0.0
yogafire 2018 MAY 5 5 20 4.0 0.0 0.0 2838692.0000 34136.0 78484.0 0.0 0.0 149.0 211.0 112.0 2.0 2.0 100.0 3.0 0.0
yogafire 2018 MAY 5 5 30 7.0 1.0 0.0 2829116.0000 35192.0 78768.0 0.0 0.0 113.0 213.0 123.0 2.0 2.0 100.0 0.0 0.0
yogafire 2018 MAY 5 5 40 3.0 0.0 0.0 2828860.0000 35848.0 78844.0 0.0 0.0 68.0 169.0 105.0 0.0 2.0 100.0 0.0 0.0
yogafire 2018 MAY 5 5 50 4.0 1.0 0.0 2827984.0000 37532.0 79184.0 0.0 0.0 153.0 263.0 142.0 4.0 2.0 100.0 0.0 0.0
yogafire 2018 MAY 5 6 0 4.0 1.0 0.0 2828084.0000 38192.0 79316.0 0.0 0.0 129.0 206.0 116.0 2.0 3.0 100.0 0.0 0.0
yogafire 2018 MAY 5 6 10 5.0 2.0 0.0 2827340.0000 156820.0 179008.0 0.0 0.0 721.0 377.0 377.0 3.0 6.0 100.0 25.0 0.0
yogafire 2018 MAY 5 6 20 4.0 0.0 0.0 2621032.0000 157820.0 143084.0 0.0 0.0 303.0 266.0 147.0 4.0 5.0 100.0 0.0 0.0
yogafire 2018 MAY 5 6 30 5.0 0.0 0.0 2616224.0000 158628.0 143352.0 0.0 0.0 124.0 172.0 97.0 2.0 2.0 100.0 1.0 0.0
yogafire 2018 MAY 5 6 40 3.0 0.0 0.0 2615628.0000 159340.0 143560.0 0.0 0.0 218.0 241.0 137.0 2.0 2.0 100.0 0.0 0.0
yogafire 2018 MAY 5 6 50 4.0 0.0 0.0 2615256.0000 160324.0 143980.0 0.0 0.0 188.0 269.0 176.0 3.0 2.0 100.0 1.0 0.0
yogafire 2018 MAY 5 7 0 3.0 0.0 0.0 2612760.0000 161340.0 144348.0 0.0 0.0 168.0 254.0 149.0 2.0 3.0 100.0 0.0 0.0
yogafire 2018 MAY 5 7 10 5.0 1.0 0.0 2608588.0000 164280.0 148468.0 0.0 0.0 122.0 243.0 146.0 2.0 1.0 100.0 2.0 0.0
yogafire 2018 MAY 5 7 20 3.0 0.0 0.0 2603636.0000 165084.0 148592.0 0.0 0.0 197.0 190.0 113.0 2.0 2.0 100.0 1.0 0.0
yogafire 2018 MAY 5 7 30 4.0 0.0 0.0 2603348.0000 165812.0 148904.0 0.0 0.0 174.0 208.0 122.0 3.0 1.0 100.0 0.0 0.0
yogafire 2018 MAY 5 7 40 3.0 0.0 0.0 2602208.0000 166556.0 149028.0 0.0 0.0 108.0 188.0 132.0 1.0 2.0 100.0 0.0 0.0
yogafire 2018 MAY 5 7 50 7.0 1.0 0.0 2600448.0000 167628.0 150848.0 0.0 0.0 878.0 587.0 281.0 37.0 47.0 100.0 2.0 0.0
yogafire 2018 MAY 5 8 0 5.0 0.0 0.0 2582008.0000 168328.0 150912.0 0.0 0.0 161.0 290.0 157.0 5.0 3.0 100.0 1.0 0.0
yogafire 2018 MAY 5 8 10 6.0 0.0 0.0 2581636.0000 168988.0 151260.0 0.0 0.0 165.0 194.0 128.0 3.0 2.0 100.0 0.0 0.0
yogafire 2018 MAY 5 8 20 4.0 0.0 0.0 2581140.0000 169884.0 151740.0 0.0 0.0 275.0 274.0 169.0 4.0 2.0 100.0 0.0 0.0
yogafire 2018 MAY 5 8 30 4.0 0.0 0.0 2576140.0000 170456.0 151908.0 0.0 0.0 147.0 217.0 112.0 2.0 1.0 100.0 0.0 0.0
yogafire 2018 MAY 5 8 40 3.0 0.0 0.0 2576272.0000 171924.0 152688.0 0.0 0.0 77.0 186.0 102.0 1.0 2.0 100.0 1.0 0.0
yogafire 2018 MAY 5 8 50 4.0 0.0 0.0 2571416.0000 172492.0 152900.0 0.0 0.0 72.0 163.0 104.0 1.0 3.0 100.0 0.0 0.0
yogafire 2018 MAY 5 9 0 5.0 0.0 0.0 2574332.0000 173232.0 153144.0 0.0 0.0 85.0 174.0 115.0 1.0 2.0 100.0 0.0 0.0
yogafire 2018 MAY 5 9 10 3.0 0.0 0.0 2573984.0000 174056.0 153344.0 0.0 0.0 98.0 196.0 126.0 1.0 2.0 100.0 0.0 0.0
yogafire 2018 MAY 5 9 20 4.0 0.0 0.0 2573860.0000 174612.0 153500.0 0.0 0.0 40.0 188.0 105.0 1.0 2.0 100.0 0.0 0.0
yogafire 2018 MAY 5 9 30 3.0 0.0 0.0 2570804.0000 175900.0 155908.0 0.0 0.0 80.0 274.0 140.0 5.0 2.0 100.0 2.0 0.0
yogafire 2018 MAY 5 9 40 3.0 0.0 0.0 2558472.0000 176548.0 156080.0 0.0 0.0 196.0 245.0 142.0 2.0 2.0 100.0 0.0 0.0
yogafire 2018 MAY 5 9 50 2.0 0.0 0.0 2558464.0000 177264.0 156448.0 0.0 0.0 192.0 320.0 162.0 7.0 3.0 100.0 0.0 0.0
yogafire 2018 MAY 5 10 0 2.0 0.0 0.0 2555124.0000 178044.0 156752.0 0.0 0.0 118.0 213.0 113.0 2.0 3.0 100.0 0.0 0.0
yogafire 2018 MAY 5 10 10 4.0 1.0 0.0 2554472.0000 178744.0 157060.0 0.0 0.0 106.0 198.0 114.0 2.0 1.0 100.0 0.0 0.0
yogafire 2018 MAY 5 10 20 6.0 0.0 0.0 2553388.0000 179676.0 157480.0 0.0 0.0 272.0 298.0 160.0 6.0 3.0 100.0 0.0 0.0
yogafire 2018 MAY 5 10 30 4.0 1.0 0.0 2574256.0000 180300.0 157708.0 0.0 0.0 122.0 192.0 103.0 2.0 2.0 100.0 0.0 0.0
yogafire 2018 MAY 5 10 40 3.0 0.0 0.0 2576148.0000 180876.0 157804.0 0.0 0.0 74.0 178.0 105.0 0.0 2.0 100.0 0.0 0.0
yogafire 2018 MAY 5 10 50 2.0 0.0 0.0 2575280.0000 181368.0 158128.0 0.0 0.0 90.0 213.0 117.0 2.0 2.0 100.0 0.0 0.0
yogafire 2018 MAY 5 11 0 2.0 0.0 0.0 2572288.0000 182076.0 158336.0 0.0 0.0 102.0 209.0 123.0 1.0 2.0 100.0 0.0 0.0
yogafire 2018 MAY 5 11 10 2.0 0.0 0.0 2571164.0000 182896.0 158684.0 0.0 0.0 97.0 228.0 126.0 2.0 2.0 100.0 1.0 0.0
yogafire 2018 MAY 5 11 20 1.0 0.0 0.0 2554688.0000 183872.0 223012.0 0.0 0.0 135.0 423.0 260.0 4.0 6.0 100.0 4.0 0.0
yogafire 2018 MAY 5 11 30 4.0 0.0 0.0 2474988.0000 185440.0 226084.0 0.0 0.0 129.0 457.0 378.0 5.0 2.0 100.0 1.0 0.0
yogafire 2018 MAY 5 11 40 4.0 1.0 0.0 2465512.0000 188180.0 227836.0 0.0 0.0 134.0 335.0 187.0 3.0 3.0 100.0 4.0 0.0
yogafire 2018 MAY 5 11 50 4.0 0.0 0.0 2452280.0000 188744.0 228300.0 0.0 0.0 281.0 244.0 122.0 3.0 4.0 100.0 1.0 0.0
yogafire 2018 MAY 5 12 0 3.0 1.0 0.0 2452296.0000 189364.0 228580.0 0.0 0.0 140.0 245.0 144.0 2.0 3.0 100.0 0.0 0.0
yogafire 2018 MAY 5 12 10 3.0 0.0 0.0 2452048.0000 190044.0 231516.0 0.0 0.0 280.0 354.0 137.0 12.0 2.0 100.0 2.0 0.0
yogafire 2018 MAY 5 12 20 1.0 1.0 0.0 2446272.0000 191128.0 231676.0 0.0 0.0 269.0 297.0 166.0 3.0 2.0 100.0 1.0 0.0
yogafire 2018 MAY 5 12 30 5.0 0.0 0.0 2442940.0000 191696.0 231836.0 0.0 0.0 218.0 294.0 156.0 5.0 2.0 100.0 1.0 0.0
yogafire 2018 MAY 5 12 40 4.0 0.0 0.0 2437136.0000 192300.0 232136.0 0.0 0.0 79.0 258.0 153.0 3.0 2.0 100.0 0.0 0.0
yogafire 2018 MAY 5 12 50 5.0 0.0 0.0 2432392.0000 192676.0 232260.0 0.0 0.0 39.0 179.0 104.0 1.0 2.0 100.0 0.0 0.0
yogafire 2018 MAY 5 13 0 9.0 0.0 0.0 2430764.0000 193240.0 232476.0 0.0 0.0 81.0 223.0 143.0 1.0 2.0 100.0 0.0 0.0
yogafire 2018 MAY 5 13 10 3.0 0.0 0.0 2429964.0000 193836.0 233788.0 0.0 0.0 163.0 251.0 131.0 4.0 3.0 100.0 0.0 0.0
yogafire 2018 MAY 5 13 20 4.0 0.0 0.0 2429964.0000 194352.0 233268.0 0.0 0.0 98.0 197.0 110.0 1.0 2.0 100.0 0.0 0.0
yogafire 2018 MAY 5 13 30 3.0 0.0 0.0 2426336.0000 194972.0 234960.0 0.0 0.0 427.0 304.0 188.0 4.0 2.0 100.0 1.0 0.0
yogafire 2018 MAY 5 13 40 2.0 1.0 0.0 2424284.0000 195568.0 235420.0 0.0 0.0 223.0 297.0 171.0 4.0 3.0 100.0 0.0 0.0
yogafire 2018 MAY 5 13 50 6.0 0.0 0.0 2422672.0000 196176.0 236292.0 0.0 0.0 256.0 256.0 134.0 5.0 2.0 100.0 1.0 0.0
yogafire 2018 MAY 5 14 0 1.0 0.0 0.0 2422416.0000 196792.0 235192.0 0.0 0.0 144.0 229.0 148.0 2.0 2.0 100.0 0.0 0.0
yogafire 2018 MAY 5 14 10 2.0 0.0 0.0 2421524.0000 197624.0 236552.0 0.0 0.0 160.0 221.0 123.0 2.0 2.0 100.0 1.0 0.0
yogafire 2018 MAY 5 14 20 4.0 1.0 0.0 2416244.0000 198312.0 237568.0 0.0 0.0 214.0 231.0 149.0 2.0 2.0 100.0 0.0 0.0
yogafire 2018 MAY 5 14 30 2.0 0.0 0.0 2416632.0000 198748.0 237652.0 0.0 0.0 89.0 206.0 140.0 1.0 2.0 100.0 0.0 0.0
yogafire 2018 MAY 5 14 40 3.0 0.0 0.0 2417260.0000 199296.0 237856.0 0.0 0.0 84.0 209.0 104.0 4.0 3.0 100.0 0.0 0.0
yogafire 2018 MAY 5 14 50 4.0 0.0 0.0 2416400.0000 199704.0 237940.0 0.0 0.0 83.0 194.0 132.0 0.0 2.0 100.0 1.0 0.0
yogafire 2018 MAY 5 15 0 3.0 0.0 0.0 2415144.0000 202432.0 242448.0 0.0 0.0 75.0 247.0 135.0 1.0 2.0 100.0 1.0 0.0
yogafire 2018 MAY 5 15 10 5.0 0.0 0.0 2408616.0000 202876.0 242608.0 0.0 0.0 128.0 164.0 92.0 1.0 1.0 100.0 0.0 0.0
yogafire 2018 MAY 5 15 20 2.0 0.0 0.0 2407500.0000 203424.0 243108.0 0.0 0.0 111.0 237.0 133.0 2.0 3.0 100.0 0.0 0.0
yogafire 2018 MAY 5 15 30 4.0 0.0 0.0 2406368.0000 204024.0 243388.0 0.0 0.0 140.0 266.0 178.0 1.0 2.0 100.0 0.0 0.0
yogafire 2018 MAY 5 15 40 2.0 0.0 0.0 2406020.0000 204612.0 243708.0 0.0 0.0 146.0 254.0 147.0 3.0 3.0 100.0 1.0 0.0
yogafire 2018 MAY 5 15 50 5.0 0.0 0.0 2403780.0000 205172.0 243960.0 0.0 0.0 177.0 218.0 120.0 2.0 2.0 100.0 0.0 0.0
yogafire 2018 MAY 5 16 0 3.0 1.0 0.0 2404848.0000 205640.0 243780.0 0.0 0.0 217.0 353.0 252.0 2.0 3.0 100.0 0.0 0.0
yogafire 2018 MAY 5 16 10 3.0 1.0 0.0 2402104.0000 206216.0 244348.0 0.0 0.0 129.0 232.0 141.0 3.0 2.0 100.0 1.0 0.0
yogafire 2018 MAY 5 16 20 3.0 0.0 0.0 2400452.0000 206764.0 244776.0 0.0 0.0 154.0 236.0 129.0 2.0 2.0 100.0 1.0 0.0
yogafire 2018 MAY 5 16 30 3.0 0.0 0.0 2399592.0000 207404.0 245504.0 0.0 0.0 207.0 345.0 219.0 4.0 3.0 100.0 0.0 0.0
yogafire 2018 MAY 5 16 40 4.0 0.0 0.0 2398932.0000 207896.0 245728.0 0.0 0.0 136.0 204.0 114.0 2.0 1.0 100.0 0.0 0.0
yogafire 2018 MAY 5 16 50 1.0 0.0 0.0 2399352.0000 208252.0 245872.0 0.0 0.0 142.0 173.0 113.0 2.0 2.0 100.0 0.0 0.0
yogafire 2018 MAY 5 17 0 1.0 0.0 0.0 2398848.0000 208800.0 245784.0 0.0 0.0 138.0 270.0 190.0 2.0 2.0 100.0 0.0 0.0
yogafire 2018 MAY 5 17 10 3.0 2.0 0.0 2399104.0000 209192.0 246080.0 0.0 0.0 141.0 204.0 108.0 1.0 2.0 100.0 0.0 0.0
yogafire 2018 MAY 5 17 20 5.0 0.0 0.0 2398220.0000 209680.0 246268.0 0.0 0.0 89.0 235.0 137.0 2.0 2.0 100.0 0.0 0.0
yogafire 2018 MAY 5 17 30 3.0 0.0 0.0 2391956.0000 214676.0 252512.0 0.0 0.0 356.0 244.0 158.0 3.0 2.0 100.0 3.0 0.0
yogafire 2018 MAY 5 17 40 3.0 0.0 0.0 2386120.0000 215320.0 251784.0 0.0 0.0 178.0 262.0 160.0 2.0 2.0 100.0 0.0 0.0
yogafire 2018 MAY 5 17 50 3.0 0.0 0.0 2383988.0000 215728.0 252240.0 0.0 0.0 117.0 215.0 128.0 2.0 2.0 100.0 0.0 0.0
yogafire 2018 MAY 5 18 0 1.0 0.0 0.0 2380480.0000 216160.0 252292.0 0.0 0.0 85.0 260.0 183.0 0.0 2.0 100.0 0.0 0.0
yogafire 2018 MAY 5 18 10 3.0 1.0 0.0 2380256.0000 218976.0 257328.0 0.0 0.0 133.0 358.0 202.0 1.0 2.0 100.0 5.0 0.0
yogafire 2018 MAY 5 18 20 4.0 1.0 0.0 2363304.0000 223700.0 260060.0 0.0 0.0 88.0 236.0 127.0 1.0 2.0 100.0 4.0 0.0
yogafire 2018 MAY 5 18 30 4.0 0.0 0.0 2382344.0000 224480.0 260484.0 0.0 0.0 105.0 218.0 140.0 1.0 2.0 100.0 1.0 0.0
yogafire 2018 MAY 5 18 40 1.0 0.0 0.0 2384600.0000 224968.0 260700.0 0.0 0.0 121.0 192.0 108.0 3.0 2.0 100.0 0.0 0.0
yogafire 2018 MAY 5 18 50 3.0 0.0 0.0 2388696.0000 225452.0 260796.0 0.0 0.0 94.0 226.0 123.0 1.0 2.0 100.0 0.0 0.0
yogafire 2018 MAY 5 19 0 3.0 0.0 0.0 2372832.0000 225932.0 260968.0 0.0 0.0 137.0 270.0 180.0 1.0 3.0 100.0 0.0 0.0
yogafire 2018 MAY 5 19 10 4.0 0.0 0.0 2373440.0000 226476.0 261208.0 0.0 0.0 141.0 229.0 160.0 2.0 2.0 100.0 0.0 0.0
yogafire 2018 MAY 5 19 20 5.0 0.0 0.0 2371380.0000 226928.0 261344.0 0.0 0.0 90.0 186.0 115.0 2.0 2.0 100.0 1.0 0.0
yogafire 2018 MAY 5 19 30 5.0 0.0 0.0 2370876.0000 227396.0 261516.0 0.0 0.0 102.0 174.0 121.0 1.0 2.0 100.0 0.0 0.0
yogafire 2018 MAY 5 19 40 3.0 0.0 0.0 2370636.0000 227852.0 261600.0 0.0 0.0 79.0 208.0 116.0 0.0 2.0 100.0 0.0 0.0
yogafire 2018 MAY 5 19 50 4.0 1.0 0.0 2369892.0000 228536.0 315232.0 0.0 0.0 162.0 234.0 110.0 2.0 2.0 100.0 3.0 0.0
yogafire 2018 MAY 5 20 0 3.0 0.0 0.0 2308632.0000 228972.0 315420.0 0.0 0.0 109.0 282.0 162.0 3.0 2.0 100.0 0.0 0.0
yogafire 2018 MAY 5 20 10 3.0 0.0 0.0 2314888.0000 232624.0 316504.0 0.0 0.0 431.0 424.0 226.0 1.0 2.0 100.0 3.0 0.0
yogafire 2018 MAY 5 20 20 4.0 1.0 0.0 2302484.0000 236348.0 323532.0 0.0 0.0 141.0 297.0 188.0 2.0 3.0 100.0 3.0 0.0
yogafire 2018 MAY 5 20 30 4.0 0.0 0.0 2298244.0000 236708.0 323580.0 0.0 0.0 78.0 147.0 104.0 0.0 2.0 100.0 0.0 0.0
yogafire 2018 MAY 5 20 40 3.0 0.0 0.0 2299368.0000 237020.0 322964.0 0.0 0.0 85.0 160.0 112.0 1.0 2.0 100.0 0.0 0.0
yogafire 2018 MAY 5 20 50 3.0 0.0 0.0 2299756.0000 237392.0 323040.0 0.0 0.0 81.0 171.0 112.0 0.0 2.0 100.0 0.0 0.0
yogafire 2018 MAY 5 21 0 2.0 0.0 0.0 2298508.0000 237756.0 322892.0 0.0 0.0 47.0 176.0 105.0 1.0 2.0 100.0 0.0 0.0
yogafire 2018 MAY 5 21 10 3.0 0.0 0.0 2298640.0000 238096.0 323016.0 0.0 0.0 72.0 169.0 109.0 1.0 2.0 100.0 0.0 0.0
yogafire 2018 MAY 5 21 20 4.0 0.0 0.0 2297772.0000 238444.0 323116.0 0.0 0.0 117.0 177.0 110.0 2.0 2.0 100.0 0.0 0.0
yogafire 2018 MAY 5 21 30 2.0 0.0 0.0 2297036.0000 238752.0 323248.0 0.0 0.0 72.0 158.0 104.0 1.0 2.0 100.0 0.0 0.0
yogafire 2018 MAY 5 21 40 3.0 0.0 0.0 2296540.0000 239140.0 325768.0 0.0 0.0 277.0 484.0 103.0 22.0 2.0 100.0 0.0 0.0
yogafire 2018 MAY 5 21 50 4.0 0.0 0.0 2297168.0000 239452.0 322872.0 0.0 0.0 91.0 213.0 103.0 1.0 2.0 100.0 0.0 0.0
yogafire 2018 MAY 5 22 0 3.0 0.0 0.0 2296904.0000 239956.0 323572.0 0.0 0.0 90.0 286.0 185.0 1.0 2.0 100.0 1.0 0.0
yogafire 2018 MAY 5 22 10 5.0 0.0 0.0 2293912.0000 240404.0 324820.0 0.0 0.0 48.0 308.0 198.0 0.0 2.0 100.0 1.0 0.0
yogafire 2018 MAY 5 22 20 6.0 0.0 0.0 2291952.0000 240940.0 326064.0 0.0 0.0 75.0 291.0 184.0 0.0 2.0 100.0 1.0 0.0
yogafire 2018 MAY 5 22 30 2.0 0.0 0.0 2290828.0000 241532.0 346148.0 0.0 0.0 1287.0 579.0 200.0 19.0 4.0 100.0 2.0 0.0
yogafire 2018 MAY 5 22 40 2.0 0.0 0.0 2203004.0000 242088.0 346728.0 0.0 0.0 650.0 545.0 230.0 16.0 4.0 100.0 0.0 0.0
yogafire 2018 MAY 5 22 50 3.0 0.0 0.0 2150728.0000 242428.0 338444.0 0.0 0.0 72.0 176.0 100.0 1.0 2.0 100.0 0.0 0.0
yogafire 2018 MAY 5 23 0 4.0 0.0 0.0 2151628.0000 242740.0 338508.0 0.0 0.0 80.0 162.0 117.0 0.0 2.0 100.0 0.0 0.0
yogafire 2018 MAY 5 23 10 3.0 0.0 0.0 2151892.0000 243120.0 338616.0 0.0 0.0 94.0 159.0 112.0 2.0 2.0 100.0 0.0 0.0
yogafire 2018 MAY 5 23 20 5.0 0.0 0.0 2151388.0000 243548.0 338700.0 0.0 0.0 42.0 213.0 104.0 0.0 2.0 100.0 0.0 0.0
yogafire 2018 MAY 5 23 30 2.0 0.0 0.0 2150512.0000 244092.0 340080.0 0.0 0.0 78.0 250.0 138.0 1.0 2.0 100.0 1.0 0.0
yogafire 2018 MAY 5 23 40 2.0 0.0 0.0 2154884.0000 244532.0 340596.0 0.0 0.0 201.0 358.0 200.0 7.0 3.0 100.0 0.0 0.0
