yogafire 2018 MAY 7 0 0 3.0 0.0 0.0 2298528.0000 241664.0 290284.0 0.0 0.0 196.0 214.0 134.0 2.0 2.0 100.0 0.0 0.0
yogafire 2018 MAY 7 0 10 0.0 0.0 0.0 2298216.0000 242092.0 290452.0 0.0 0.0 202.0 196.0 96.0 2.0 2.0 100.0 0.0 0.0
yogafire 2018 MAY 7 0 20 3.0 0.0 0.0 2297208.0000 242444.0 290560.0 0.0 0.0 109.0 150.0 96.0 1.0 2.0 100.0 0.0 0.0
yogafire 2018 MAY 7 0 30 5.0 0.0 0.0 2297256.0000 242944.0 290792.0 0.0 0.0 211.0 275.0 199.0 2.0 5.0 100.0 1.0 0.0
yogafire 2018 MAY 7 0 40 3.0 0.0 0.0 2296580.0000 243296.0 290596.0 0.0 0.0 245.0 300.0 163.0 4.0 2.0 100.0 0.0 0.0
yogafire 2018 MAY 7 0 50 2.0 1.0 0.0 2292828.0000 426684.0 375820.0 0.0 0.0 486.0 878.0 699.0 4.0 6.0 100.0 21.0 0.0
yogafire 2018 MAY 7 1 0 3.0 1.0 0.0 1894972.0000 426920.0 135704.0 0.0 0.0 205.0 199.0 107.0 2.0 2.0 100.0 1.0 0.0
yogafire 2018 MAY 7 1 10 2.0 0.0 0.0 1888820.0000 427548.0 136428.0 0.0 0.0 172.0 192.0 107.0 2.0 2.0 100.0 0.0 0.0
yogafire 2018 MAY 7 1 20 3.0 0.0 0.0 1887588.0000 428048.0 138048.0 0.0 0.0 98.0 184.0 109.0 1.0 2.0 100.0 0.0 0.0
yogafire 2018 MAY 7 1 30 4.0 1.0 0.0 1886720.0000 428424.0 138848.0 0.0 0.0 121.0 245.0 141.0 2.0 2.0 100.0 0.0 0.0
yogafire 2018 MAY 7 1 40 5.0 0.0 0.0 1884728.0000 428912.0 139700.0 0.0 0.0 71.0 212.0 123.0 2.0 2.0 100.0 0.0 0.0
yogafire 2018 MAY 7 1 50 3.0 0.0 0.0 1884612.0000 429304.0 140780.0 0.0 0.0 73.0 217.0 110.0 1.0 2.0 100.0 1.0 0.0
yogafire 2018 MAY 7 2 0 4.0 1.0 0.0 1884332.0000 429456.0 141012.0 0.0 0.0 67.0 190.0 100.0 2.0 2.0 100.0 1.0 0.0
yogafire 2018 MAY 7 2 10 2.0 0.0 0.0 1884828.0000 429916.0 141196.0 0.0 0.0 103.0 198.0 119.0 2.0 2.0 100.0 0.0 0.0
yogafire 2018 MAY 7 2 20 3.0 0.0 0.0 1907108.0000 430320.0 141660.0 0.0 0.0 47.0 184.0 101.0 2.0 2.0 100.0 0.0 0.0
yogafire 2018 MAY 7 2 30 2.0 0.0 0.0 1888408.0000 430784.0 142112.0 0.0 0.0 83.0 219.0 122.0 4.0 2.0 100.0 0.0 0.0
yogafire 2018 MAY 7 2 40 3.0 0.0 0.0 1887824.0000 431264.0 142332.0 0.0 0.0 187.0 254.0 145.0 3.0 2.0 100.0 0.0 0.0
yogafire 2018 MAY 7 2 50 5.0 0.0 0.0 1886676.0000 431696.0 142528.0 0.0 0.0 83.0 224.0 131.0 2.0 2.0 100.0 0.0 0.0
yogafire 2018 MAY 7 3 0 3.0 0.0 0.0 1886880.0000 432068.0 143008.0 0.0 0.0 210.0 248.0 128.0 4.0 2.0 100.0 1.0 0.0
yogafire 2018 MAY 7 3 10 3.0 0.0 0.0 1883880.0000 432268.0 143240.0 0.0 0.0 180.0 226.0 109.0 2.0 2.0 100.0 0.0 0.0
yogafire 2018 MAY 7 3 20 3.0 0.0 0.0 1884292.0000 432860.0 145740.0 0.0 0.0 197.0 258.0 138.0 2.0 2.0 100.0 2.0 0.0
yogafire 2018 MAY 7 3 30 4.0 0.0 0.0 1880916.0000 433216.0 145944.0 0.0 0.0 144.0 197.0 99.0 2.0 2.0 100.0 0.0 0.0
yogafire 2018 MAY 7 3 40 3.0 0.0 0.0 1880520.0000 433764.0 146240.0 0.0 0.0 145.0 235.0 126.0 3.0 2.0 100.0 0.0 0.0
yogafire 2018 MAY 7 3 50 1.0 2.0 0.0 2916056.0000 433776.0 146244.0 0.0 0.0 137.0 274.0 176.0 2.0 3.0 100.0 8.0 0.0
yogafire 2018 MAY 7 4 0 1.0 0.0 0.0 2864028.0000 23768.0 68612.0 0.0 0.0 93.0 307.0 196.0 1.0 1.0 100.0 1.0 0.0
yogafire 2018 MAY 7 4 10 3.0 0.0 0.0 2860012.0000 25384.0 69236.0 0.0 0.0 190.0 237.0 149.0 2.0 2.0 100.0 1.0 0.0
yogafire 2018 MAY 7 4 20 2.0 0.0 0.0 2852260.0000 27072.0 70228.0 0.0 0.0 130.0 256.0 147.0 3.0 1.0 100.0 2.0 0.0
yogafire 2018 MAY 7 4 30 5.0 0.0 0.0 2851716.0000 28364.0 71072.0 0.0 0.0 180.0 281.0 149.0 4.0 2.0 100.0 1.0 0.0
yogafire 2018 MAY 7 4 40 4.0 1.0 0.0 2850204.0000 29992.0 71988.0 0.0 0.0 135.0 200.0 124.0 1.0 2.0 100.0 1.0 0.0
yogafire 2018 MAY 7 4 50 4.0 0.0 0.0 2847560.0000 30932.0 72344.0 0.0 0.0 281.0 300.0 145.0 4.0 2.0 100.0 0.0 0.0
yogafire 2018 MAY 7 5 0 5.0 0.0 0.0 2844716.0000 32264.0 72700.0 0.0 0.0 223.0 202.0 129.0 2.0 2.0 100.0 1.0 0.0
yogafire 2018 MAY 7 5 10 3.0 0.0 0.0 2839724.0000 33156.0 72944.0 0.0 0.0 107.0 203.0 117.0 1.0 2.0 100.0 0.0 0.0
yogafire 2018 MAY 7 5 20 2.0 0.0 0.0 2838312.0000 33936.0 73180.0 0.0 0.0 181.0 232.0 138.0 2.0 2.0 100.0 0.0 0.0
yogafire 2018 MAY 7 5 30 7.0 0.0 0.0 2837064.0000 35272.0 74608.0 0.0 0.0 164.0 377.0 210.0 2.0 2.0 100.0 1.0 0.0
yogafire 2018 MAY 7 5 40 5.0 0.0 0.0 2831684.0000 36424.0 74912.0 0.0 0.0 155.0 270.0 149.0 2.0 2.0 100.0 1.0 0.0
yogafire 2018 MAY 7 5 50 5.0 0.0 0.0 2828116.0000 38732.0 75720.0 0.0 0.0 155.0 266.0 148.0 4.0 2.0 100.0 1.0 0.0
yogafire 2018 MAY 7 6 0 1.0 0.0 0.0 2827472.0000 39888.0 76068.0 0.0 0.0 145.0 274.0 149.0 1.0 2.0 100.0 0.0 0.0
yogafire 2018 MAY 7 6 10 5.0 2.0 0.0 2826404.0000 151200.0 178312.0 0.0 0.0 706.0 392.0 520.0 2.0 4.0 100.0 25.0 0.0
yogafire 2018 MAY 7 6 20 4.0 0.0 0.0 2626036.0000 152300.0 142520.0 0.0 0.0 152.0 201.0 101.0 2.0 2.0 100.0 2.0 0.0
yogafire 2018 MAY 7 6 30 3.0 1.0 0.0 2625044.0000 153104.0 142852.0 0.0 0.0 268.0 267.0 139.0 3.0 2.0 100.0 1.0 0.0
yogafire 2018 MAY 7 6 40 3.0 0.0 0.0 2624144.0000 154124.0 143196.0 0.0 0.0 138.0 253.0 138.0 3.0 5.0 100.0 0.0 0.0
yogafire 2018 MAY 7 6 50 6.0 0.0 0.0 2617576.0000 155120.0 143724.0 0.0 0.0 177.0 258.0 146.0 3.0 2.0 100.0 0.0 0.0
yogafire 2018 MAY 7 7 0 3.0 0.0 0.0 2616428.0000 156660.0 144200.0 0.0 0.0 155.0 217.0 131.0 2.0 2.0 100.0 2.0 0.0
yogafire 2018 MAY 7 7 10 3.0 0.0 0.0 2613724.0000 157640.0 144464.0 0.0 0.0 113.0 215.0 124.0 1.0 2.0 100.0 0.0 0.0
yogafire 2018 MAY 7 7 20 3.0 0.0 0.0 2609792.0000 158660.0 144868.0 0.0 0.0 122.0 229.0 103.0 2.0 2.0 100.0 0.0 0.0
yogafire 2018 MAY 7 7 30 4.0 0.0 0.0 2613204.0000 159328.0 145040.0 0.0 0.0 86.0 243.0 127.0 3.0 2.0 100.0 0.0 0.0
yogafire 2018 MAY 7 7 40 1.0 0.0 0.0 2612832.0000 162304.0 165996.0 0.0 0.0 847.0 591.0 176.0 24.0 4.0 100.0 3.0 0.0
yogafire 2018 MAY 7 7 50 4.0 0.0 0.0 2359096.0000 164712.0 171244.0 0.0 0.0 1235.0 939.0 409.0 35.0 9.0 100.0 4.0 0.0
yogafire 2018 MAY 7 8 0 6.0 1.0 0.0 2322000.0000 173532.0 180664.0 0.0 0.0 439.0 339.0 231.0 10.0 2.0 100.0 4.0 0.0
yogafire 2018 MAY 7 8 10 3.0 0.0 0.0 2296284.0000 174248.0 180876.0 0.0 0.0 107.0 212.0 134.0 2.0 2.0 100.0 1.0 0.0
yogafire 2018 MAY 7 8 20 2.0 0.0 0.0 2295672.0000 176700.0 184536.0 0.0 0.0 926.0 423.0 258.0 7.0 4.0 100.0 2.0 0.0
yogafire 2018 MAY 7 8 30 1.0 0.0 0.0 2280532.0000 178716.0 175464.0 0.0 0.0 554.0 335.0 224.0 5.0 2.0 100.0 0.0 0.0
yogafire 2018 MAY 7 8 40 1.0 1.0 0.0 2282700.0000 180096.0 176372.0 0.0 0.0 287.0 366.0 218.0 4.0 3.0 100.0 0.0 0.0
yogafire 2018 MAY 7 8 50 5.0 0.0 0.0 2278288.0000 181688.0 177016.0 0.0 0.0 388.0 577.0 388.0 8.0 5.0 100.0 1.0 0.0
yogafire 2018 MAY 7 9 0 3.0 0.0 0.0 2275800.0000 182972.0 177444.0 0.0 0.0 175.0 264.0 135.0 3.0 2.0 100.0 0.0 0.0
yogafire 2018 MAY 7 9 10 3.0 2.0 0.0 2283048.0000 202236.0 571696.0 0.0 0.0 1792.0 793.0 497.0 4.0 3.0 100.0 34.0 0.0
yogafire 2018 MAY 7 9 20 1.0 1.0 0.0 1769368.0000 203232.0 671432.0 0.0 0.0 608.0 624.0 316.0 23.0 2.0 100.0 24.0 0.0
yogafire 2018 MAY 7 9 30 5.0 0.0 0.0 1737808.0000 205568.0 690296.0 0.0 0.0 741.0 615.0 428.0 12.0 9.0 100.0 3.0 0.0
yogafire 2018 MAY 7 9 40 5.0 1.0 0.0 1730768.0000 206280.0 690624.0 0.0 0.0 624.0 265.0 173.0 4.0 2.0 100.0 2.0 0.0
yogafire 2018 MAY 7 9 50 4.0 1.0 0.0 1730768.0000 206924.0 691292.0 0.0 0.0 1222.0 466.0 173.0 14.0 3.0 100.0 1.0 0.0
yogafire 2018 MAY 7 10 0 2.0 1.0 0.0 1724164.0000 207480.0 691520.0 0.0 0.0 628.0 285.0 192.0 2.0 2.0 100.0 0.0 0.0
yogafire 2018 MAY 7 10 10 2.0 1.0 0.0 1722924.0000 208212.0 692052.0 0.0 0.0 629.0 259.0 140.0 3.0 2.0 100.0 1.0 0.0
yogafire 2018 MAY 7 10 20 1.0 0.0 0.0 1723676.0000 209284.0 692876.0 0.0 0.0 630.0 463.0 160.0 16.0 3.0 100.0 2.0 0.0
yogafire 2018 MAY 7 10 30 3.0 1.0 0.0 1722660.0000 210528.0 694440.0 0.0 0.0 606.0 390.0 220.0 5.0 2.0 100.0 1.0 0.0
yogafire 2018 MAY 7 10 40 4.0 0.0 0.0 1730064.0000 211136.0 694616.0 0.0 0.0 154.0 235.0 156.0 2.0 2.0 100.0 0.0 0.0
yogafire 2018 MAY 7 10 50 3.0 0.0 0.0 1725924.0000 212760.0 688468.0 0.0 0.0 153.0 257.0 138.0 3.0 3.0 100.0 2.0 0.0
yogafire 2018 MAY 7 11 0 5.0 0.0 0.0 1722780.0000 213664.0 688800.0 0.0 0.0 312.0 288.0 179.0 5.0 2.0 100.0 0.0 0.0
yogafire 2018 MAY 7 11 10 3.0 0.0 0.0 1725044.0000 216036.0 690404.0 0.0 0.0 349.0 414.0 209.0 12.0 4.0 100.0 1.0 0.0
yogafire 2018 MAY 7 11 20 6.0 1.0 0.0 1712960.0000 217208.0 692688.0 0.0 0.0 314.0 366.0 204.0 13.0 3.0 100.0 1.0 0.0
yogafire 2018 MAY 7 11 30 8.0 1.0 0.0 1710160.0000 218124.0 692712.0 0.0 0.0 483.0 446.0 158.0 15.0 3.0 100.0 1.0 0.0
yogafire 2018 MAY 7 11 40 4.0 0.0 0.0 1707160.0000 219728.0 693776.0 0.0 0.0 394.0 357.0 155.0 10.0 2.0 100.0 3.0 0.0
yogafire 2018 MAY 7 11 50 5.0 0.0 0.0 1703292.0000 220384.0 694084.0 0.0 0.0 192.0 474.0 254.0 2.0 10.0 100.0 0.0 0.0
yogafire 2018 MAY 7 12 0 1.0 0.0 0.0 1700896.0000 220896.0 694192.0 0.0 0.0 127.0 213.0 122.0 1.0 2.0 100.0 1.0 0.0
yogafire 2018 MAY 7 12 10 3.0 1.0 0.0 1699360.0000 221536.0 694688.0 0.0 0.0 178.0 249.0 127.0 3.0 2.0 100.0 0.0 0.0
yogafire 2018 MAY 7 12 20 5.0 0.0 0.0 1698600.0000 222596.0 724344.0 0.0 0.0 1195.0 555.0 233.0 20.0 4.0 100.0 1.0 0.0
yogafire 2018 MAY 7 12 30 2.0 0.0 0.0 1659924.0000 223372.0 724760.0 0.0 0.0 147.0 596.0 496.0 2.0 2.0 100.0 0.0 0.0
yogafire 2018 MAY 7 12 40 8.0 0.0 0.0 1685580.0000 224464.0 725656.0 0.0 0.0 2401.0 598.0 242.0 23.0 5.0 100.0 1.0 0.0
yogafire 2018 MAY 7 12 50 3.0 0.0 0.0 1668256.0000 225208.0 726920.0 0.0 0.0 1211.0 321.0 155.0 7.0 3.0 100.0 1.0 0.0
yogafire 2018 MAY 7 13 0 4.0 0.0 0.0 1666500.0000 228500.0 735536.0 0.0 0.0 1687.0 554.0 146.0 18.0 5.0 100.0 1.0 0.0
yogafire 2018 MAY 7 13 10 5.0 0.0 0.0 1654968.0000 229448.0 739880.0 0.0 0.0 731.0 282.0 179.0 4.0 2.0 100.0 2.0 0.0
yogafire 2018 MAY 7 13 20 5.0 0.0 0.0 1648684.0000 230288.0 742276.0 0.0 0.0 612.0 581.0 491.0 3.0 5.0 100.0 2.0 0.0
yogafire 2018 MAY 7 13 30 3.0 0.0 0.0 1657260.0000 231792.0 729648.0 0.0 0.0 607.0 369.0 231.0 3.0 4.0 100.0 5.0 0.0
yogafire 2018 MAY 7 13 40 4.0 0.0 0.0 1654128.0000 232460.0 729928.0 0.0 0.0 636.0 275.0 176.0 5.0 4.0 100.0 1.0 0.0
yogafire 2018 MAY 7 13 50 3.0 0.0 0.0 1651608.0000 233112.0 730756.0 0.0 0.0 783.0 305.0 200.0 6.0 2.0 100.0 0.0 0.0
yogafire 2018 MAY 7 14 0 1.0 0.0 0.0 1647804.0000 233940.0 731040.0 0.0 0.0 692.0 218.0 123.0 4.0 3.0 100.0 0.0 0.0
yogafire 2018 MAY 7 14 10 3.0 0.0 0.0 1647852.0000 235000.0 731912.0 0.0 0.0 633.0 309.0 159.0 5.0 3.0 100.0 0.0 0.0
yogafire 2018 MAY 7 14 20 6.0 0.0 0.0 1640024.0000 236056.0 733180.0 0.0 0.0 699.0 436.0 185.0 12.0 3.0 100.0 0.0 0.0
yogafire 2018 MAY 7 14 30 6.0 1.0 0.0 1642408.0000 236768.0 734000.0 0.0 0.0 626.0 226.0 123.0 3.0 1.0 100.0 0.0 0.0
yogafire 2018 MAY 7 14 40 5.0 1.0 0.0 1638972.0000 237304.0 734324.0 0.0 0.0 671.0 416.0 219.0 12.0 4.0 100.0 1.0 0.0
yogafire 2018 MAY 7 14 50 3.0 1.0 0.0 1640068.0000 238052.0 734820.0 0.0 0.0 787.0 463.0 144.0 18.0 6.0 100.0 1.0 0.0
yogafire 2018 MAY 7 15 0 4.0 0.0 0.0 1635068.0000 238812.0 735436.0 0.0 0.0 679.0 371.0 200.0 5.0 4.0 100.0 2.0 0.0
yogafire 2018 MAY 7 15 10 4.0 1.0 0.0 1637616.0000 239664.0 735832.0 0.0 0.0 698.0 269.0 168.0 4.0 3.0 100.0 0.0 0.0
yogafire 2018 MAY 7 15 20 3.0 0.0 0.0 1637988.0000 240212.0 735868.0 0.0 0.0 633.0 230.0 134.0 3.0 2.0 100.0 0.0 0.0
yogafire 2018 MAY 7 15 30 3.0 0.0 0.0 1636824.0000 240784.0 736216.0 0.0 0.0 685.0 285.0 135.0 6.0 2.0 100.0 1.0 0.0
yogafire 2018 MAY 7 15 40 4.0 1.0 0.0 1634160.0000 241364.0 737300.0 0.0 0.0 661.0 439.0 146.0 15.0 3.0 100.0 1.0 0.0
yogafire 2018 MAY 7 15 50 3.0 0.0 0.0 1659616.0000 242000.0 737884.0 0.0 0.0 601.0 330.0 195.0 4.0 5.0 100.0 0.0 0.0
yogafire 2018 MAY 7 16 0 4.0 1.0 0.0 1645080.0000 242604.0 738176.0 0.0 0.0 617.0 240.0 146.0 3.0 2.0 100.0 1.0 0.0
yogafire 2018 MAY 7 16 10 6.0 0.0 0.0 1642428.0000 243448.0 747688.0 0.0 0.0 987.0 1114.0 595.0 9.0 5.0 100.0 1.0 0.0
yogafire 2018 MAY 7 16 20 4.0 0.0 0.0 1619888.0000 244420.0 748816.0 0.0 0.0 618.0 380.0 233.0 5.0 3.0 100.0 0.0 0.0
yogafire 2018 MAY 7 16 30 3.0 0.0 0.0 1620348.0000 245228.0 749996.0 0.0 0.0 619.0 302.0 161.0 6.0 3.0 100.0 1.0 0.0
yogafire 2018 MAY 7 16 40 1.0 0.0 0.0 1621472.0000 246068.0 750732.0 0.0 0.0 1057.0 532.0 192.0 15.0 4.0 100.0 1.0 0.0
yogafire 2018 MAY 7 16 50 4.0 0.0 0.0 1623672.0000 246732.0 751600.0 0.0 0.0 629.0 324.0 154.0 7.0 2.0 100.0 1.0 0.0
yogafire 2018 MAY 7 17 0 2.0 0.0 0.0 1621224.0000 247280.0 752216.0 0.0 0.0 633.0 242.0 163.0 3.0 2.0 100.0 1.0 0.0
yogafire 2018 MAY 7 17 10 3.0 0.0 0.0 1619736.0000 247916.0 753020.0 0.0 0.0 618.0 266.0 164.0 2.0 2.0 100.0 1.0 0.0
yogafire 2018 MAY 7 17 20 2.0 0.0 0.0 1620860.0000 248424.0 753504.0 0.0 0.0 627.0 273.0 156.0 3.0 2.0 100.0 0.0 0.0
yogafire 2018 MAY 7 17 30 4.0 1.0 0.0 1614620.0000 249044.0 754724.0 0.0 0.0 617.0 270.0 174.0 2.0 2.0 100.0 1.0 0.0
yogafire 2018 MAY 7 17 40 3.0 0.0 0.0 1617420.0000 249724.0 755056.0 0.0 0.0 618.0 405.0 192.0 9.0 2.0 100.0 1.0 0.0
yogafire 2018 MAY 7 17 50 4.0 0.0 0.0 1616776.0000 250352.0 756420.0 0.0 0.0 613.0 321.0 202.0 3.0 3.0 100.0 0.0 0.0
yogafire 2018 MAY 7 18 0 3.0 1.0 0.0 1622424.0000 250896.0 756540.0 0.0 0.0 604.0 201.0 136.0 3.0 2.0 100.0 0.0 0.0
yogafire 2018 MAY 7 18 10 3.0 0.0 0.0 1622448.0000 251280.0 756092.0 0.0 0.0 913.0 246.0 96.0 6.0 2.0 100.0 0.0 0.0
yogafire 2018 MAY 7 18 20 5.0 0.0 0.0 1621248.0000 251684.0 756764.0 0.0 0.0 617.0 293.0 148.0 5.0 2.0 100.0 1.0 0.0
yogafire 2018 MAY 7 18 30 2.0 0.0 0.0 1618184.0000 252252.0 758628.0 0.0 0.0 611.0 322.0 196.0 3.0 2.0 100.0 1.0 0.0
yogafire 2018 MAY 7 18 40 1.0 0.0 0.0 1617412.0000 252588.0 758752.0 0.0 0.0 611.0 243.0 162.0 2.0 2.0 100.0 0.0 0.0
yogafire 2018 MAY 7 18 50 4.0 0.0 0.0 1616320.0000 253004.0 758924.0 0.0 0.0 607.0 292.0 156.0 10.0 2.0 100.0 0.0 0.0
yogafire 2018 MAY 7 19 0 2.0 0.0 0.0 1565100.0000 253364.0 759024.0 0.0 0.0 613.0 194.0 103.0 3.0 2.0 100.0 0.0 0.0
yogafire 2018 MAY 7 19 10 2.0 0.0 0.0 1566092.0000 253852.0 767732.0 0.0 0.0 2335.0 579.0 456.0 3.0 3.0 100.0 1.0 0.0
yogafire 2018 MAY 7 19 20 9.0 1.0 0.0 1565936.0000 254140.0 776700.0 0.0 0.0 1192.0 529.0 110.0 23.0 2.0 100.0 0.0 0.0
yogafire 2018 MAY 7 19 30 4.0 0.0 0.0 1549384.0000 254532.0 776792.0 0.0 0.0 1199.0 270.0 103.0 7.0 3.0 100.0 0.0 0.0
yogafire 2018 MAY 7 19 40 1.0 0.0 0.0 1549028.0000 254812.0 776868.0 0.0 0.0 86.0 231.0 141.0 0.0 1.0 100.0 0.0 0.0
yogafire 2018 MAY 7 19 50 3.0 0.0 0.0 1542160.0000 255188.0 777176.0 0.0 0.0 145.0 184.0 100.0 3.0 2.0 100.0 0.0 0.0
yogafire 2018 MAY 7 20 0 4.0 1.0 0.0 1546484.0000 255592.0 839932.0 0.0 0.0 137.0 386.0 244.0 3.0 6.0 100.0 4.0 0.0
yogafire 2018 MAY 7 20 10 4.0 0.0 0.0 1484592.0000 256036.0 840120.0 0.0 0.0 88.0 286.0 188.0 2.0 1.0 100.0 0.0 0.0
yogafire 2018 MAY 7 20 20 3.0 0.0 0.0 1500712.0000 256412.0 840248.0 0.0 0.0 58.0 174.0 96.0 2.0 2.0 100.0 0.0 0.0
yogafire 2018 MAY 7 20 30 4.0 0.0 0.0 1502100.0000 256652.0 822248.0 0.0 0.0 82.0 151.0 93.0 1.0 2.0 100.0 1.0 0.0
yogafire 2018 MAY 7 20 40 4.0 1.0 0.0 1502604.0000 257032.0 822528.0 0.0 0.0 205.0 175.0 106.0 2.0 1.0 100.0 0.0 0.0
yogafire 2018 MAY 7 20 50 4.0 0.0 0.0 1502116.0000 257396.0 823336.0 0.0 0.0 236.0 255.0 136.0 4.0 2.0 100.0 0.0 0.0
yogafire 2018 MAY 7 21 0 1.0 0.0 0.0 1500048.0000 257756.0 823536.0 0.0 0.0 136.0 205.0 121.0 3.0 2.0 100.0 0.0 0.0
yogafire 2018 MAY 7 21 10 2.0 0.0 0.0 1499956.0000 258132.0 823752.0 0.0 0.0 113.0 211.0 97.0 5.0 2.0 100.0 0.0 0.0
yogafire 2018 MAY 7 21 20 4.0 0.0 0.0 1502816.0000 258472.0 823756.0 0.0 0.0 90.0 244.0 132.0 3.0 2.0 100.0 0.0 0.0
yogafire 2018 MAY 7 21 30 3.0 0.0 0.0 1502352.0000 258780.0 822084.0 0.0 0.0 93.0 202.0 99.0 1.0 2.0 100.0 0.0 0.0
yogafire 2018 MAY 7 21 40 1.0 0.0 0.0 1502484.0000 259060.0 822200.0 0.0 0.0 61.0 244.0 111.0 3.0 2.0 100.0 0.0 0.0
yogafire 2018 MAY 7 21 50 3.0 0.0 0.0 1502120.0000 259364.0 822412.0 0.0 0.0 121.0 326.0 178.0 1.0 2.0 100.0 0.0 0.0
yogafire 2018 MAY 7 22 0 2.0 0.0 0.0 1500476.0000 259564.0 822876.0 0.0 0.0 55.0 185.0 104.0 0.0 2.0 100.0 0.0 0.0
yogafire 2018 MAY 7 22 10 4.0 0.0 0.0 1500980.0000 259832.0 822988.0 0.0 0.0 117.0 167.0 117.0 1.0 2.0 100.0 0.0 0.0
yogafire 2018 MAY 7 22 20 2.0 0.0 0.0 1500484.0000 260132.0 823188.0 0.0 0.0 120.0 231.0 128.0 2.0 2.0 100.0 0.0 0.0
yogafire 2018 MAY 7 22 30 2.0 0.0 0.0 1488316.0000 260476.0 823588.0 0.0 0.0 241.0 254.0 167.0 2.0 2.0 100.0 0.0 0.0
yogafire 2018 MAY 7 22 40 3.0 0.0 0.0 1487664.0000 260772.0 823660.0 0.0 0.0 65.0 141.0 88.0 0.0 2.0 100.0 0.0 0.0
yogafire 2018 MAY 7 22 50 3.0 2.0 0.0 1487028.0000 261004.0 823720.0 0.0 0.0 43.0 141.0 83.0 1.0 2.0 100.0 1.0 0.0
yogafire 2018 MAY 7 23 0 0.0 0.0 0.0 1487012.0000 261264.0 823824.0 0.0 0.0 132.0 174.0 103.0 1.0 2.0 100.0 0.0 0.0
yogafire 2018 MAY 7 23 10 3.0 0.0 0.0 1487648.0000 261500.0 823852.0 0.0 0.0 82.0 147.0 84.0 1.0 2.0 100.0 0.0 0.0
yogafire 2018 MAY 7 23 20 4.0 0.0 0.0 1485260.0000 261868.0 824248.0 0.0 0.0 324.0 260.0 157.0 3.0 2.0 100.0 0.0 0.0
yogafire 2018 MAY 7 23 30 3.0 0.0 0.0 1484500.0000 262164.0 824324.0 0.0 0.0 97.0 178.0 109.0 1.0 2.0 100.0 0.0 0.0
yogafire 2018 MAY 7 23 40 2.0 0.0 0.0 1494516.0000 262416.0 824412.0 0.0 0.0 102.0 176.0 120.0 0.0 2.0 100.0 0.0 0.0
