yogafire 2018 MAY 2 0 0 4.0 0.0 0.0 2099488.0000 239652.0 346976.0 0.0 0.0 149.0 445.0 130.0 22.0 2.0 100.0 0.0 0.0
yogafire 2018 MAY 2 0 10 3.0 0.0 0.0 2096216.0000 240012.0 347368.0 0.0 0.0 149.0 238.0 123.0 2.0 2.0 100.0 0.0 0.0
yogafire 2018 MAY 2 0 20 4.0 0.0 0.0 2096200.0000 240288.0 347628.0 0.0 0.0 153.0 219.0 113.0 2.0 2.0 100.0 0.0 0.0
yogafire 2018 MAY 2 0 30 2.0 0.0 2090524.0 2095564.0000 347676.0 347672.0 0.0 1.0 131.0 296.0 227.0 4.0 96.0 100.0 0.0 0.0
yogafire 2018 MAY 2 0 40 2.0 0.0 0.0 2096060.0000 240972.0 347136.0 0.0 0.0 164.0 188.0 101.0 2.0 2.0 100.0 0.0 0.0
yogafire 2018 MAY 2 0 50 2.0 3.0 0.0 2094944.0000 434156.0 379108.0 0.0 0.0 219.0 872.0 651.0 4.0 6.0 100.0 21.0 0.0
yogafire 2018 MAY 2 1 0 2.0 2.0 0.0 1723516.0000 434652.0 159676.0 0.0 0.0 165.0 274.0 153.0 2.0 2.0 100.0 1.0 0.0
yogafire 2018 MAY 2 1 10 1.0 1.0 0.0 1716848.0000 435124.0 161600.0 0.0 0.0 104.0 305.0 186.0 1.0 3.0 100.0 3.0 0.0
yogafire 2018 MAY 2 1 20 3.0 0.0 0.0 1713280.0000 435436.0 176968.0 0.0 0.0 122.0 307.0 172.0 1.0 2.0 100.0 4.0 0.0
yogafire 2018 MAY 2 1 30 3.0 0.0 0.0 1698780.0000 435868.0 179568.0 0.0 0.0 190.0 285.0 160.0 3.0 2.0 100.0 1.0 0.0
yogafire 2018 MAY 2 1 40 6.0 0.0 0.0 1696488.0000 436088.0 180400.0 0.0 0.0 92.0 200.0 118.0 1.0 2.0 100.0 1.0 0.0
yogafire 2018 MAY 2 1 50 3.0 0.0 0.0 1696616.0000 436464.0 180972.0 0.0 0.0 126.0 171.0 121.0 1.0 2.0 100.0 0.0 0.0
yogafire 2018 MAY 2 2 0 4.0 0.0 0.0 1697244.0000 436896.0 181300.0 0.0 0.0 244.0 202.0 171.0 2.0 1.0 100.0 0.0 0.0
yogafire 2018 MAY 2 2 10 3.0 0.0 0.0 1694972.0000 437296.0 181424.0 0.0 0.0 100.0 248.0 116.0 4.0 2.0 100.0 0.0 0.0
yogafire 2018 MAY 2 2 20 3.0 1.0 0.0 1695700.0000 437460.0 181612.0 0.0 0.0 141.0 192.0 125.0 2.0 3.0 100.0 0.0 0.0
yogafire 2018 MAY 2 2 30 5.0 0.0 0.0 1695520.0000 437904.0 211716.0 0.0 0.0 2397.0 554.0 131.0 19.0 8.0 100.0 2.0 0.0
yogafire 2018 MAY 2 2 40 3.0 0.0 0.0 1665420.0000 438260.0 212036.0 0.0 0.0 126.0 245.0 136.0 2.0 2.0 100.0 0.0 0.0
yogafire 2018 MAY 2 2 50 4.0 1.0 0.0 1663312.0000 438444.0 212444.0 0.0 0.0 129.0 243.0 115.0 4.0 2.0 100.0 0.0 0.0
yogafire 2018 MAY 2 3 0 4.0 0.0 0.0 1678640.0000 438656.0 212620.0 0.0 0.0 167.0 196.0 112.0 2.0 1.0 100.0 0.0 0.0
yogafire 2018 MAY 2 3 10 4.0 0.0 0.0 1679308.0000 439084.0 195060.0 0.0 0.0 174.0 229.0 143.0 2.0 2.0 100.0 0.0 0.0
yogafire 2018 MAY 2 3 20 2.0 1.0 0.0 1680564.0000 440172.0 197616.0 0.0 0.0 142.0 242.0 146.0 2.0 2.0 100.0 1.0 0.0
yogafire 2018 MAY 2 3 30 1.0 1.0 0.0 1678864.0000 440540.0 197940.0 0.0 0.0 139.0 222.0 118.0 1.0 2.0 100.0 0.0 0.0
yogafire 2018 MAY 2 3 40 3.0 1.0 0.0 1678896.0000 440676.0 198232.0 0.0 0.0 119.0 257.0 144.0 2.0 3.0 100.0 0.0 0.0
yogafire 2018 MAY 2 3 50 4.0 0.0 0.0 2914788.0000 440692.0 198232.0 0.0 0.0 185.0 226.0 120.0 2.0 2.0 100.0 1.0 0.0
yogafire 2018 MAY 2 4 0 3.0 0.0 0.0 2881372.0000 21196.0 70772.0 0.0 0.0 123.0 206.0 121.0 2.0 1.0 100.0 1.0 0.0
yogafire 2018 MAY 2 4 10 2.0 0.0 0.0 2879788.0000 23060.0 71800.0 0.0 0.0 183.0 176.0 161.0 2.0 2.0 100.0 2.0 0.0
yogafire 2018 MAY 2 4 20 4.0 0.0 0.0 2875600.0000 24288.0 72560.0 0.0 0.0 184.0 175.0 102.0 2.0 2.0 100.0 0.0 0.0
yogafire 2018 MAY 2 4 30 2.0 0.0 0.0 2871444.0000 26996.0 74700.0 0.0 0.0 362.0 278.0 150.0 3.0 2.0 100.0 1.0 0.0
yogafire 2018 MAY 2 4 40 1.0 0.0 0.0 2844136.0000 32796.0 78716.0 0.0 0.0 197.0 201.0 120.0 2.0 2.0 100.0 3.0 0.0
yogafire 2018 MAY 2 4 50 3.0 1.0 0.0 2830240.0000 35608.0 79696.0 0.0 0.0 239.0 282.0 151.0 3.0 3.0 100.0 1.0 0.0
yogafire 2018 MAY 2 5 0 5.0 0.0 0.0 2825580.0000 36652.0 80384.0 0.0 0.0 109.0 251.0 148.0 1.0 2.0 100.0 0.0 0.0
yogafire 2018 MAY 2 5 10 6.0 0.0 0.0 2823728.0000 38132.0 89180.0 0.0 0.0 187.0 318.0 143.0 7.0 2.0 100.0 2.0 0.0
yogafire 2018 MAY 2 5 20 5.0 2.0 0.0 2813116.0000 40996.0 96428.0 0.0 0.0 135.0 302.0 177.0 1.0 2.0 100.0 3.0 0.0
yogafire 2018 MAY 2 5 30 3.0 1.0 0.0 2806812.0000 42716.0 97484.0 0.0 0.0 149.0 254.0 138.0 4.0 2.0 100.0 1.0 0.0
yogafire 2018 MAY 2 5 40 4.0 0.0 0.0 2803276.0000 43440.0 97600.0 0.0 0.0 147.0 137.0 117.0 0.0 2.0 100.0 0.0 0.0
yogafire 2018 MAY 2 5 50 2.0 0.0 0.0 2801912.0000 44308.0 97952.0 0.0 0.0 251.0 270.0 170.0 6.0 2.0 100.0 0.0 0.0
yogafire 2018 MAY 2 6 0 0.0 0.0 0.0 2796944.0000 45048.0 98072.0 0.0 0.0 109.0 197.0 109.0 1.0 2.0 100.0 0.0 0.0
yogafire 2018 MAY 2 6 10 5.0 1.0 0.0 2796200.0000 154404.0 197012.0 0.0 0.0 871.0 399.0 364.0 4.0 5.0 100.0 25.0 0.0
yogafire 2018 MAY 2 6 20 1.0 1.0 0.0 2599412.0000 155396.0 161768.0 0.0 0.0 221.0 267.0 165.0 2.0 2.0 100.0 1.0 0.0
yogafire 2018 MAY 2 6 30 3.0 0.0 0.0 2598320.0000 156432.0 162252.0 0.0 0.0 182.0 236.0 140.0 2.0 2.0 100.0 1.0 0.0
yogafire 2018 MAY 2 6 40 1.0 0.0 0.0 2598220.0000 157124.0 162368.0 0.0 0.0 78.0 401.0 224.0 1.0 2.0 100.0 0.0 0.0
yogafire 2018 MAY 2 6 50 4.0 1.0 0.0 2598096.0000 158384.0 173832.0 0.0 0.0 307.0 523.0 182.0 23.0 2.0 100.0 3.0 0.0
yogafire 2018 MAY 2 7 0 4.0 0.0 0.0 2578672.0000 159432.0 171284.0 0.0 0.0 102.0 191.0 101.0 1.0 2.0 100.0 0.0 0.0
yogafire 2018 MAY 2 7 10 4.0 1.0 0.0 2577748.0000 162096.0 236328.0 0.0 0.0 147.0 357.0 221.0 4.0 8.0 100.0 4.0 0.0
yogafire 2018 MAY 2 7 20 5.0 0.0 0.0 2510348.0000 163120.0 237840.0 0.0 0.0 150.0 309.0 185.0 4.0 2.0 100.0 1.0 0.0
yogafire 2018 MAY 2 7 30 2.0 0.0 0.0 2511416.0000 163916.0 241736.0 0.0 0.0 146.0 259.0 135.0 3.0 2.0 100.0 1.0 0.0
yogafire 2018 MAY 2 7 40 4.0 0.0 0.0 2508960.0000 164532.0 241892.0 0.0 0.0 128.0 225.0 123.0 1.0 2.0 100.0 0.0 0.0
yogafire 2018 MAY 2 7 50 3.0 0.0 0.0 2506992.0000 166480.0 244244.0 0.0 0.0 730.0 705.0 335.0 51.0 18.0 100.0 7.0 0.0
yogafire 2018 MAY 2 8 0 3.0 0.0 0.0 2489760.0000 167336.0 244380.0 0.0 0.0 171.0 290.0 164.0 4.0 2.0 100.0 0.0 0.0
yogafire 2018 MAY 2 8 10 6.0 0.0 0.0 2486432.0000 169188.0 252732.0 0.0 0.0 420.0 384.0 203.0 3.0 2.0 100.0 1.0 0.0
yogafire 2018 MAY 2 8 20 5.0 0.0 0.0 2455340.0000 179588.0 262880.0 0.0 0.0 336.0 390.0 255.0 4.0 2.0 100.0 4.0 0.0
yogafire 2018 MAY 2 8 30 3.0 0.0 0.0 2438496.0000 181840.0 265164.0 0.0 0.0 274.0 282.0 180.0 2.0 2.0 100.0 2.0 0.0
yogafire 2018 MAY 2 8 40 7.0 0.0 0.0 2429492.0000 192056.0 289060.0 0.0 0.0 793.0 501.0 191.0 14.0 4.0 100.0 4.0 0.0
yogafire 2018 MAY 2 8 50 7.0 0.0 0.0 2363852.0000 192904.0 289556.0 0.0 0.0 915.0 283.0 148.0 4.0 5.0 100.0 1.0 0.0
yogafire 2018 MAY 2 9 0 4.0 0.0 0.0 2279864.0000 195036.0 310156.0 0.0 0.0 627.0 469.0 179.0 16.0 4.0 100.0 3.0 0.0
yogafire 2018 MAY 2 9 10 4.0 0.0 0.0 2207164.0000 196340.0 316808.0 0.0 0.0 606.0 307.0 228.0 7.0 1.0 100.0 1.0 0.0
yogafire 2018 MAY 2 9 20 3.0 0.0 0.0 2210684.0000 197520.0 320684.0 0.0 0.0 782.0 377.0 242.0 11.0 2.0 100.0 1.0 0.0
yogafire 2018 MAY 2 9 30 3.0 0.0 0.0 2211512.0000 199184.0 301908.0 0.0 0.0 787.0 784.0 716.0 12.0 5.0 100.0 2.0 0.0
yogafire 2018 MAY 2 9 40 2.0 0.0 0.0 2200996.0000 200268.0 302520.0 0.0 0.0 430.0 371.0 140.0 20.0 3.0 100.0 0.0 0.0
yogafire 2018 MAY 2 9 50 4.0 0.0 0.0 2197764.0000 201260.0 303300.0 0.0 0.0 255.0 368.0 295.0 5.0 3.0 100.0 0.0 0.0
yogafire 2018 MAY 2 10 0 2.0 1.0 0.0 2198516.0000 202804.0 308548.0 0.0 0.0 301.0 385.0 273.0 3.0 3.0 100.0 2.0 0.0
yogafire 2018 MAY 2 10 10 5.0 0.0 0.0 2204216.0000 203708.0 308784.0 0.0 0.0 193.0 195.0 112.0 2.0 2.0 100.0 0.0 0.0
yogafire 2018 MAY 2 10 20 5.0 1.0 0.0 2204644.0000 204540.0 309304.0 0.0 0.0 306.0 267.0 187.0 5.0 2.0 100.0 0.0 0.0
yogafire 2018 MAY 2 10 30 5.0 1.0 0.0 2187316.0000 205584.0 309924.0 0.0 0.0 386.0 365.0 222.0 10.0 3.0 100.0 0.0 0.0
yogafire 2018 MAY 2 10 40 4.0 1.0 0.0 2187440.0000 208120.0 311652.0 0.0 0.0 477.0 305.0 145.0 7.0 2.0 100.0 2.0 0.0
yogafire 2018 MAY 2 10 50 4.0 0.0 0.0 2176692.0000 209192.0 312332.0 0.0 0.0 348.0 337.0 226.0 4.0 3.0 100.0 1.0 0.0
yogafire 2018 MAY 2 11 0 4.0 0.0 0.0 2172032.0000 210264.0 314284.0 0.0 0.0 507.0 283.0 165.0 7.0 3.0 100.0 2.0 0.0
yogafire 2018 MAY 2 11 10 4.0 0.0 0.0 2161156.0000 211376.0 316448.0 0.0 0.0 243.0 271.0 170.0 6.0 1.0 100.0 1.0 0.0
yogafire 2018 MAY 2 11 20 7.0 1.0 0.0 2154228.0000 212304.0 319660.0 0.0 0.0 251.0 333.0 208.0 3.0 3.0 100.0 1.0 0.0
yogafire 2018 MAY 2 11 30 3.0 1.0 0.0 2144188.0000 214092.0 320536.0 0.0 0.0 686.0 435.0 272.0 11.0 4.0 100.0 2.0 0.0
yogafire 2018 MAY 2 11 40 6.0 1.0 0.0 2154232.0000 217588.0 341420.0 0.0 0.0 359.0 433.0 224.0 4.0 3.0 100.0 15.0 0.0
yogafire 2018 MAY 2 11 50 4.0 0.0 0.0 2138036.0000 220156.0 352116.0 0.0 0.0 2904.0 1255.0 1246.0 43.0 37.0 100.0 4.0 0.0
yogafire 2018 MAY 2 12 0 3.0 0.0 0.0 2096024.0000 220812.0 352444.0 0.0 0.0 367.0 389.0 163.0 13.0 3.0 100.0 0.0 0.0
yogafire 2018 MAY 2 12 10 3.0 0.0 0.0 2095776.0000 221412.0 352732.0 0.0 0.0 195.0 256.0 139.0 3.0 2.0 100.0 0.0 0.0
yogafire 2018 MAY 2 12 20 1.0 1.0 0.0 2113184.0000 221968.0 353076.0 0.0 0.0 167.0 229.0 123.0 3.0 3.0 100.0 0.0 0.0
yogafire 2018 MAY 2 12 30 4.0 0.0 0.0 2114424.0000 222536.0 335396.0 0.0 0.0 280.0 282.0 157.0 3.0 2.0 100.0 2.0 0.0
yogafire 2018 MAY 2 12 40 4.0 0.0 0.0 2126832.0000 223040.0 335784.0 0.0 0.0 313.0 265.0 152.0 3.0 3.0 100.0 0.0 0.0
yogafire 2018 MAY 2 12 50 4.0 1.0 0.0 2155056.0000 224004.0 336540.0 0.0 0.0 371.0 381.0 210.0 10.0 2.0 100.0 2.0 0.0
yogafire 2018 MAY 2 13 0 1.0 0.0 0.0 2141108.0000 224548.0 336856.0 0.0 0.0 190.0 220.0 119.0 3.0 3.0 100.0 0.0 0.0
yogafire 2018 MAY 2 13 10 3.0 0.0 0.0 2139844.0000 225140.0 337144.0 0.0 0.0 320.0 249.0 141.0 6.0 3.0 100.0 0.0 0.0
yogafire 2018 MAY 2 13 20 3.0 0.0 0.0 2140504.0000 225708.0 340468.0 0.0 0.0 437.0 249.0 197.0 2.0 3.0 100.0 0.0 0.0
yogafire 2018 MAY 2 13 30 6.0 0.0 0.0 2132496.0000 226696.0 342460.0 0.0 0.0 637.0 497.0 398.0 14.0 5.0 100.0 1.0 0.0
yogafire 2018 MAY 2 13 40 6.0 2.0 0.0 2070412.0000 230480.0 396568.0 0.0 0.0 431.0 580.0 300.0 6.0 7.0 100.0 2.0 0.0
yogafire 2018 MAY 2 13 50 3.0 1.0 0.0 2060364.0000 231468.0 398972.0 0.0 0.0 698.0 327.0 203.0 5.0 3.0 100.0 1.0 0.0
yogafire 2018 MAY 2 14 0 4.0 0.0 0.0 2062128.0000 232068.0 399052.0 0.0 0.0 159.0 314.0 158.0 3.0 3.0 100.0 0.0 0.0
yogafire 2018 MAY 2 14 10 5.0 0.0 0.0 2062888.0000 233120.0 403952.0 0.0 0.0 1883.0 490.0 446.0 13.0 3.0 100.0 0.0 0.0
yogafire 2018 MAY 2 14 20 3.0 0.0 2048720.0 2055376.0000 403884.0 404340.0 0.0 0.0 473.0 415.0 248.0 5.0 98.0 100.0 0.0 0.0
yogafire 2018 MAY 2 14 30 3.0 0.0 0.0 2056856.0000 234560.0 419676.0 0.0 0.0 1594.0 965.0 641.0 27.0 9.0 100.0 1.0 0.0
yogafire 2018 MAY 2 14 40 2.0 0.0 0.0 2043548.0000 235060.0 420244.0 0.0 0.0 222.0 312.0 175.0 4.0 5.0 100.0 0.0 0.0
yogafire 2018 MAY 2 14 50 3.0 0.0 0.0 2042588.0000 235664.0 437880.0 0.0 0.0 1355.0 523.0 178.0 21.0 7.0 100.0 1.0 0.0
yogafire 2018 MAY 2 15 0 4.0 0.0 0.0 2024860.0000 236332.0 438180.0 0.0 0.0 353.0 461.0 182.0 15.0 3.0 100.0 0.0 0.0
yogafire 2018 MAY 2 15 10 3.0 0.0 0.0 2024096.0000 237012.0 440252.0 0.0 0.0 759.0 497.0 315.0 12.0 9.0 100.0 1.0 0.0
yogafire 2018 MAY 2 15 20 0.0 0.0 0.0 2039044.0000 237532.0 441256.0 0.0 0.0 887.0 282.0 142.0 5.0 2.0 100.0 2.0 0.0
yogafire 2018 MAY 2 15 30 3.0 0.0 0.0 2050996.0000 238444.0 410700.0 0.0 0.0 345.0 1082.0 996.0 7.0 4.0 100.0 0.0 0.0
yogafire 2018 MAY 2 15 40 2.0 0.0 0.0 2048880.0000 238932.0 411248.0 0.0 0.0 253.0 231.0 141.0 3.0 2.0 100.0 0.0 0.0
yogafire 2018 MAY 2 15 50 2.0 1.0 0.0 2049384.0000 239392.0 412924.0 0.0 0.0 279.0 328.0 167.0 5.0 2.0 100.0 1.0 0.0
yogafire 2018 MAY 2 16 0 3.0 1.0 0.0 2053944.0000 239932.0 414056.0 0.0 0.0 274.0 368.0 193.0 11.0 5.0 100.0 0.0 0.0
yogafire 2018 MAY 2 16 10 2.0 0.0 0.0 2045576.0000 240512.0 415308.0 0.0 0.0 461.0 353.0 301.0 9.0 2.0 100.0 1.0 0.0
yogafire 2018 MAY 2 16 20 4.0 0.0 0.0 2036856.0000 241156.0 416276.0 0.0 0.0 994.0 550.0 372.0 11.0 8.0 100.0 1.0 0.0
yogafire 2018 MAY 2 16 30 3.0 0.0 0.0 2035680.0000 241652.0 417500.0 0.0 0.0 175.0 432.0 256.0 3.0 3.0 100.0 1.0 0.0
yogafire 2018 MAY 2 16 40 4.0 1.0 0.0 2023076.0000 242608.0 420748.0 0.0 0.0 925.0 487.0 275.0 7.0 5.0 100.0 2.0 0.0
yogafire 2018 MAY 2 16 50 3.0 0.0 0.0 2018712.0000 243828.0 422196.0 0.0 0.0 737.0 331.0 184.0 5.0 3.0 100.0 2.0 0.0
yogafire 2018 MAY 2 17 0 2.0 0.0 0.0 2015668.0000 244756.0 424416.0 0.0 0.0 463.0 318.0 158.0 4.0 3.0 100.0 3.0 0.0
yogafire 2018 MAY 2 17 10 3.0 1.0 0.0 2013472.0000 245200.0 432488.0 0.0 0.0 1056.0 422.0 462.0 3.0 5.0 100.0 0.0 0.0
yogafire 2018 MAY 2 17 20 3.0 0.0 0.0 2008496.0000 245684.0 429124.0 0.0 0.0 263.0 507.0 401.0 3.0 3.0 100.0 1.0 0.0
yogafire 2018 MAY 2 17 30 5.0 0.0 0.0 2007380.0000 246084.0 439040.0 0.0 0.0 645.0 446.0 372.0 18.0 3.0 100.0 1.0 0.0
yogafire 2018 MAY 2 17 40 3.0 0.0 0.0 2005628.0000 246432.0 439144.0 0.0 0.0 615.0 359.0 173.0 7.0 2.0 100.0 1.0 0.0
yogafire 2018 MAY 2 17 50 2.0 0.0 0.0 2016628.0000 247132.0 429736.0 0.0 0.0 142.0 234.0 132.0 2.0 2.0 100.0 1.0 0.0
yogafire 2018 MAY 2 18 0 4.0 0.0 0.0 2013016.0000 247532.0 429276.0 0.0 0.0 248.0 392.0 133.0 14.0 2.0 100.0 0.0 0.0
yogafire 2018 MAY 2 18 10 3.0 0.0 0.0 2016232.0000 248032.0 430552.0 0.0 0.0 158.0 250.0 117.0 5.0 2.0 100.0 0.0 0.0
yogafire 2018 MAY 2 18 20 5.0 1.0 0.0 2017016.0000 248364.0 430140.0 0.0 0.0 284.0 190.0 90.0 2.0 2.0 100.0 1.0 0.0
yogafire 2018 MAY 2 18 30 4.0 1.0 0.0 2018156.0000 248832.0 431684.0 0.0 0.0 250.0 253.0 105.0 2.0 2.0 100.0 1.0 0.0
yogafire 2018 MAY 2 18 40 4.0 2.0 0.0 2016336.0000 249728.0 459788.0 0.0 0.0 170.0 328.0 167.0 5.0 2.0 100.0 13.0 0.0
yogafire 2018 MAY 2 18 50 6.0 0.0 0.0 1987884.0000 250236.0 459944.0 0.0 0.0 131.0 271.0 147.0 2.0 3.0 100.0 0.0 0.0
yogafire 2018 MAY 2 19 0 7.0 1.0 0.0 1985760.0000 250712.0 460064.0 0.0 0.0 297.0 502.0 104.0 23.0 2.0 100.0 0.0 0.0
yogafire 2018 MAY 2 19 10 3.0 0.0 0.0 1985140.0000 251120.0 461336.0 0.0 0.0 169.0 382.0 241.0 3.0 2.0 100.0 0.0 0.0
yogafire 2018 MAY 2 19 20 7.0 0.0 1972520.0 1974684.0000 464076.0 464120.0 0.0 0.0 363.0 342.0 227.0 1.0 98.0 100.0 1.0 0.0
yogafire 2018 MAY 2 19 30 2.0 0.0 0.0 1972816.0000 252052.0 466628.0 0.0 0.0 50.0 434.0 272.0 3.0 3.0 100.0 0.0 0.0
yogafire 2018 MAY 2 19 40 1.0 0.0 0.0 1963972.0000 252544.0 469296.0 0.0 0.0 202.0 361.0 215.0 4.0 3.0 100.0 1.0 0.0
yogafire 2018 MAY 2 19 50 2.0 0.0 0.0 1962468.0000 253080.0 471892.0 0.0 0.0 193.0 476.0 287.0 8.0 3.0 100.0 0.0 0.0
yogafire 2018 MAY 2 20 0 2.0 0.0 0.0 1959012.0000 253672.0 474532.0 0.0 0.0 100.0 386.0 269.0 2.0 3.0 100.0 0.0 0.0
yogafire 2018 MAY 2 20 10 3.0 0.0 0.0 1957796.0000 254292.0 485284.0 0.0 0.0 617.0 617.0 244.0 22.0 6.0 100.0 0.0 0.0
yogafire 2018 MAY 2 20 20 1.0 0.0 0.0 1952664.0000 254868.0 480208.0 0.0 0.0 179.0 393.0 240.0 2.0 2.0 100.0 0.0 0.0
yogafire 2018 MAY 2 20 30 1.0 0.0 0.0 1942116.0000 255280.0 482664.0 0.0 0.0 30.0 334.0 236.0 1.0 2.0 100.0 0.0 0.0
yogafire 2018 MAY 2 20 40 5.0 0.0 0.0 1940248.0000 255736.0 485308.0 0.0 0.0 154.0 495.0 317.0 7.0 2.0 100.0 1.0 0.0
yogafire 2018 MAY 2 20 50 5.0 0.0 0.0 1938584.0000 256140.0 488192.0 0.0 0.0 238.0 448.0 264.0 8.0 4.0 100.0 0.0 0.0
yogafire 2018 MAY 2 21 0 3.0 0.0 0.0 1966588.0000 256604.0 490144.0 0.0 0.0 209.0 427.0 294.0 5.0 3.0 100.0 0.0 0.0
yogafire 2018 MAY 2 21 10 1.0 0.0 0.0 1949468.0000 256996.0 492592.0 0.0 0.0 36.0 369.0 251.0 1.0 3.0 100.0 0.0 0.0
yogafire 2018 MAY 2 21 20 1.0 0.0 0.0 1948616.0000 257608.0 495236.0 0.0 0.0 135.0 367.0 230.0 3.0 2.0 100.0 1.0 0.0
yogafire 2018 MAY 2 21 30 4.0 1.0 0.0 1942696.0000 258252.0 500020.0 0.0 0.0 261.0 334.0 250.0 1.0 2.0 100.0 0.0 0.0
yogafire 2018 MAY 2 21 40 3.0 0.0 0.0 1937168.0000 258672.0 503332.0 0.0 0.0 115.0 653.0 428.0 2.0 3.0 100.0 1.0 0.0
yogafire 2018 MAY 2 21 50 8.0 0.0 1929144.0 1935300.0000 506612.0 506916.0 0.0 0.0 308.0 389.0 260.0 3.0 99.0 100.0 1.0 0.0
yogafire 2018 MAY 2 22 0 3.0 0.0 0.0 1930524.0000 259484.0 509684.0 0.0 0.0 22.0 329.0 221.0 1.0 3.0 100.0 0.0 0.0
yogafire 2018 MAY 2 22 10 4.0 0.0 0.0 1927308.0000 259868.0 512620.0 0.0 0.0 60.0 356.0 237.0 1.0 2.0 100.0 0.0 0.0
yogafire 2018 MAY 2 22 20 4.0 1.0 0.0 1922788.0000 260316.0 515612.0 0.0 0.0 130.0 521.0 343.0 2.0 3.0 100.0 0.0 0.0
yogafire 2018 MAY 2 22 30 5.0 0.0 0.0 1919456.0000 260800.0 518404.0 0.0 0.0 98.0 452.0 287.0 4.0 2.0 100.0 1.0 0.0
yogafire 2018 MAY 2 22 40 3.0 0.0 0.0 1915108.0000 261328.0 521364.0 0.0 0.0 109.0 358.0 265.0 1.0 3.0 100.0 0.0 0.0
yogafire 2018 MAY 2 22 50 8.0 0.0 0.0 1910264.0000 261800.0 525632.0 0.0 0.0 445.0 462.0 404.0 2.0 2.0 100.0 0.0 0.0
yogafire 2018 MAY 2 23 0 4.0 0.0 0.0 1908724.0000 262228.0 528180.0 0.0 0.0 46.0 423.0 302.0 2.0 3.0 100.0 0.0 0.0
yogafire 2018 MAY 2 23 10 2.0 0.0 0.0 1899648.0000 262696.0 548536.0 0.0 0.0 1222.0 607.0 242.0 22.0 4.0 100.0 0.0 0.0
yogafire 2018 MAY 2 23 20 1.0 0.0 0.0 1878628.0000 263128.0 550904.0 0.0 0.0 245.0 406.0 262.0 5.0 3.0 100.0 0.0 0.0
yogafire 2018 MAY 2 23 30 2.0 0.0 0.0 1880124.0000 263460.0 553400.0 0.0 0.0 185.0 361.0 243.0 3.0 2.0 100.0 0.0 0.0
yogafire 2018 MAY 2 23 40 3.0 0.0 0.0 1877612.0000 263888.0 555912.0 0.0 0.0 99.0 354.0 245.0 3.0 2.0 100.0 0.0 0.0
