yogafire 2018 MAY 4 0 0 5.0 0.0 0.0 1976460.0000 252520.0 403696.0 0.0 0.0 212.0 240.0 157.0 2.0 2.0 100.0 1.0 0.0
yogafire 2018 MAY 4 0 10 3.0 0.0 0.0 1973640.0000 252860.0 403616.0 0.0 0.0 157.0 224.0 116.0 2.0 2.0 100.0 0.0 0.0
yogafire 2018 MAY 4 0 20 3.0 0.0 0.0 1973988.0000 253360.0 403968.0 0.0 0.0 178.0 247.0 122.0 5.0 2.0 100.0 0.0 0.0
yogafire 2018 MAY 4 0 30 7.0 0.0 0.0 1973004.0000 253908.0 404176.0 0.0 0.0 201.0 297.0 226.0 6.0 7.0 100.0 3.0 0.0
yogafire 2018 MAY 4 0 40 3.0 0.0 0.0 1972856.0000 254296.0 403908.0 0.0 0.0 186.0 221.0 132.0 3.0 2.0 100.0 0.0 0.0
yogafire 2018 MAY 4 0 50 2.0 3.0 0.0 1972268.0000 432412.0 435216.0 0.0 0.0 151.0 964.0 676.0 4.0 6.0 100.0 22.0 0.0
yogafire 2018 MAY 4 1 0 3.0 1.0 0.0 1608376.0000 432784.0 230272.0 0.0 0.0 37.0 172.0 91.0 2.0 2.0 100.0 1.0 0.0
yogafire 2018 MAY 4 1 10 5.0 0.0 0.0 1603656.0000 433048.0 230736.0 0.0 0.0 154.0 226.0 112.0 2.0 3.0 100.0 0.0 0.0
yogafire 2018 MAY 4 1 20 8.0 1.0 0.0 1603796.0000 433420.0 231080.0 0.0 0.0 40.0 159.0 95.0 1.0 2.0 100.0 0.0 0.0
yogafire 2018 MAY 4 1 30 1.0 0.0 0.0 1603332.0000 433888.0 232332.0 0.0 0.0 137.0 221.0 124.0 4.0 3.0 100.0 1.0 0.0
yogafire 2018 MAY 4 1 40 4.0 0.0 0.0 1602144.0000 434076.0 233076.0 0.0 0.0 118.0 255.0 157.0 2.0 2.0 100.0 1.0 0.0
yogafire 2018 MAY 4 1 50 3.0 0.0 0.0 1599904.0000 434632.0 233632.0 0.0 0.0 105.0 208.0 139.0 1.0 2.0 100.0 1.0 0.0
yogafire 2018 MAY 4 2 0 3.0 0.0 0.0 1596672.0000 434944.0 234096.0 0.0 0.0 177.0 284.0 145.0 6.0 2.0 100.0 0.0 0.0
yogafire 2018 MAY 4 2 10 3.0 0.0 0.0 1597528.0000 435160.0 234192.0 0.0 0.0 167.0 243.0 120.0 3.0 3.0 100.0 0.0 0.0
yogafire 2018 MAY 4 2 20 4.0 1.0 0.0 1614436.0000 435616.0 234428.0 0.0 0.0 75.0 255.0 141.0 4.0 3.0 100.0 0.0 0.0
yogafire 2018 MAY 4 2 30 7.0 0.0 0.0 1615748.0000 435956.0 234796.0 0.0 0.0 202.0 256.0 146.0 3.0 2.0 100.0 1.0 0.0
yogafire 2018 MAY 4 2 40 7.0 0.0 0.0 1598596.0000 436328.0 235196.0 0.0 0.0 204.0 267.0 146.0 4.0 2.0 100.0 1.0 0.0
yogafire 2018 MAY 4 2 50 4.0 0.0 0.0 1598636.0000 436724.0 235400.0 0.0 0.0 171.0 203.0 120.0 2.0 2.0 100.0 0.0 0.0
yogafire 2018 MAY 4 3 0 4.0 0.0 0.0 1596900.0000 437028.0 237080.0 0.0 0.0 118.0 341.0 184.0 1.0 3.0 100.0 1.0 0.0
yogafire 2018 MAY 4 3 10 5.0 1.0 0.0 1593876.0000 437444.0 239564.0 0.0 0.0 121.0 218.0 124.0 3.0 2.0 100.0 3.0 0.0
yogafire 2018 MAY 4 3 20 2.0 1.0 0.0 1592884.0000 438288.0 242404.0 0.0 0.0 234.0 393.0 211.0 6.0 2.0 100.0 2.0 0.0
yogafire 2018 MAY 4 3 30 6.0 1.0 0.0 1589184.0000 438700.0 242860.0 0.0 0.0 158.0 277.0 160.0 3.0 2.0 100.0 1.0 0.0
yogafire 2018 MAY 4 3 40 4.0 0.0 0.0 1589200.0000 439136.0 243264.0 0.0 0.0 170.0 249.0 132.0 3.0 2.0 100.0 3.0 0.0
yogafire 2018 MAY 4 3 50 3.0 1.0 0.0 2860876.0000 439228.0 243260.0 0.0 0.0 360.0 396.0 292.0 4.0 3.0 100.0 2.0 0.0
yogafire 2018 MAY 4 4 0 1.0 0.0 0.0 2847884.0000 25240.0 73632.0 0.0 0.0 146.0 237.0 142.0 3.0 2.0 100.0 0.0 0.0
yogafire 2018 MAY 4 4 10 3.0 1.0 0.0 2844148.0000 27548.0 74124.0 0.0 0.0 158.0 213.0 110.0 3.0 2.0 100.0 1.0 0.0
yogafire 2018 MAY 4 4 20 4.0 1.0 0.0 2842380.0000 29168.0 74720.0 0.0 0.0 185.0 218.0 144.0 2.0 2.0 100.0 0.0 0.0
yogafire 2018 MAY 4 4 30 3.0 0.0 0.0 2838496.0000 30308.0 75380.0 0.0 0.0 174.0 236.0 139.0 3.0 2.0 100.0 0.0 0.0
yogafire 2018 MAY 4 4 40 4.0 0.0 0.0 2838224.0000 31304.0 75808.0 0.0 0.0 154.0 217.0 128.0 2.0 2.0 100.0 0.0 0.0
yogafire 2018 MAY 4 4 50 6.0 0.0 0.0 2836200.0000 32056.0 76004.0 0.0 0.0 102.0 165.0 103.0 1.0 2.0 100.0 0.0 0.0
yogafire 2018 MAY 4 5 0 5.0 1.0 0.0 2835364.0000 32788.0 76236.0 0.0 0.0 111.0 216.0 119.0 1.0 2.0 100.0 0.0 0.0
yogafire 2018 MAY 4 5 10 3.0 0.0 0.0 2832152.0000 38584.0 80404.0 0.0 0.0 101.0 301.0 178.0 3.0 3.0 100.0 2.0 0.0
yogafire 2018 MAY 4 5 20 4.0 1.0 0.0 2821860.0000 39764.0 80936.0 0.0 0.0 147.0 181.0 122.0 2.0 2.0 100.0 0.0 0.0
yogafire 2018 MAY 4 5 30 4.0 1.0 0.0 2820660.0000 40540.0 81400.0 0.0 0.0 148.0 243.0 152.0 3.0 3.0 100.0 0.0 0.0
yogafire 2018 MAY 4 5 40 4.0 0.0 0.0 2819676.0000 41456.0 81548.0 0.0 0.0 236.0 187.0 116.0 1.0 2.0 100.0 0.0 0.0
yogafire 2018 MAY 4 5 50 4.0 2.0 0.0 2819172.0000 42276.0 81832.0 0.0 0.0 139.0 285.0 176.0 3.0 2.0 100.0 0.0 0.0
yogafire 2018 MAY 4 6 0 5.0 1.0 0.0 2816676.0000 43328.0 82136.0 0.0 0.0 247.0 273.0 141.0 4.0 2.0 100.0 1.0 0.0
yogafire 2018 MAY 4 6 10 6.0 1.0 0.0 2815132.0000 159400.0 183324.0 0.0 0.0 672.0 360.0 396.0 3.0 6.0 100.0 25.0 0.0
yogafire 2018 MAY 4 6 20 9.0 1.0 0.0 2611996.0000 161944.0 147500.0 0.0 0.0 187.0 274.0 174.0 4.0 3.0 100.0 2.0 0.0
yogafire 2018 MAY 4 6 30 3.0 0.0 0.0 2599532.0000 164524.0 203376.0 0.0 0.0 571.0 367.0 123.0 3.0 7.0 100.0 3.0 0.0
yogafire 2018 MAY 4 6 40 8.0 0.0 0.0 2544840.0000 165280.0 203424.0 0.0 0.0 149.0 167.0 101.0 1.0 1.0 100.0 1.0 0.0
yogafire 2018 MAY 4 6 50 3.0 1.0 0.0 2543848.0000 169052.0 207672.0 0.0 0.0 376.0 262.0 139.0 2.0 4.0 100.0 3.0 0.0
yogafire 2018 MAY 4 7 0 3.0 1.0 0.0 2525928.0000 169756.0 208320.0 0.0 0.0 142.0 219.0 134.0 2.0 2.0 100.0 1.0 0.0
yogafire 2018 MAY 4 7 10 2.0 0.0 0.0 2533616.0000 170712.0 208556.0 0.0 0.0 106.0 198.0 129.0 2.0 2.0 100.0 1.0 0.0
yogafire 2018 MAY 4 7 20 4.0 0.0 0.0 2533260.0000 171412.0 210996.0 0.0 0.0 160.0 271.0 150.0 1.0 2.0 100.0 0.0 0.0
yogafire 2018 MAY 4 7 30 5.0 0.0 0.0 2530040.0000 172092.0 211248.0 0.0 0.0 70.0 192.0 109.0 1.0 2.0 100.0 0.0 0.0
yogafire 2018 MAY 4 7 40 2.0 0.0 0.0 2529668.0000 172780.0 211684.0 0.0 0.0 220.0 373.0 144.0 8.0 3.0 100.0 0.0 0.0
yogafire 2018 MAY 4 7 50 4.0 1.0 0.0 2519732.0000 174784.0 213804.0 0.0 0.0 784.0 662.0 310.0 45.0 21.0 100.0 4.0 0.0
yogafire 2018 MAY 4 8 0 4.0 0.0 0.0 2503032.0000 175856.0 214864.0 0.0 0.0 403.0 307.0 175.0 6.0 2.0 100.0 1.0 0.0
yogafire 2018 MAY 4 8 10 5.0 0.0 0.0 2496784.0000 177300.0 235820.0 0.0 0.0 1586.0 544.0 112.0 22.0 6.0 100.0 2.0 0.0
yogafire 2018 MAY 4 8 20 6.0 1.0 0.0 2237172.0000 178356.0 236468.0 0.0 0.0 239.0 304.0 182.0 4.0 3.0 100.0 0.0 0.0
yogafire 2018 MAY 4 8 30 3.0 0.0 0.0 2231900.0000 179440.0 238904.0 0.0 0.0 279.0 296.0 171.0 3.0 2.0 100.0 1.0 0.0
yogafire 2018 MAY 4 8 40 4.0 0.0 0.0 2245032.0000 180196.0 239356.0 0.0 0.0 221.0 279.0 136.0 4.0 2.0 100.0 0.0 0.0
yogafire 2018 MAY 4 8 50 3.0 0.0 0.0 2245776.0000 181472.0 268860.0 0.0 0.0 1236.0 576.0 149.0 25.0 6.0 100.0 2.0 0.0
yogafire 2018 MAY 4 9 0 1.0 0.0 0.0 2189196.0000 182484.0 259136.0 0.0 0.0 257.0 412.0 199.0 10.0 3.0 100.0 0.0 0.0
yogafire 2018 MAY 4 9 10 4.0 1.0 0.0 2177540.0000 186316.0 262472.0 0.0 0.0 213.0 260.0 133.0 3.0 2.0 100.0 2.0 0.0
yogafire 2018 MAY 4 9 20 1.0 0.0 0.0 2177520.0000 187872.0 268376.0 0.0 0.0 288.0 370.0 258.0 2.0 3.0 100.0 2.0 0.0
yogafire 2018 MAY 4 9 30 3.0 1.0 0.0 2181080.0000 188812.0 252940.0 0.0 0.0 207.0 258.0 149.0 2.0 2.0 100.0 1.0 0.0
yogafire 2018 MAY 4 9 40 3.0 0.0 0.0 2180708.0000 191248.0 270472.0 0.0 0.0 281.0 578.0 192.0 18.0 4.0 100.0 4.0 0.0
yogafire 2018 MAY 4 9 50 5.0 1.0 0.0 2158680.0000 193384.0 275048.0 0.0 0.0 1865.0 611.0 222.0 23.0 9.0 100.0 1.0 0.0
yogafire 2018 MAY 4 10 0 4.0 0.0 0.0 2142756.0000 194148.0 273544.0 0.0 0.0 1234.0 444.0 175.0 17.0 4.0 100.0 1.0 0.0
yogafire 2018 MAY 4 10 10 3.0 0.0 0.0 2116500.0000 196016.0 273728.0 0.0 0.0 1041.0 456.0 178.0 13.0 4.0 100.0 2.0 0.0
yogafire 2018 MAY 4 10 20 5.0 2.0 0.0 2112352.0000 196976.0 273832.0 0.0 0.0 1075.0 446.0 303.0 8.0 4.0 100.0 1.0 0.0
yogafire 2018 MAY 4 10 30 3.0 0.0 0.0 2113988.0000 197860.0 290212.0 0.0 0.0 1262.0 508.0 139.0 22.0 2.0 100.0 1.0 0.0
yogafire 2018 MAY 4 10 40 4.0 0.0 0.0 2094908.0000 198488.0 290440.0 0.0 0.0 79.0 202.0 120.0 2.0 3.0 100.0 0.0 0.0
yogafire 2018 MAY 4 10 50 3.0 0.0 0.0 2089948.0000 199376.0 291192.0 0.0 0.0 519.0 484.0 323.0 7.0 7.0 100.0 1.0 0.0
yogafire 2018 MAY 4 11 0 4.0 0.0 0.0 2087128.0000 200228.0 297364.0 0.0 0.0 990.0 427.0 265.0 3.0 4.0 100.0 1.0 0.0
yogafire 2018 MAY 4 11 10 4.0 0.0 0.0 2082980.0000 200840.0 296556.0 0.0 0.0 200.0 226.0 110.0 3.0 3.0 100.0 0.0 0.0
yogafire 2018 MAY 4 11 20 5.0 0.0 0.0 2100580.0000 201436.0 296560.0 0.0 0.0 295.0 214.0 116.0 3.0 2.0 100.0 0.0 0.0
yogafire 2018 MAY 4 11 30 3.0 0.0 0.0 2104544.0000 202344.0 279832.0 0.0 0.0 537.0 333.0 196.0 4.0 2.0 100.0 1.0 0.0
yogafire 2018 MAY 4 11 40 5.0 0.0 0.0 2130824.0000 203244.0 284500.0 0.0 0.0 363.0 468.0 221.0 3.0 3.0 100.0 1.0 0.0
yogafire 2018 MAY 4 11 50 2.0 0.0 0.0 2130972.0000 204028.0 282624.0 0.0 0.0 254.0 313.0 219.0 5.0 2.0 100.0 1.0 0.0
yogafire 2018 MAY 4 12 0 4.0 0.0 0.0 2113164.0000 204668.0 282768.0 0.0 0.0 345.0 253.0 122.0 2.0 3.0 100.0 0.0 0.0
yogafire 2018 MAY 4 12 10 3.0 1.0 0.0 2110148.0000 212916.0 293184.0 0.0 0.0 381.0 371.0 194.0 10.0 3.0 100.0 4.0 0.0
yogafire 2018 MAY 4 12 20 4.0 0.0 0.0 2078328.0000 213824.0 294012.0 0.0 0.0 306.0 393.0 245.0 3.0 2.0 100.0 2.0 0.0
yogafire 2018 MAY 4 12 30 4.0 0.0 0.0 2080840.0000 214860.0 295120.0 0.0 0.0 414.0 526.0 496.0 4.0 4.0 100.0 1.0 0.0
yogafire 2018 MAY 4 12 40 9.0 0.0 0.0 2079672.0000 215540.0 296004.0 0.0 0.0 185.0 262.0 146.0 4.0 3.0 100.0 2.0 0.0
yogafire 2018 MAY 4 12 50 6.0 0.0 0.0 2079768.0000 216296.0 296308.0 0.0 0.0 428.0 466.0 234.0 13.0 9.0 100.0 1.0 0.0
yogafire 2018 MAY 4 13 0 3.0 0.0 0.0 2070520.0000 217084.0 295656.0 0.0 0.0 293.0 272.0 162.0 3.0 2.0 100.0 1.0 0.0
yogafire 2018 MAY 4 13 10 4.0 0.0 0.0 2066644.0000 217796.0 297688.0 0.0 0.0 303.0 416.0 222.0 2.0 3.0 100.0 0.0 0.0
yogafire 2018 MAY 4 13 20 7.0 0.0 0.0 2080076.0000 218380.0 297692.0 0.0 0.0 247.0 221.0 136.0 1.0 2.0 100.0 0.0 0.0
yogafire 2018 MAY 4 13 30 2.0 0.0 0.0 2074908.0000 219036.0 297936.0 0.0 0.0 553.0 330.0 185.0 5.0 3.0 100.0 0.0 0.0
yogafire 2018 MAY 4 13 40 1.0 0.0 0.0 2070564.0000 219564.0 303716.0 0.0 0.0 398.0 566.0 410.0 2.0 2.0 100.0 1.0 0.0
yogafire 2018 MAY 4 13 50 4.0 0.0 0.0 2063448.0000 220240.0 304072.0 0.0 0.0 256.0 298.0 149.0 5.0 2.0 100.0 0.0 0.0
yogafire 2018 MAY 4 14 0 3.0 0.0 0.0 2063192.0000 220896.0 306928.0 0.0 0.0 765.0 299.0 170.0 4.0 2.0 100.0 1.0 0.0
yogafire 2018 MAY 4 14 10 3.0 1.0 0.0 2058192.0000 221792.0 307792.0 0.0 0.0 336.0 347.0 188.0 6.0 2.0 100.0 0.0 0.0
yogafire 2018 MAY 4 14 20 9.0 0.0 0.0 2056132.0000 222508.0 308340.0 0.0 0.0 256.0 294.0 171.0 4.0 3.0 100.0 0.0 0.0
yogafire 2018 MAY 4 14 30 5.0 0.0 0.0 2056644.0000 223056.0 309056.0 0.0 0.0 235.0 217.0 125.0 2.0 2.0 100.0 0.0 0.0
yogafire 2018 MAY 4 14 40 5.0 0.0 0.0 2053288.0000 223640.0 311592.0 0.0 0.0 291.0 323.0 134.0 8.0 3.0 100.0 0.0 0.0
yogafire 2018 MAY 4 14 50 7.0 0.0 0.0 2050876.0000 224592.0 309860.0 0.0 0.0 283.0 814.0 743.0 2.0 3.0 100.0 1.0 0.0
yogafire 2018 MAY 4 15 0 6.0 0.0 0.0 2057728.0000 225496.0 311396.0 0.0 0.0 131.0 283.0 170.0 3.0 2.0 100.0 1.0 0.0
yogafire 2018 MAY 4 15 10 6.0 1.0 0.0 2055688.0000 225924.0 311644.0 0.0 0.0 154.0 207.0 119.0 3.0 2.0 100.0 0.0 0.0
yogafire 2018 MAY 4 15 20 7.0 1.0 0.0 2052008.0000 226488.0 312040.0 0.0 0.0 264.0 443.0 135.0 20.0 2.0 100.0 0.0 0.0
yogafire 2018 MAY 4 15 30 5.0 1.0 0.0 2079976.0000 227260.0 312624.0 0.0 0.0 380.0 510.0 387.0 6.0 4.0 100.0 0.0 0.0
yogafire 2018 MAY 4 15 40 4.0 0.0 0.0 2079860.0000 228076.0 313588.0 0.0 0.0 397.0 593.0 511.0 6.0 3.0 100.0 1.0 0.0
yogafire 2018 MAY 4 15 50 3.0 0.0 0.0 2067868.0000 228588.0 314164.0 0.0 0.0 130.0 202.0 122.0 2.0 3.0 100.0 0.0 0.0
yogafire 2018 MAY 4 16 0 1.0 0.0 0.0 2060852.0000 229384.0 314820.0 0.0 0.0 367.0 1099.0 994.0 6.0 6.0 100.0 1.0 0.0
yogafire 2018 MAY 4 16 10 5.0 1.0 0.0 2052920.0000 230720.0 443556.0 0.0 0.0 614.0 788.0 390.0 18.0 10.0 100.0 20.0 0.0
yogafire 2018 MAY 4 16 20 2.0 0.0 0.0 1929348.0000 231268.0 443872.0 0.0 0.0 609.0 462.0 157.0 15.0 5.0 100.0 0.0 0.0
yogafire 2018 MAY 4 16 30 3.0 0.0 0.0 1929992.0000 231780.0 498620.0 0.0 0.0 146.0 397.0 231.0 5.0 5.0 100.0 5.0 0.0
yogafire 2018 MAY 4 16 40 3.0 0.0 0.0 1858192.0000 232176.0 498732.0 0.0 0.0 295.0 290.0 131.0 3.0 2.0 100.0 0.0 0.0
yogafire 2018 MAY 4 16 50 3.0 0.0 0.0 1860200.0000 232700.0 507772.0 0.0 0.0 215.0 401.0 151.0 13.0 3.0 100.0 1.0 0.0
yogafire 2018 MAY 4 17 0 7.0 0.0 0.0 1853532.0000 233264.0 500428.0 0.0 0.0 226.0 273.0 159.0 4.0 2.0 100.0 1.0 0.0
yogafire 2018 MAY 4 17 10 4.0 0.0 0.0 1852620.0000 233684.0 500076.0 0.0 0.0 185.0 206.0 98.0 3.0 2.0 100.0 0.0 0.0
yogafire 2018 MAY 4 17 20 5.0 0.0 0.0 1865844.0000 234200.0 500472.0 0.0 0.0 279.0 310.0 159.0 3.0 2.0 100.0 1.0 0.0
yogafire 2018 MAY 4 17 30 2.0 0.0 0.0 1862572.0000 234652.0 501152.0 0.0 0.0 156.0 244.0 132.0 3.0 5.0 100.0 0.0 0.0
yogafire 2018 MAY 4 17 40 3.0 0.0 0.0 1854960.0000 235244.0 502504.0 0.0 0.0 316.0 257.0 178.0 2.0 6.0 100.0 0.0 0.0
yogafire 2018 MAY 4 17 50 3.0 0.0 0.0 1852152.0000 235732.0 502756.0 0.0 0.0 133.0 219.0 130.0 2.0 2.0 100.0 1.0 0.0
yogafire 2018 MAY 4 18 0 3.0 0.0 0.0 1854224.0000 236276.0 503156.0 0.0 0.0 186.0 203.0 114.0 2.0 2.0 100.0 0.0 0.0
yogafire 2018 MAY 4 18 10 3.0 0.0 0.0 1854472.0000 236548.0 503272.0 0.0 0.0 198.0 279.0 168.0 3.0 3.0 100.0 0.0 0.0
yogafire 2018 MAY 4 18 20 5.0 0.0 0.0 1852556.0000 236944.0 504012.0 0.0 0.0 121.0 193.0 100.0 1.0 5.0 100.0 0.0 0.0
yogafire 2018 MAY 4 18 30 3.0 0.0 0.0 1850324.0000 237392.0 504404.0 0.0 0.0 123.0 263.0 167.0 3.0 3.0 100.0 0.0 0.0
yogafire 2018 MAY 4 18 40 6.0 1.0 0.0 1849804.0000 237852.0 504776.0 0.0 0.0 193.0 301.0 166.0 3.0 2.0 100.0 0.0 0.0
yogafire 2018 MAY 4 18 50 5.0 0.0 0.0 1849316.0000 238376.0 505412.0 0.0 0.0 147.0 358.0 208.0 6.0 5.0 100.0 0.0 0.0
yogafire 2018 MAY 4 19 0 4.0 1.0 0.0 1845432.0000 238908.0 505848.0 0.0 0.0 234.0 258.0 144.0 3.0 2.0 100.0 1.0 0.0
yogafire 2018 MAY 4 19 10 3.0 0.0 0.0 1846656.0000 239408.0 506080.0 0.0 0.0 184.0 208.0 130.0 2.0 2.0 100.0 0.0 0.0
yogafire 2018 MAY 4 19 20 3.0 0.0 0.0 1846820.0000 239860.0 506584.0 0.0 0.0 111.0 243.0 134.0 3.0 3.0 100.0 0.0 0.0
yogafire 2018 MAY 4 19 30 3.0 0.0 0.0 1847440.0000 240308.0 508016.0 0.0 0.0 199.0 484.0 402.0 6.0 4.0 100.0 1.0 0.0
yogafire 2018 MAY 4 19 40 3.0 0.0 0.0 1843852.0000 241076.0 508612.0 0.0 0.0 142.0 253.0 122.0 5.0 2.0 100.0 0.0 0.0
yogafire 2018 MAY 4 19 50 4.0 1.0 0.0 1843132.0000 241916.0 510944.0 0.0 0.0 242.0 428.0 310.0 7.0 5.0 100.0 1.0 0.0
yogafire 2018 MAY 4 20 0 3.0 1.0 0.0 1839828.0000 242376.0 510440.0 0.0 0.0 73.0 207.0 125.0 1.0 2.0 100.0 1.0 0.0
yogafire 2018 MAY 4 20 10 3.0 0.0 0.0 1840324.0000 242728.0 510612.0 0.0 0.0 75.0 189.0 103.0 1.0 2.0 100.0 0.0 0.0
yogafire 2018 MAY 4 20 20 3.0 0.0 0.0 1870240.0000 243116.0 511236.0 0.0 0.0 221.0 284.0 131.0 4.0 2.0 100.0 0.0 0.0
yogafire 2018 MAY 4 20 30 2.0 0.0 0.0 1868744.0000 243484.0 511400.0 0.0 0.0 55.0 240.0 95.0 5.0 2.0 100.0 0.0 0.0
yogafire 2018 MAY 4 20 40 1.0 0.0 0.0 1867472.0000 243784.0 511508.0 0.0 0.0 128.0 216.0 102.0 1.0 6.0 100.0 0.0 0.0
yogafire 2018 MAY 4 20 50 3.0 0.0 0.0 1864332.0000 244308.0 516864.0 0.0 0.0 486.0 338.0 216.0 6.0 3.0 100.0 1.0 0.0
yogafire 2018 MAY 4 21 0 2.0 0.0 0.0 1830636.0000 244708.0 518004.0 0.0 0.0 286.0 226.0 171.0 1.0 2.0 100.0 0.0 0.0
yogafire 2018 MAY 4 21 10 4.0 0.0 0.0 1829488.0000 245076.0 518180.0 0.0 0.0 83.0 168.0 98.0 1.0 2.0 100.0 0.0 0.0
yogafire 2018 MAY 4 21 20 1.0 0.0 0.0 1829488.0000 245432.0 519028.0 0.0 0.0 209.0 221.0 148.0 2.0 2.0 100.0 0.0 0.0
yogafire 2018 MAY 4 21 30 4.0 1.0 0.0 1828852.0000 245792.0 518984.0 0.0 0.0 90.0 262.0 155.0 2.0 2.0 100.0 0.0 0.0
yogafire 2018 MAY 4 21 40 3.0 0.0 0.0 1828232.0000 246096.0 518788.0 0.0 0.0 41.0 185.0 97.0 1.0 2.0 100.0 1.0 0.0
yogafire 2018 MAY 4 21 50 5.0 0.0 0.0 1829356.0000 246400.0 518904.0 0.0 0.0 53.0 151.0 85.0 1.0 2.0 100.0 0.0 0.0
yogafire 2018 MAY 4 22 0 4.0 0.0 0.0 1827612.0000 246704.0 519336.0 0.0 0.0 79.0 217.0 108.0 1.0 2.0 100.0 0.0 0.0
yogafire 2018 MAY 4 22 10 4.0 0.0 0.0 1827364.0000 247028.0 519536.0 0.0 0.0 57.0 160.0 93.0 1.0 2.0 100.0 1.0 0.0
yogafire 2018 MAY 4 22 20 3.0 0.0 0.0 1826248.0000 247340.0 519852.0 0.0 0.0 204.0 282.0 176.0 3.0 2.0 100.0 1.0 0.0
yogafire 2018 MAY 4 22 30 4.0 0.0 0.0 1828124.0000 247636.0 520032.0 0.0 0.0 168.0 228.0 182.0 2.0 2.0 100.0 1.0 0.0
yogafire 2018 MAY 4 22 40 4.0 0.0 0.0 1826512.0000 247936.0 520192.0 0.0 0.0 179.0 156.0 89.0 1.0 1.0 100.0 0.0 0.0
yogafire 2018 MAY 4 22 50 4.0 0.0 0.0 1827148.0000 248236.0 520384.0 0.0 0.0 117.0 184.0 95.0 1.0 2.0 100.0 3.0 0.0
yogafire 2018 MAY 4 23 0 3.0 0.0 0.0 1826168.0000 248440.0 521084.0 0.0 0.0 201.0 185.0 138.0 1.0 2.0 100.0 0.0 0.0
yogafire 2018 MAY 4 23 10 5.0 0.0 0.0 1826664.0000 248748.0 521268.0 0.0 0.0 226.0 280.0 114.0 5.0 2.0 100.0 1.0 0.0
yogafire 2018 MAY 4 23 20 3.0 1.0 0.0 1826168.0000 248996.0 521488.0 0.0 0.0 346.0 277.0 103.0 6.0 2.0 100.0 0.0 0.0
yogafire 2018 MAY 4 23 30 6.0 0.0 0.0 1825208.0000 249332.0 521444.0 0.0 0.0 72.0 149.0 91.0 1.0 2.0 100.0 0.0 0.0
yogafire 2018 MAY 4 23 40 2.0 1.0 0.0 1825440.0000 249572.0 521516.0 0.0 0.0 85.0 163.0 101.0 0.0 2.0 100.0 0.0 0.0
