yogafire 2018 MAY 1 0 0 3.0 0.0 0.0 2121144.0000 236748.0 386956.0 0.0 0.0 149.0 200.0 104.0 2.0 2.0 100.0 0.0 0.0
yogafire 2018 MAY 1 0 10 1.0 0.0 0.0 2123400.0000 237000.0 378188.0 0.0 0.0 132.0 163.0 92.0 2.0 2.0 100.0 0.0 0.0
yogafire 2018 MAY 1 0 20 8.0 0.0 0.0 2123276.0000 237348.0 378340.0 0.0 0.0 151.0 260.0 147.0 2.0 2.0 100.0 0.0 0.0
yogafire 2018 MAY 1 0 30 8.0 1.0 0.0 2119556.0000 238148.0 395156.0 0.0 0.0 337.0 344.0 263.0 3.0 6.0 100.0 2.0 0.0
yogafire 2018 MAY 1 0 40 4.0 1.0 0.0 2104272.0000 238432.0 394728.0 0.0 0.0 153.0 218.0 107.0 3.0 1.0 100.0 0.0 0.0
yogafire 2018 MAY 1 0 50 6.0 3.0 0.0 2102096.0000 434512.0 424376.0 0.0 0.0 291.0 937.0 808.0 3.0 6.0 100.0 18.0 0.0
yogafire 2018 MAY 1 1 0 5.0 1.0 0.0 1741168.0000 434716.0 190264.0 0.0 0.0 71.0 399.0 221.0 1.0 2.0 100.0 1.0 0.0
yogafire 2018 MAY 1 1 10 2.0 0.0 0.0 1733820.0000 435072.0 198600.0 0.0 0.0 94.0 261.0 166.0 2.0 2.0 100.0 1.0 0.0
yogafire 2018 MAY 1 1 20 3.0 0.0 0.0 1724612.0000 435380.0 199748.0 0.0 0.0 85.0 253.0 145.0 2.0 1.0 100.0 0.0 0.0
yogafire 2018 MAY 1 1 30 3.0 0.0 0.0 1724148.0000 435660.0 200472.0 0.0 0.0 160.0 176.0 170.0 0.0 2.0 100.0 1.0 0.0
yogafire 2018 MAY 1 1 40 4.0 0.0 0.0 1722792.0000 435852.0 201204.0 0.0 0.0 93.0 180.0 104.0 2.0 1.0 100.0 1.0 0.0
yogafire 2018 MAY 1 1 50 4.0 0.0 0.0 1722412.0000 436228.0 202124.0 0.0 0.0 143.0 226.0 145.0 2.0 2.0 100.0 1.0 0.0
yogafire 2018 MAY 1 2 0 4.0 0.0 0.0 1721420.0000 436636.0 202580.0 0.0 0.0 236.0 273.0 150.0 3.0 2.0 100.0 1.0 0.0
yogafire 2018 MAY 1 2 10 1.0 0.0 0.0 1720964.0000 436804.0 202772.0 0.0 0.0 136.0 228.0 126.0 2.0 2.0 100.0 0.0 0.0
yogafire 2018 MAY 1 2 20 6.0 0.0 0.0 1722624.0000 437084.0 202964.0 0.0 0.0 150.0 244.0 95.0 4.0 2.0 100.0 0.0 0.0
yogafire 2018 MAY 1 2 30 4.0 0.0 0.0 1722360.0000 437560.0 203428.0 0.0 0.0 135.0 183.0 96.0 1.0 1.0 100.0 0.0 0.0
yogafire 2018 MAY 1 2 40 3.0 0.0 0.0 1720260.0000 437968.0 203868.0 0.0 0.0 165.0 239.0 136.0 3.0 2.0 100.0 0.0 0.0
yogafire 2018 MAY 1 2 50 5.0 0.0 0.0 1719928.0000 438376.0 204368.0 0.0 0.0 126.0 295.0 152.0 8.0 2.0 100.0 0.0 0.0
yogafire 2018 MAY 1 3 0 4.0 0.0 0.0 1719712.0000 438540.0 209460.0 0.0 0.0 249.0 452.0 249.0 2.0 3.0 100.0 1.0 0.0
yogafire 2018 MAY 1 3 10 5.0 0.0 0.0 1713412.0000 438912.0 218996.0 0.0 0.0 130.0 252.0 141.0 2.0 2.0 100.0 1.0 0.0
yogafire 2018 MAY 1 3 20 3.0 0.0 0.0 1704204.0000 439988.0 221772.0 0.0 0.0 73.0 195.0 114.0 1.0 2.0 100.0 2.0 0.0
yogafire 2018 MAY 1 3 30 3.0 0.0 0.0 1701780.0000 440232.0 221904.0 0.0 0.0 80.0 175.0 95.0 1.0 2.0 100.0 0.0 0.0
yogafire 2018 MAY 1 3 40 3.0 0.0 0.0 1703068.0000 440320.0 221988.0 0.0 0.0 59.0 165.0 102.0 1.0 2.0 100.0 0.0 0.0
yogafire 2018 MAY 1 3 50 2.0 1.0 0.0 2874516.0000 440320.0 222000.0 0.0 0.0 130.0 190.0 118.0 1.0 2.0 100.0 1.0 0.0
yogafire 2018 MAY 1 4 0 2.0 0.0 0.0 2867384.0000 21976.0 70652.0 0.0 0.0 168.0 182.0 149.0 1.0 2.0 100.0 1.0 0.0
yogafire 2018 MAY 1 4 10 3.0 0.0 0.0 2861856.0000 23612.0 71528.0 0.0 0.0 154.0 227.0 127.0 2.0 2.0 100.0 1.0 0.0
yogafire 2018 MAY 1 4 20 4.0 0.0 0.0 2860228.0000 25008.0 72452.0 0.0 0.0 150.0 225.0 113.0 2.0 3.0 100.0 0.0 0.0
yogafire 2018 MAY 1 4 30 4.0 0.0 0.0 2856336.0000 28684.0 74976.0 0.0 0.0 145.0 237.0 167.0 5.0 2.0 100.0 4.0 0.0
yogafire 2018 MAY 1 4 40 2.0 1.0 0.0 2846356.0000 30732.0 77040.0 0.0 0.0 140.0 256.0 161.0 2.0 2.0 100.0 1.0 0.0
yogafire 2018 MAY 1 4 50 4.0 1.0 0.0 2841912.0000 35520.0 79088.0 0.0 0.0 151.0 306.0 174.0 1.0 2.0 100.0 2.0 0.0
yogafire 2018 MAY 1 5 0 3.0 1.0 0.0 2826932.0000 36988.0 89492.0 0.0 0.0 145.0 355.0 198.0 5.0 2.0 100.0 2.0 0.0
yogafire 2018 MAY 1 5 10 6.0 1.0 0.0 2819760.0000 37700.0 89680.0 0.0 0.0 132.0 222.0 119.0 1.0 2.0 100.0 0.0 0.0
yogafire 2018 MAY 1 5 20 0.0 0.0 0.0 2817016.0000 38664.0 89860.0 0.0 0.0 117.0 188.0 102.0 1.0 3.0 100.0 0.0 0.0
yogafire 2018 MAY 1 5 30 7.0 0.0 0.0 2814924.0000 39600.0 90168.0 0.0 0.0 163.0 260.0 150.0 3.0 3.0 100.0 0.0 0.0
yogafire 2018 MAY 1 5 40 1.0 0.0 0.0 2818992.0000 40716.0 90224.0 0.0 0.0 118.0 267.0 159.0 3.0 3.0 100.0 0.0 0.0
yogafire 2018 MAY 1 5 50 4.0 0.0 0.0 2818512.0000 41484.0 90432.0 0.0 0.0 119.0 199.0 126.0 2.0 1.0 100.0 0.0 0.0
yogafire 2018 MAY 1 6 0 3.0 0.0 0.0 2815612.0000 42396.0 90660.0 0.0 0.0 118.0 306.0 195.0 3.0 2.0 100.0 0.0 0.0
yogafire 2018 MAY 1 6 10 3.0 2.0 0.0 2811264.0000 152436.0 191340.0 0.0 0.0 682.0 416.0 305.0 4.0 7.0 100.0 25.0 0.0
yogafire 2018 MAY 1 6 20 3.0 0.0 0.0 2610956.0000 153588.0 155268.0 0.0 0.0 147.0 280.0 157.0 4.0 3.0 100.0 0.0 0.0
yogafire 2018 MAY 1 6 30 3.0 0.0 0.0 2610360.0000 154428.0 155492.0 0.0 0.0 84.0 239.0 150.0 3.0 2.0 100.0 1.0 0.0
yogafire 2018 MAY 1 6 40 3.0 0.0 0.0 2610212.0000 155392.0 155796.0 0.0 0.0 84.0 260.0 148.0 2.0 2.0 100.0 0.0 0.0
yogafire 2018 MAY 1 6 50 6.0 0.0 0.0 2608956.0000 156348.0 157796.0 0.0 0.0 175.0 381.0 145.0 13.0 1.0 100.0 1.0 0.0
yogafire 2018 MAY 1 7 0 2.0 0.0 0.0 2604508.0000 157472.0 162628.0 0.0 0.0 134.0 283.0 172.0 2.0 2.0 100.0 1.0 0.0
yogafire 2018 MAY 1 7 10 3.0 1.0 0.0 2600576.0000 158312.0 162856.0 0.0 0.0 123.0 204.0 126.0 1.0 2.0 100.0 0.0 0.0
yogafire 2018 MAY 1 7 20 5.0 1.0 0.0 2598948.0000 161812.0 167920.0 0.0 0.0 169.0 331.0 144.0 11.0 3.0 100.0 2.0 0.0
yogafire 2018 MAY 1 7 30 1.0 0.0 0.0 2582076.0000 162688.0 168228.0 0.0 0.0 184.0 262.0 161.0 2.0 2.0 100.0 1.0 0.0
yogafire 2018 MAY 1 7 40 0.0 0.0 0.0 2584784.0000 163292.0 168340.0 0.0 0.0 70.0 145.0 95.0 0.0 1.0 100.0 0.0 0.0
yogafire 2018 MAY 1 7 50 3.0 0.0 0.0 2583644.0000 165756.0 170284.0 0.0 0.0 818.0 721.0 359.0 44.0 37.0 100.0 2.0 0.0
yogafire 2018 MAY 1 8 0 2.0 0.0 0.0 2563988.0000 166772.0 170888.0 0.0 0.0 319.0 319.0 161.0 4.0 2.0 100.0 1.0 0.0
yogafire 2018 MAY 1 8 10 6.0 0.0 0.0 2566640.0000 167732.0 171108.0 0.0 0.0 222.0 259.0 143.0 3.0 2.0 100.0 0.0 0.0
yogafire 2018 MAY 1 8 20 3.0 0.0 0.0 2563416.0000 169008.0 172196.0 0.0 0.0 503.0 547.0 388.0 6.0 3.0 100.0 2.0 0.0
yogafire 2018 MAY 1 8 30 3.0 0.0 0.0 2559160.0000 170032.0 172812.0 0.0 0.0 222.0 294.0 206.0 6.0 2.0 100.0 1.0 0.0
yogafire 2018 MAY 1 8 40 5.0 0.0 0.0 2557052.0000 171008.0 173844.0 0.0 0.0 184.0 342.0 185.0 3.0 3.0 100.0 0.0 0.0
yogafire 2018 MAY 1 8 50 5.0 0.0 0.0 2559508.0000 171696.0 174112.0 0.0 0.0 105.0 161.0 104.0 0.0 2.0 100.0 0.0 0.0
yogafire 2018 MAY 1 9 0 5.0 0.0 0.0 2557352.0000 173524.0 176636.0 0.0 0.0 625.0 616.0 428.0 6.0 5.0 100.0 1.0 0.0
yogafire 2018 MAY 1 9 10 3.0 0.0 0.0 2551072.0000 174260.0 176880.0 0.0 0.0 116.0 192.0 123.0 2.0 2.0 100.0 0.0 0.0
yogafire 2018 MAY 1 9 20 4.0 1.0 0.0 2550576.0000 178836.0 193440.0 0.0 0.0 265.0 430.0 213.0 1.0 3.0 100.0 3.0 0.0
yogafire 2018 MAY 1 9 30 4.0 0.0 0.0 2521516.0000 179604.0 194148.0 0.0 0.0 182.0 286.0 220.0 2.0 3.0 100.0 1.0 0.0
yogafire 2018 MAY 1 9 40 4.0 1.0 0.0 2521764.0000 181336.0 197052.0 0.0 0.0 331.0 330.0 201.0 5.0 2.0 100.0 4.0 0.0
yogafire 2018 MAY 1 9 50 6.0 0.0 0.0 2513676.0000 182976.0 197528.0 0.0 0.0 204.0 299.0 160.0 4.0 2.0 100.0 1.0 0.0
yogafire 2018 MAY 1 10 0 0.0 0.0 0.0 2500200.0000 183696.0 197716.0 0.0 0.0 196.0 284.0 197.0 2.0 2.0 100.0 1.0 0.0
yogafire 2018 MAY 1 10 10 3.0 1.0 0.0 2499580.0000 184308.0 197920.0 0.0 0.0 167.0 293.0 160.0 3.0 2.0 100.0 0.0 0.0
yogafire 2018 MAY 1 10 20 5.0 0.0 0.0 2522544.0000 185104.0 198500.0 0.0 0.0 190.0 325.0 182.0 6.0 2.0 100.0 0.0 0.0
yogafire 2018 MAY 1 10 30 4.0 0.0 0.0 2502852.0000 185912.0 199076.0 0.0 0.0 176.0 337.0 225.0 4.0 2.0 100.0 0.0 0.0
yogafire 2018 MAY 1 10 40 4.0 0.0 0.0 2498712.0000 186704.0 216688.0 0.0 0.0 658.0 434.0 144.0 16.0 3.0 100.0 2.0 0.0
yogafire 2018 MAY 1 10 50 3.0 0.0 0.0 2348012.0000 187344.0 208084.0 0.0 0.0 126.0 188.0 123.0 2.0 2.0 100.0 0.0 0.0
yogafire 2018 MAY 1 11 0 3.0 0.0 0.0 2347212.0000 187980.0 208388.0 0.0 0.0 126.0 218.0 121.0 2.0 2.0 100.0 0.0 0.0
yogafire 2018 MAY 1 11 10 7.0 0.0 0.0 2346840.0000 189100.0 209468.0 0.0 0.0 120.0 203.0 108.0 1.0 2.0 100.0 1.0 0.0
yogafire 2018 MAY 1 11 20 5.0 1.0 0.0 2345244.0000 189764.0 209720.0 0.0 0.0 134.0 249.0 147.0 3.0 2.0 100.0 0.0 0.0
yogafire 2018 MAY 1 11 30 2.0 0.0 0.0 2342392.0000 190292.0 210140.0 0.0 0.0 125.0 184.0 120.0 1.0 2.0 100.0 0.0 0.0
yogafire 2018 MAY 1 11 40 1.0 0.0 0.0 2340540.0000 190856.0 210344.0 0.0 0.0 75.0 221.0 140.0 2.0 3.0 100.0 0.0 0.0
yogafire 2018 MAY 1 11 50 3.0 0.0 0.0 2340260.0000 191412.0 210644.0 0.0 0.0 135.0 188.0 124.0 1.0 2.0 100.0 0.0 0.0
yogafire 2018 MAY 1 12 0 5.0 0.0 0.0 2339384.0000 191988.0 210940.0 0.0 0.0 105.0 333.0 108.0 10.0 2.0 100.0 0.0 0.0
yogafire 2018 MAY 1 12 10 3.0 1.0 0.0 2338524.0000 192656.0 211136.0 0.0 0.0 119.0 205.0 119.0 1.0 2.0 100.0 0.0 0.0
yogafire 2018 MAY 1 12 20 1.0 0.0 0.0 2337284.0000 193420.0 211544.0 0.0 0.0 260.0 258.0 154.0 3.0 2.0 100.0 1.0 0.0
yogafire 2018 MAY 1 12 30 3.0 0.0 0.0 2337084.0000 194132.0 211968.0 0.0 0.0 173.0 231.0 140.0 2.0 3.0 100.0 0.0 0.0
yogafire 2018 MAY 1 12 40 5.0 0.0 0.0 2335572.0000 194612.0 212192.0 0.0 0.0 110.0 163.0 101.0 1.0 3.0 100.0 1.0 0.0
yogafire 2018 MAY 1 12 50 4.0 0.0 0.0 2333432.0000 195280.0 212776.0 0.0 0.0 232.0 256.0 116.0 8.0 1.0 100.0 1.0 0.0
yogafire 2018 MAY 1 13 0 8.0 0.0 0.0 2332844.0000 196012.0 213104.0 0.0 0.0 158.0 549.0 455.0 1.0 3.0 100.0 0.0 0.0
yogafire 2018 MAY 1 13 10 4.0 0.0 0.0 2332052.0000 196748.0 213428.0 0.0 0.0 111.0 177.0 103.0 1.0 2.0 100.0 0.0 0.0
yogafire 2018 MAY 1 13 20 3.0 0.0 0.0 2332068.0000 197384.0 213756.0 0.0 0.0 237.0 278.0 207.0 2.0 2.0 100.0 1.0 0.0
yogafire 2018 MAY 1 13 30 4.0 0.0 0.0 2329728.0000 197932.0 214012.0 0.0 0.0 103.0 188.0 96.0 1.0 2.0 100.0 0.0 0.0
yogafire 2018 MAY 1 13 40 5.0 0.0 0.0 2327520.0000 198428.0 214164.0 0.0 0.0 68.0 176.0 95.0 1.0 2.0 100.0 0.0 0.0
yogafire 2018 MAY 1 13 50 4.0 0.0 0.0 2326520.0000 198984.0 214236.0 0.0 0.0 274.0 238.0 136.0 2.0 2.0 100.0 0.0 0.0
yogafire 2018 MAY 1 14 0 5.0 0.0 0.0 2324348.0000 199588.0 220772.0 0.0 0.0 147.0 249.0 114.0 5.0 2.0 100.0 1.0 0.0
yogafire 2018 MAY 1 14 10 4.0 1.0 0.0 2316768.0000 201228.0 223204.0 0.0 0.0 157.0 270.0 173.0 2.0 2.0 100.0 3.0 0.0
yogafire 2018 MAY 1 14 20 6.0 1.0 0.0 2309376.0000 202012.0 224568.0 0.0 0.0 145.0 219.0 117.0 2.0 2.0 100.0 0.0 0.0
yogafire 2018 MAY 1 14 30 3.0 0.0 0.0 2303336.0000 202716.0 224984.0 0.0 0.0 186.0 288.0 145.0 4.0 3.0 100.0 0.0 0.0
yogafire 2018 MAY 1 14 40 4.0 1.0 0.0 2304468.0000 205528.0 228380.0 0.0 0.0 177.0 309.0 152.0 3.0 2.0 100.0 3.0 0.0
yogafire 2018 MAY 1 14 50 3.0 0.0 0.0 2305860.0000 206780.0 228332.0 0.0 0.0 229.0 317.0 167.0 3.0 2.0 100.0 1.0 0.0
yogafire 2018 MAY 1 15 0 2.0 0.0 0.0 2305108.0000 207352.0 226268.0 0.0 0.0 195.0 263.0 174.0 4.0 2.0 100.0 1.0 0.0
yogafire 2018 MAY 1 15 10 5.0 0.0 0.0 2304552.0000 207820.0 226632.0 0.0 0.0 108.0 188.0 93.0 2.0 1.0 100.0 0.0 0.0
yogafire 2018 MAY 1 15 20 8.0 0.0 0.0 2302844.0000 208492.0 227008.0 0.0 0.0 181.0 350.0 198.0 3.0 4.0 100.0 0.0 0.0
yogafire 2018 MAY 1 15 30 3.0 0.0 0.0 2300900.0000 209148.0 227092.0 0.0 0.0 122.0 253.0 138.0 3.0 2.0 100.0 0.0 0.0
yogafire 2018 MAY 1 15 40 3.0 0.0 0.0 2300264.0000 209696.0 227296.0 0.0 0.0 287.0 234.0 138.0 2.0 2.0 100.0 0.0 0.0
yogafire 2018 MAY 1 15 50 2.0 0.0 0.0 2300900.0000 210300.0 236248.0 0.0 0.0 611.0 492.0 115.0 16.0 4.0 100.0 0.0 0.0
yogafire 2018 MAY 1 16 0 0.0 0.0 0.0 2300900.0000 210764.0 227740.0 0.0 0.0 113.0 250.0 140.0 2.0 3.0 100.0 0.0 0.0
yogafire 2018 MAY 1 16 10 4.0 0.0 0.0 2323404.0000 211420.0 228128.0 0.0 0.0 129.0 289.0 156.0 3.0 2.0 100.0 0.0 0.0
yogafire 2018 MAY 1 16 20 5.0 0.0 0.0 2302656.0000 212152.0 229208.0 0.0 0.0 271.0 273.0 207.0 3.0 2.0 100.0 0.0 0.0
yogafire 2018 MAY 1 16 30 3.0 0.0 0.0 2295448.0000 213136.0 233996.0 0.0 0.0 194.0 285.0 216.0 2.0 1.0 100.0 2.0 0.0
yogafire 2018 MAY 1 16 40 4.0 0.0 0.0 2287408.0000 213764.0 236104.0 0.0 0.0 226.0 307.0 241.0 2.0 2.0 100.0 0.0 0.0
yogafire 2018 MAY 1 16 50 3.0 0.0 0.0 2287296.0000 214312.0 237496.0 0.0 0.0 154.0 382.0 209.0 2.0 2.0 100.0 0.0 0.0
yogafire 2018 MAY 1 17 0 3.0 0.0 0.0 2285948.0000 215028.0 238932.0 0.0 0.0 151.0 360.0 193.0 2.0 3.0 100.0 1.0 0.0
yogafire 2018 MAY 1 17 10 3.0 1.0 0.0 2286908.0000 215652.0 240340.0 0.0 0.0 127.0 303.0 171.0 2.0 2.0 100.0 0.0 0.0
yogafire 2018 MAY 1 17 20 3.0 0.0 0.0 2282964.0000 216164.0 240680.0 0.0 0.0 130.0 232.0 170.0 2.0 3.0 100.0 0.0 0.0
yogafire 2018 MAY 1 17 30 5.0 1.0 0.0 2280740.0000 216640.0 241020.0 0.0 0.0 163.0 247.0 136.0 3.0 1.0 100.0 1.0 0.0
yogafire 2018 MAY 1 17 40 5.0 0.0 0.0 2280416.0000 217104.0 241304.0 0.0 0.0 186.0 406.0 204.0 2.0 12.0 100.0 0.0 0.0
yogafire 2018 MAY 1 17 50 9.0 1.0 2275864.0 2277100.0000 242740.0 245772.0 0.0 0.0 1094.0 989.0 666.0 90.0 83.0 100.0 0.0 0.0
yogafire 2018 MAY 1 18 0 4.0 1.0 0.0 2218568.0000 219792.0 319544.0 0.0 0.0 4413.0 1101.0 1528.0 4.0 8.0 100.0 8.0 0.0
yogafire 2018 MAY 1 18 10 3.0 0.0 0.0 2140204.0000 220684.0 319900.0 0.0 0.0 172.0 200.0 110.0 2.0 1.0 100.0 0.0 0.0
yogafire 2018 MAY 1 18 20 4.0 0.0 0.0 2137684.0000 220988.0 320152.0 0.0 0.0 143.0 195.0 105.0 2.0 2.0 100.0 0.0 0.0
yogafire 2018 MAY 1 18 30 8.0 0.0 0.0 2138352.0000 221380.0 320272.0 0.0 0.0 95.0 155.0 104.0 0.0 2.0 100.0 1.0 0.0
yogafire 2018 MAY 1 18 40 3.0 1.0 0.0 2137980.0000 227364.0 328644.0 0.0 0.0 269.0 251.0 143.0 2.0 2.0 100.0 5.0 0.0
yogafire 2018 MAY 1 18 50 4.0 0.0 0.0 2124216.0000 228028.0 328760.0 0.0 0.0 222.0 495.0 147.0 16.0 2.0 100.0 1.0 0.0
yogafire 2018 MAY 1 19 0 4.0 0.0 0.0 2123644.0000 228404.0 328380.0 0.0 0.0 70.0 172.0 100.0 1.0 2.0 100.0 0.0 0.0
yogafire 2018 MAY 1 19 10 3.0 0.0 0.0 2122628.0000 228884.0 328688.0 0.0 0.0 131.0 222.0 114.0 4.0 2.0 100.0 1.0 0.0
yogafire 2018 MAY 1 19 20 1.0 0.0 0.0 2121760.0000 229252.0 328744.0 0.0 0.0 90.0 194.0 94.0 1.0 2.0 100.0 0.0 0.0
yogafire 2018 MAY 1 19 30 3.0 1.0 0.0 2121288.0000 229684.0 328784.0 0.0 0.0 53.0 165.0 94.0 2.0 2.0 100.0 0.0 0.0
yogafire 2018 MAY 1 19 40 3.0 0.0 0.0 2119916.0000 230092.0 328988.0 0.0 0.0 104.0 185.0 106.0 1.0 2.0 100.0 2.0 0.0
yogafire 2018 MAY 1 19 50 5.0 1.0 0.0 2119584.0000 230560.0 331488.0 0.0 0.0 201.0 187.0 194.0 3.0 1.0 100.0 0.0 0.0
yogafire 2018 MAY 1 20 0 2.0 0.0 0.0 2118064.0000 231060.0 331420.0 0.0 0.0 194.0 253.0 142.0 6.0 2.0 100.0 0.0 0.0
yogafire 2018 MAY 1 20 10 3.0 0.0 0.0 2123268.0000 231452.0 333036.0 0.0 0.0 478.0 337.0 262.0 1.0 2.0 100.0 0.0 0.0
yogafire 2018 MAY 1 20 20 5.0 0.0 0.0 2123392.0000 231988.0 344392.0 0.0 0.0 1250.0 382.0 366.0 1.0 2.0 100.0 0.0 0.0
yogafire 2018 MAY 1 20 30 4.0 1.0 0.0 2110920.0000 232396.0 342420.0 0.0 0.0 625.0 302.0 266.0 6.0 2.0 100.0 0.0 0.0
yogafire 2018 MAY 1 20 40 0.0 0.0 0.0 2110764.0000 232688.0 342524.0 0.0 0.0 71.0 153.0 94.0 0.0 2.0 100.0 0.0 0.0
yogafire 2018 MAY 1 20 50 5.0 1.0 0.0 2110268.0000 233044.0 342672.0 0.0 0.0 143.0 160.0 108.0 1.0 2.0 100.0 0.0 0.0
yogafire 2018 MAY 1 21 0 5.0 1.0 0.0 2109896.0000 233376.0 342836.0 0.0 0.0 108.0 200.0 109.0 1.0 2.0 100.0 0.0 0.0
yogafire 2018 MAY 1 21 10 4.0 0.0 0.0 2109756.0000 233740.0 342980.0 0.0 0.0 216.0 251.0 179.0 2.0 1.0 100.0 0.0 0.0
yogafire 2018 MAY 1 21 20 5.0 0.0 0.0 2108656.0000 234124.0 343272.0 0.0 0.0 195.0 274.0 159.0 3.0 2.0 100.0 1.0 0.0
yogafire 2018 MAY 1 21 30 3.0 0.0 0.0 2108020.0000 234624.0 343688.0 0.0 0.0 170.0 249.0 152.0 2.0 2.0 100.0 1.0 0.0
yogafire 2018 MAY 1 21 40 6.0 1.0 0.0 2105424.0000 234928.0 343896.0 0.0 0.0 93.0 219.0 110.0 2.0 2.0 100.0 0.0 0.0
yogafire 2018 MAY 1 21 50 4.0 0.0 0.0 2105688.0000 235240.0 344096.0 0.0 0.0 69.0 225.0 134.0 1.0 1.0 100.0 0.0 0.0
yogafire 2018 MAY 1 22 0 3.0 0.0 0.0 2105168.0000 235604.0 344212.0 0.0 0.0 116.0 150.0 108.0 0.0 2.0 100.0 0.0 0.0
yogafire 2018 MAY 1 22 10 3.0 0.0 0.0 2105456.0000 235960.0 344364.0 0.0 0.0 187.0 200.0 114.0 2.0 1.0 100.0 0.0 0.0
yogafire 2018 MAY 1 22 20 4.0 0.0 0.0 2105828.0000 236324.0 344444.0 0.0 0.0 168.0 178.0 140.0 1.0 2.0 100.0 0.0 0.0
yogafire 2018 MAY 1 22 30 4.0 0.0 0.0 2105068.0000 236676.0 344532.0 0.0 0.0 72.0 192.0 111.0 1.0 1.0 100.0 0.0 0.0
yogafire 2018 MAY 1 22 40 2.0 0.0 0.0 2104588.0000 236992.0 344756.0 0.0 0.0 118.0 200.0 120.0 1.0 2.0 100.0 0.0 0.0
yogafire 2018 MAY 1 22 50 7.0 0.0 0.0 2104232.0000 237328.0 345104.0 0.0 0.0 244.0 263.0 125.0 3.0 2.0 100.0 0.0 0.0
yogafire 2018 MAY 1 23 0 8.0 1.0 0.0 2103108.0000 237680.0 345224.0 0.0 0.0 75.0 179.0 104.0 1.0 2.0 100.0 0.0 0.0
yogafire 2018 MAY 1 23 10 2.0 0.0 0.0 2103712.0000 238036.0 345392.0 0.0 0.0 108.0 167.0 105.0 1.0 2.0 100.0 0.0 0.0
yogafire 2018 MAY 1 23 20 6.0 0.0 0.0 2102348.0000 238404.0 346224.0 0.0 0.0 219.0 197.0 148.0 0.0 1.0 100.0 0.0 0.0
yogafire 2018 MAY 1 23 30 3.0 0.0 0.0 2102572.0000 238808.0 346332.0 0.0 0.0 150.0 171.0 137.0 1.0 2.0 100.0 0.0 0.0
yogafire 2018 MAY 1 23 40 7.0 0.0 0.0 2099704.0000 239220.0 346580.0 0.0 0.0 82.0 207.0 126.0 2.0 2.0 100.0 0.0 0.0
