yogafire 2018 MAY 6 0 0 4.0 1.0 0.0 2154652.0000 244908.0 341376.0 0.0 0.0 157.0 217.0 115.0 2.0 2.0 100.0 1.0 0.0
yogafire 2018 MAY 6 0 10 1.0 0.0 0.0 2152224.0000 245232.0 341468.0 0.0 0.0 74.0 209.0 103.0 2.0 2.0 100.0 0.0 0.0
yogafire 2018 MAY 6 0 20 2.0 0.0 0.0 2152372.0000 245532.0 341600.0 0.0 0.0 153.0 219.0 119.0 2.0 2.0 100.0 0.0 0.0
yogafire 2018 MAY 6 0 30 6.0 2.0 0.0 2151264.0000 245960.0 341672.0 0.0 0.0 153.0 307.0 216.0 2.0 8.0 100.0 1.0 0.0
yogafire 2018 MAY 6 0 40 4.0 0.0 0.0 2150712.0000 246672.0 369712.0 0.0 0.0 1215.0 516.0 118.0 20.0 7.0 100.0 1.0 0.0
yogafire 2018 MAY 6 0 50 4.0 3.0 0.0 2119796.0000 431192.0 399036.0 0.0 0.0 221.0 905.0 674.0 2.0 5.0 100.0 20.0 0.0
yogafire 2018 MAY 6 1 0 2.0 1.0 0.0 1782168.0000 431816.0 150252.0 0.0 0.0 179.0 222.0 153.0 5.0 2.0 100.0 1.0 0.0
yogafire 2018 MAY 6 1 10 3.0 0.0 0.0 1774888.0000 432132.0 150884.0 0.0 0.0 162.0 206.0 127.0 2.0 2.0 100.0 0.0 0.0
yogafire 2018 MAY 6 1 20 6.0 0.0 0.0 1775448.0000 432436.0 151584.0 0.0 0.0 141.0 186.0 115.0 1.0 2.0 100.0 1.0 0.0
yogafire 2018 MAY 6 1 30 5.0 0.0 0.0 1774108.0000 432760.0 152460.0 0.0 0.0 110.0 171.0 134.0 0.0 2.0 100.0 1.0 0.0
yogafire 2018 MAY 6 1 40 3.0 0.0 0.0 1772876.0000 433096.0 153124.0 0.0 0.0 88.0 157.0 118.0 0.0 2.0 100.0 1.0 0.0
yogafire 2018 MAY 6 1 50 4.0 2.0 0.0 1772100.0000 433464.0 153492.0 0.0 0.0 88.0 201.0 124.0 2.0 1.0 100.0 2.0 0.0
yogafire 2018 MAY 6 2 0 2.0 0.0 0.0 1771428.0000 433724.0 153792.0 0.0 0.0 189.0 246.0 144.0 1.0 2.0 100.0 0.0 0.0
yogafire 2018 MAY 6 2 10 1.0 0.0 0.0 1771196.0000 434080.0 153928.0 0.0 0.0 103.0 224.0 129.0 1.0 2.0 100.0 0.0 0.0
yogafire 2018 MAY 6 2 20 4.0 0.0 0.0 1771948.0000 434424.0 154148.0 0.0 0.0 195.0 226.0 123.0 3.0 2.0 100.0 1.0 0.0
yogafire 2018 MAY 6 2 30 3.0 0.0 0.0 1769080.0000 434908.0 155476.0 0.0 0.0 130.0 238.0 131.0 3.0 2.0 100.0 1.0 0.0
yogafire 2018 MAY 6 2 40 4.0 1.0 0.0 1770020.0000 435076.0 155968.0 0.0 0.0 189.0 256.0 145.0 2.0 1.0 100.0 0.0 0.0
yogafire 2018 MAY 6 2 50 7.0 0.0 0.0 1769400.0000 435460.0 157632.0 0.0 0.0 82.0 345.0 188.0 1.0 2.0 100.0 2.0 0.0
yogafire 2018 MAY 6 3 0 4.0 0.0 0.0 1768424.0000 435880.0 157868.0 0.0 0.0 91.0 207.0 106.0 2.0 2.0 100.0 0.0 0.0
yogafire 2018 MAY 6 3 10 4.0 0.0 0.0 1766548.0000 436160.0 158088.0 0.0 0.0 93.0 180.0 107.0 2.0 2.0 100.0 0.0 0.0
yogafire 2018 MAY 6 3 20 2.0 0.0 0.0 1767104.0000 437124.0 160464.0 0.0 0.0 106.0 204.0 113.0 1.0 2.0 100.0 2.0 0.0
yogafire 2018 MAY 6 3 30 5.0 0.0 0.0 1764864.0000 437548.0 160568.0 0.0 0.0 161.0 238.0 143.0 3.0 2.0 100.0 0.0 0.0
yogafire 2018 MAY 6 3 40 4.0 1.0 0.0 1764756.0000 437856.0 160648.0 0.0 0.0 97.0 239.0 142.0 2.0 2.0 100.0 0.0 0.0
yogafire 2018 MAY 6 3 50 7.0 0.0 0.0 2915552.0000 437872.0 160648.0 0.0 0.0 182.0 243.0 119.0 2.0 2.0 100.0 2.0 0.0
yogafire 2018 MAY 6 4 0 5.0 0.0 0.0 2885944.0000 20192.0 68556.0 0.0 0.0 41.0 194.0 99.0 1.0 2.0 100.0 0.0 0.0
yogafire 2018 MAY 6 4 10 4.0 1.0 0.0 2883860.0000 22000.0 69276.0 0.0 0.0 205.0 218.0 109.0 2.0 1.0 100.0 1.0 0.0
yogafire 2018 MAY 6 4 20 4.0 0.0 0.0 2881152.0000 24216.0 70976.0 0.0 0.0 159.0 315.0 194.0 2.0 4.0 100.0 1.0 0.0
yogafire 2018 MAY 6 4 30 3.0 2.0 0.0 2861356.0000 26360.0 72188.0 0.0 0.0 107.0 185.0 108.0 2.0 2.0 100.0 1.0 0.0
yogafire 2018 MAY 6 4 40 5.0 1.0 0.0 2855696.0000 29924.0 74368.0 0.0 0.0 105.0 234.0 123.0 1.0 2.0 100.0 1.0 0.0
yogafire 2018 MAY 6 4 50 5.0 0.0 0.0 2849608.0000 30992.0 74452.0 0.0 0.0 86.0 188.0 103.0 1.0 2.0 100.0 0.0 0.0
yogafire 2018 MAY 6 5 0 4.0 0.0 0.0 2847780.0000 31672.0 74564.0 0.0 0.0 108.0 183.0 105.0 1.0 2.0 100.0 0.0 0.0
yogafire 2018 MAY 6 5 10 3.0 0.0 0.0 2846928.0000 32572.0 74728.0 0.0 0.0 177.0 216.0 101.0 2.0 2.0 100.0 0.0 0.0
yogafire 2018 MAY 6 5 20 0.0 0.0 0.0 2845012.0000 33244.0 74832.0 0.0 0.0 93.0 153.0 102.0 1.0 2.0 100.0 0.0 0.0
yogafire 2018 MAY 6 5 30 3.0 0.0 0.0 2843632.0000 34908.0 75696.0 0.0 0.0 93.0 220.0 119.0 2.0 1.0 100.0 1.0 0.0
yogafire 2018 MAY 6 5 40 3.0 1.0 0.0 2839004.0000 35784.0 75892.0 0.0 0.0 108.0 214.0 135.0 2.0 2.0 100.0 0.0 0.0
yogafire 2018 MAY 6 5 50 3.0 0.0 0.0 2834360.0000 37104.0 76076.0 0.0 0.0 114.0 177.0 104.0 2.0 2.0 100.0 0.0 0.0
yogafire 2018 MAY 6 6 0 2.0 1.0 0.0 2831188.0000 40060.0 77956.0 0.0 0.0 133.0 201.0 145.0 2.0 2.0 100.0 5.0 0.0
yogafire 2018 MAY 6 6 10 4.0 1.0 0.0 2822992.0000 150200.0 186560.0 0.0 0.0 712.0 389.0 341.0 6.0 10.0 100.0 26.0 0.0
yogafire 2018 MAY 6 6 20 2.0 0.0 0.0 2624224.0000 151032.0 150520.0 0.0 0.0 157.0 209.0 123.0 3.0 2.0 100.0 0.0 0.0
yogafire 2018 MAY 6 6 30 2.0 0.0 0.0 2623264.0000 152864.0 150792.0 0.0 0.0 322.0 252.0 128.0 5.0 3.0 100.0 3.0 0.0
yogafire 2018 MAY 6 6 40 1.0 0.0 0.0 2615932.0000 153632.0 150924.0 0.0 0.0 93.0 213.0 127.0 1.0 2.0 100.0 0.0 0.0
yogafire 2018 MAY 6 6 50 3.0 0.0 0.0 2616180.0000 154288.0 151008.0 0.0 0.0 74.0 170.0 104.0 1.0 2.0 100.0 1.0 0.0
yogafire 2018 MAY 6 7 0 2.0 0.0 0.0 2615440.0000 154916.0 151116.0 0.0 0.0 159.0 184.0 149.0 1.0 2.0 100.0 0.0 0.0
yogafire 2018 MAY 6 7 10 2.0 0.0 0.0 2617192.0000 155620.0 151256.0 0.0 0.0 96.0 175.0 98.0 2.0 2.0 100.0 1.0 0.0
yogafire 2018 MAY 6 7 20 1.0 0.0 0.0 2617356.0000 156508.0 151520.0 0.0 0.0 93.0 300.0 172.0 1.0 4.0 100.0 0.0 0.0
yogafire 2018 MAY 6 7 30 3.0 0.0 0.0 2613656.0000 157136.0 152000.0 0.0 0.0 79.0 207.0 103.0 1.0 2.0 100.0 0.0 0.0
yogafire 2018 MAY 6 7 40 2.0 0.0 0.0 2609012.0000 160040.0 157772.0 0.0 0.0 130.0 221.0 126.0 2.0 3.0 100.0 3.0 0.0
yogafire 2018 MAY 6 7 50 3.0 0.0 0.0 2596332.0000 161484.0 158836.0 0.0 0.0 985.0 783.0 342.0 47.0 24.0 100.0 5.0 0.0
yogafire 2018 MAY 6 8 0 0.0 0.0 0.0 2584164.0000 162432.0 159044.0 0.0 0.0 171.0 204.0 121.0 2.0 2.0 100.0 0.0 0.0
yogafire 2018 MAY 6 8 10 3.0 0.0 0.0 2587024.0000 163160.0 159044.0 0.0 0.0 174.0 199.0 100.0 2.0 1.0 100.0 1.0 0.0
yogafire 2018 MAY 6 8 20 5.0 1.0 0.0 2586808.0000 163824.0 159136.0 0.0 0.0 174.0 303.0 219.0 6.0 3.0 100.0 0.0 0.0
yogafire 2018 MAY 6 8 30 2.0 0.0 0.0 2585148.0000 164392.0 159332.0 0.0 0.0 175.0 163.0 105.0 2.0 2.0 100.0 0.0 0.0
yogafire 2018 MAY 6 8 40 4.0 1.0 0.0 2584528.0000 164840.0 159464.0 0.0 0.0 167.0 197.0 96.0 2.0 1.0 100.0 0.0 0.0
yogafire 2018 MAY 6 8 50 4.0 1.0 0.0 2584420.0000 165424.0 159672.0 0.0 0.0 93.0 239.0 176.0 0.0 2.0 100.0 0.0 0.0
yogafire 2018 MAY 6 9 0 0.0 0.0 0.0 2582560.0000 166080.0 159888.0 0.0 0.0 268.0 261.0 104.0 8.0 2.0 100.0 0.0 0.0
yogafire 2018 MAY 6 9 10 3.0 0.0 0.0 2583056.0000 166644.0 160040.0 0.0 0.0 94.0 202.0 138.0 1.0 2.0 100.0 0.0 0.0
yogafire 2018 MAY 6 9 20 4.0 1.0 0.0 2582064.0000 167412.0 160536.0 0.0 0.0 69.0 283.0 187.0 2.0 2.0 100.0 0.0 0.0
yogafire 2018 MAY 6 9 30 3.0 0.0 0.0 2580072.0000 167936.0 160600.0 0.0 0.0 102.0 153.0 116.0 1.0 2.0 100.0 0.0 0.0
yogafire 2018 MAY 6 9 40 3.0 0.0 0.0 2579592.0000 168428.0 160692.0 0.0 0.0 112.0 144.0 112.0 0.0 2.0 100.0 0.0 0.0
yogafire 2018 MAY 6 9 50 4.0 0.0 0.0 2579252.0000 169140.0 161068.0 0.0 0.0 201.0 273.0 180.0 5.0 2.0 100.0 0.0 0.0
yogafire 2018 MAY 6 10 0 1.0 0.0 0.0 2575300.0000 170128.0 162452.0 0.0 0.0 94.0 214.0 119.0 1.0 2.0 100.0 1.0 0.0
yogafire 2018 MAY 6 10 10 4.0 0.0 0.0 2560772.0000 170796.0 162608.0 0.0 0.0 110.0 195.0 101.0 1.0 1.0 100.0 1.0 0.0
yogafire 2018 MAY 6 10 20 3.0 0.0 0.0 2558036.0000 171576.0 162872.0 0.0 0.0 168.0 336.0 196.0 4.0 2.0 100.0 1.0 0.0
yogafire 2018 MAY 6 10 30 5.0 1.0 0.0 2555352.0000 172220.0 163000.0 0.0 0.0 183.0 266.0 124.0 2.0 2.0 100.0 0.0 0.0
yogafire 2018 MAY 6 10 40 4.0 0.0 0.0 2548856.0000 172844.0 163156.0 0.0 0.0 203.0 182.0 102.0 2.0 1.0 100.0 0.0 0.0
yogafire 2018 MAY 6 10 50 3.0 0.0 0.0 2549300.0000 173536.0 163568.0 0.0 0.0 97.0 297.0 128.0 7.0 2.0 100.0 0.0 0.0
yogafire 2018 MAY 6 11 0 3.0 0.0 0.0 2554664.0000 174292.0 163844.0 0.0 0.0 185.0 219.0 125.0 3.0 2.0 100.0 0.0 0.0
yogafire 2018 MAY 6 11 10 3.0 0.0 0.0 2554424.0000 174928.0 170320.0 0.0 0.0 1778.0 534.0 472.0 1.0 2.0 100.0 0.0 0.0
yogafire 2018 MAY 6 11 20 3.0 0.0 0.0 2548372.0000 175624.0 170564.0 0.0 0.0 105.0 186.0 103.0 1.0 2.0 100.0 0.0 0.0
yogafire 2018 MAY 6 11 30 3.0 0.0 0.0 2538104.0000 184476.0 174700.0 0.0 0.0 82.0 190.0 129.0 1.0 2.0 100.0 7.0 0.0
yogafire 2018 MAY 6 11 40 2.0 0.0 0.0 2520636.0000 185044.0 174852.0 0.0 0.0 77.0 173.0 120.0 1.0 2.0 100.0 0.0 0.0
yogafire 2018 MAY 6 11 50 4.0 0.0 0.0 2520768.0000 185828.0 175308.0 0.0 0.0 157.0 263.0 169.0 4.0 3.0 100.0 0.0 0.0
yogafire 2018 MAY 6 12 0 6.0 0.0 0.0 2525832.0000 186456.0 175428.0 0.0 0.0 89.0 151.0 115.0 1.0 2.0 100.0 0.0 0.0
yogafire 2018 MAY 6 12 10 3.0 0.0 0.0 2523676.0000 187280.0 175764.0 0.0 0.0 242.0 227.0 135.0 2.0 2.0 100.0 1.0 0.0
yogafire 2018 MAY 6 12 20 5.0 1.0 0.0 2520592.0000 188072.0 176028.0 0.0 0.0 212.0 241.0 133.0 2.0 2.0 100.0 1.0 0.0
yogafire 2018 MAY 6 12 30 3.0 0.0 0.0 2524944.0000 188928.0 176384.0 0.0 0.0 158.0 233.0 124.0 3.0 2.0 100.0 1.0 0.0
yogafire 2018 MAY 6 12 40 3.0 1.0 0.0 2525068.0000 189616.0 177764.0 0.0 0.0 142.0 165.0 97.0 1.0 1.0 100.0 0.0 0.0
yogafire 2018 MAY 6 12 50 3.0 1.0 0.0 2519440.0000 190136.0 178036.0 0.0 0.0 194.0 183.0 92.0 1.0 2.0 100.0 0.0 0.0
yogafire 2018 MAY 6 13 0 3.0 1.0 0.0 2517168.0000 190596.0 178180.0 0.0 0.0 77.0 169.0 98.0 1.0 2.0 100.0 1.0 0.0
yogafire 2018 MAY 6 13 10 3.0 0.0 0.0 2517440.0000 191100.0 178376.0 0.0 0.0 98.0 195.0 120.0 1.0 2.0 100.0 0.0 0.0
yogafire 2018 MAY 6 13 20 3.0 0.0 0.0 2515952.0000 191460.0 178484.0 0.0 0.0 47.0 214.0 133.0 1.0 2.0 100.0 0.0 0.0
yogafire 2018 MAY 6 13 30 3.0 0.0 0.0 2515216.0000 192004.0 181788.0 0.0 0.0 740.0 357.0 370.0 3.0 2.0 100.0 0.0 0.0
yogafire 2018 MAY 6 13 40 4.0 0.0 0.0 2513812.0000 192516.0 178684.0 0.0 0.0 106.0 256.0 151.0 3.0 1.0 100.0 0.0 0.0
yogafire 2018 MAY 6 13 50 2.0 0.0 0.0 2514748.0000 193116.0 179248.0 0.0 0.0 169.0 300.0 155.0 6.0 2.0 100.0 0.0 0.0
yogafire 2018 MAY 6 14 0 2.0 0.0 0.0 2510612.0000 193616.0 179456.0 0.0 0.0 254.0 200.0 108.0 1.0 2.0 100.0 0.0 0.0
yogafire 2018 MAY 6 14 10 3.0 0.0 0.0 2516028.0000 196668.0 184304.0 0.0 0.0 691.0 348.0 159.0 3.0 2.0 100.0 2.0 0.0
yogafire 2018 MAY 6 14 20 4.0 1.0 0.0 2515260.0000 203800.0 194396.0 0.0 0.0 237.0 307.0 208.0 2.0 2.0 100.0 3.0 0.0
yogafire 2018 MAY 6 14 30 4.0 1.0 0.0 2481588.0000 204276.0 194552.0 0.0 0.0 128.0 277.0 218.0 1.0 1.0 100.0 0.0 0.0
yogafire 2018 MAY 6 14 40 3.0 0.0 0.0 2481036.0000 204828.0 194716.0 0.0 0.0 99.0 247.0 140.0 3.0 2.0 100.0 0.0 0.0
yogafire 2018 MAY 6 14 50 4.0 0.0 0.0 2479812.0000 206228.0 194984.0 0.0 0.0 110.0 219.0 141.0 2.0 2.0 100.0 1.0 0.0
yogafire 2018 MAY 6 15 0 3.0 0.0 0.0 2471784.0000 206792.0 195176.0 0.0 0.0 167.0 218.0 154.0 1.0 2.0 100.0 0.0 0.0
yogafire 2018 MAY 6 15 10 4.0 0.0 0.0 2472908.0000 207276.0 195376.0 0.0 0.0 174.0 179.0 114.0 1.0 2.0 100.0 0.0 0.0
yogafire 2018 MAY 6 15 20 3.0 0.0 0.0 2471916.0000 207648.0 196164.0 0.0 0.0 293.0 231.0 121.0 2.0 2.0 100.0 1.0 0.0
yogafire 2018 MAY 6 15 30 2.0 0.0 0.0 2468280.0000 208944.0 197668.0 0.0 0.0 301.0 346.0 188.0 3.0 3.0 100.0 1.0 0.0
yogafire 2018 MAY 6 15 40 1.0 0.0 0.0 2465412.0000 209412.0 197876.0 0.0 0.0 74.0 250.0 156.0 3.0 2.0 100.0 0.0 0.0
yogafire 2018 MAY 6 15 50 4.0 0.0 0.0 2464404.0000 209980.0 198288.0 0.0 0.0 169.0 201.0 119.0 2.0 2.0 100.0 0.0 0.0
yogafire 2018 MAY 6 16 0 1.0 0.0 0.0 2463180.0000 210552.0 200036.0 0.0 0.0 227.0 208.0 131.0 1.0 2.0 100.0 0.0 0.0
yogafire 2018 MAY 6 16 10 4.0 0.0 0.0 2462224.0000 211164.0 201640.0 0.0 0.0 797.0 328.0 299.0 3.0 2.0 100.0 0.0 0.0
yogafire 2018 MAY 6 16 20 3.0 0.0 0.0 2458148.0000 211780.0 201892.0 0.0 0.0 269.0 230.0 111.0 3.0 3.0 100.0 0.0 0.0
yogafire 2018 MAY 6 16 30 3.0 1.0 0.0 2459940.0000 212332.0 202108.0 0.0 0.0 155.0 285.0 173.0 3.0 2.0 100.0 0.0 0.0
yogafire 2018 MAY 6 16 40 1.0 0.0 0.0 2460872.0000 212872.0 202924.0 0.0 0.0 207.0 211.0 124.0 1.0 2.0 100.0 1.0 0.0
yogafire 2018 MAY 6 16 50 4.0 0.0 0.0 2458292.0000 213412.0 203196.0 0.0 0.0 243.0 233.0 163.0 1.0 2.0 100.0 0.0 0.0
yogafire 2018 MAY 6 17 0 4.0 0.0 0.0 2457176.0000 213884.0 203392.0 0.0 0.0 289.0 280.0 189.0 5.0 2.0 100.0 0.0 0.0
yogafire 2018 MAY 6 17 10 1.0 0.0 0.0 2456136.0000 214420.0 203588.0 0.0 0.0 158.0 182.0 142.0 2.0 2.0 100.0 0.0 0.0
yogafire 2018 MAY 6 17 20 1.0 0.0 0.0 2455864.0000 214856.0 203724.0 0.0 0.0 159.0 194.0 104.0 1.0 2.0 100.0 0.0 0.0
yogafire 2018 MAY 6 17 30 3.0 0.0 0.0 2455500.0000 215376.0 204096.0 0.0 0.0 114.0 216.0 124.0 2.0 3.0 100.0 1.0 0.0
yogafire 2018 MAY 6 17 40 5.0 1.0 0.0 2452492.0000 215812.0 204304.0 0.0 0.0 77.0 200.0 118.0 1.0 2.0 100.0 0.0 0.0
yogafire 2018 MAY 6 17 50 3.0 0.0 0.0 2450624.0000 216324.0 204516.0 0.0 0.0 333.0 351.0 159.0 8.0 2.0 100.0 0.0 0.0
yogafire 2018 MAY 6 18 0 3.0 0.0 0.0 2451384.0000 216876.0 204392.0 0.0 0.0 123.0 230.0 145.0 2.0 3.0 100.0 0.0 0.0
yogafire 2018 MAY 6 18 10 3.0 0.0 0.0 2446344.0000 217300.0 204512.0 0.0 0.0 133.0 219.0 133.0 2.0 2.0 100.0 0.0 0.0
yogafire 2018 MAY 6 18 20 3.0 1.0 0.0 2446096.0000 217656.0 204644.0 0.0 0.0 103.0 210.0 115.0 1.0 2.0 100.0 0.0 0.0
yogafire 2018 MAY 6 18 30 3.0 0.0 0.0 2454076.0000 218056.0 204632.0 0.0 0.0 133.0 166.0 107.0 1.0 2.0 100.0 0.0 0.0
yogafire 2018 MAY 6 18 40 0.0 0.0 0.0 2453936.0000 218400.0 204704.0 0.0 0.0 71.0 205.0 124.0 1.0 2.0 100.0 0.0 0.0
yogafire 2018 MAY 6 18 50 4.0 0.0 0.0 2447012.0000 219060.0 206240.0 0.0 0.0 183.0 329.0 211.0 3.0 2.0 100.0 1.0 0.0
yogafire 2018 MAY 6 19 0 4.0 0.0 0.0 2439492.0000 225676.0 252336.0 0.0 0.0 280.0 397.0 268.0 3.0 2.0 100.0 3.0 0.0
yogafire 2018 MAY 6 19 10 2.0 1.0 0.0 2376232.0000 228952.0 254724.0 0.0 0.0 242.0 474.0 307.0 2.0 7.0 100.0 4.0 0.0
yogafire 2018 MAY 6 19 20 3.0 0.0 0.0 2379008.0000 229728.0 256056.0 0.0 0.0 135.0 330.0 210.0 2.0 2.0 100.0 0.0 0.0
yogafire 2018 MAY 6 19 30 2.0 0.0 0.0 2380428.0000 230312.0 257080.0 0.0 0.0 89.0 306.0 181.0 3.0 2.0 100.0 0.0 0.0
yogafire 2018 MAY 6 19 40 1.0 0.0 0.0 2378560.0000 231068.0 285720.0 0.0 0.0 1261.0 511.0 174.0 20.0 6.0 100.0 1.0 0.0
yogafire 2018 MAY 6 19 50 4.0 0.0 0.0 2348196.0000 231464.0 285880.0 0.0 0.0 66.0 263.0 101.0 7.0 2.0 100.0 0.0 0.0
yogafire 2018 MAY 6 20 0 2.0 0.0 0.0 2346708.0000 231852.0 286092.0 0.0 0.0 199.0 193.0 115.0 1.0 2.0 100.0 0.0 0.0
yogafire 2018 MAY 6 20 10 3.0 0.0 0.0 2343764.0000 232292.0 286196.0 0.0 0.0 84.0 189.0 112.0 0.0 2.0 100.0 0.0 0.0
yogafire 2018 MAY 6 20 20 4.0 0.0 0.0 2346204.0000 232612.0 286340.0 0.0 0.0 164.0 278.0 168.0 5.0 2.0 100.0 1.0 0.0
yogafire 2018 MAY 6 20 30 4.0 0.0 0.0 2348840.0000 232984.0 268568.0 0.0 0.0 52.0 159.0 105.0 0.0 2.0 100.0 1.0 0.0
yogafire 2018 MAY 6 20 40 3.0 0.0 0.0 2349556.0000 233524.0 271000.0 0.0 0.0 202.0 348.0 269.0 3.0 2.0 100.0 2.0 0.0
yogafire 2018 MAY 6 20 50 3.0 0.0 0.0 2351316.0000 234108.0 276868.0 0.0 0.0 181.0 259.0 141.0 3.0 2.0 100.0 4.0 0.0
yogafire 2018 MAY 6 21 0 2.0 0.0 0.0 2345924.0000 234404.0 276896.0 0.0 0.0 220.0 252.0 120.0 4.0 2.0 100.0 13.0 0.0
yogafire 2018 MAY 6 21 10 5.0 1.0 0.0 2346336.0000 234668.0 276676.0 0.0 0.0 183.0 340.0 97.0 10.0 2.0 100.0 6.0 0.0
yogafire 2018 MAY 6 21 20 1.0 1.0 0.0 2345508.0000 235092.0 276896.0 0.0 0.0 138.0 183.0 93.0 2.0 2.0 100.0 3.0 0.0
yogafire 2018 MAY 6 21 30 3.0 0.0 0.0 2345516.0000 235428.0 276996.0 0.0 0.0 48.0 143.0 92.0 1.0 2.0 100.0 0.0 0.0
yogafire 2018 MAY 6 21 40 4.0 0.0 0.0 2346152.0000 235764.0 277076.0 0.0 0.0 77.0 145.0 93.0 0.0 2.0 100.0 0.0 0.0
yogafire 2018 MAY 6 21 50 3.0 1.0 0.0 2344532.0000 236072.0 278744.0 0.0 0.0 440.0 270.0 246.0 1.0 2.0 100.0 0.0 0.0
yogafire 2018 MAY 6 22 0 0.0 1.0 2340200.0 2341060.0000 278732.0 278916.0 0.0 0.0 151.0 186.0 122.0 1.0 98.0 100.0 0.0 0.0
yogafire 2018 MAY 6 22 10 3.0 1.0 0.0 2340532.0000 236920.0 279696.0 0.0 0.0 85.0 212.0 115.0 1.0 2.0 100.0 1.0 0.0
yogafire 2018 MAY 6 22 20 3.0 0.0 0.0 2339292.0000 237292.0 279852.0 0.0 0.0 89.0 188.0 105.0 1.0 2.0 100.0 0.0 0.0
yogafire 2018 MAY 6 22 30 3.0 1.0 0.0 2337084.0000 238260.0 297232.0 0.0 0.0 652.0 523.0 150.0 18.0 4.0 100.0 2.0 0.0
yogafire 2018 MAY 6 22 40 3.0 0.0 0.0 2302836.0000 238660.0 288444.0 0.0 0.0 56.0 224.0 123.0 2.0 2.0 100.0 0.0 0.0
yogafire 2018 MAY 6 22 50 3.0 0.0 0.0 2304092.0000 239080.0 288656.0 0.0 0.0 104.0 302.0 163.0 1.0 2.0 100.0 1.0 0.0
yogafire 2018 MAY 6 23 0 1.0 0.0 0.0 2302820.0000 239448.0 288772.0 0.0 0.0 83.0 215.0 131.0 2.0 2.0 100.0 0.0 0.0
yogafire 2018 MAY 6 23 10 4.0 1.0 0.0 2301472.0000 239892.0 289484.0 0.0 0.0 69.0 215.0 116.0 1.0 3.0 100.0 1.0 0.0
yogafire 2018 MAY 6 23 20 3.0 0.0 0.0 2302440.0000 240312.0 289704.0 0.0 0.0 116.0 217.0 120.0 1.0 2.0 100.0 0.0 0.0
yogafire 2018 MAY 6 23 30 2.0 0.0 0.0 2300696.0000 240680.0 289828.0 0.0 0.0 99.0 229.0 149.0 0.0 2.0 100.0 0.0 0.0
yogafire 2018 MAY 6 23 40 5.0 0.0 0.0 2299572.0000 241124.0 289984.0 0.0 0.0 101.0 169.0 97.0 0.0 1.0 100.0 1.0 0.0
