yogafire 2018 MAY 3 0 0 3.0 0.0 0.0 1888888.0000 264416.0 559128.0 0.0 0.0 148.0 362.0 239.0 2.0 2.0 100.0 0.0 0.0
yogafire 2018 MAY 3 0 10 1.0 0.0 1887824.0 1888888.0000 540872.0 543716.0 0.0 0.0 373.0 624.0 410.0 8.0 98.0 100.0 1.0 0.0
yogafire 2018 MAY 3 0 20 3.0 0.0 0.0 1873056.0000 265268.0 546372.0 0.0 0.0 149.0 397.0 265.0 2.0 2.0 100.0 1.0 0.0
yogafire 2018 MAY 3 0 30 6.0 5.0 0.0 1872360.0000 265728.0 548580.0 0.0 0.0 142.0 403.0 338.0 3.0 6.0 100.0 1.0 0.0
yogafire 2018 MAY 3 0 40 5.0 0.0 0.0 1870204.0000 266156.0 551492.0 0.0 0.0 212.0 412.0 266.0 4.0 3.0 100.0 2.0 0.0
yogafire 2018 MAY 3 0 50 2.0 2.0 0.0 1868856.0000 435720.0 583180.0 0.0 0.0 331.0 924.0 703.0 8.0 7.0 100.0 25.0 0.0
yogafire 2018 MAY 3 1 0 4.0 0.0 1556740.0 1562696.0000 436748.0 327664.0 0.0 0.0 232.0 541.0 241.0 23.0 99.0 100.0 1.0 0.0
yogafire 2018 MAY 3 1 10 5.0 1.0 0.0 1551760.0000 437252.0 332152.0 0.0 0.0 136.0 520.0 330.0 3.0 3.0 100.0 2.0 0.0
yogafire 2018 MAY 3 1 20 3.0 0.0 0.0 1547272.0000 437660.0 338152.0 0.0 0.0 42.0 423.0 274.0 1.0 2.0 100.0 1.0 0.0
yogafire 2018 MAY 3 1 30 5.0 0.0 0.0 1541112.0000 438008.0 340484.0 0.0 0.0 41.0 367.0 226.0 2.0 3.0 100.0 0.0 0.0
yogafire 2018 MAY 3 1 40 2.0 0.0 1537532.0 1539272.0000 438456.0 342956.0 0.0 0.0 274.0 424.0 258.0 6.0 98.0 100.0 0.0 0.0
yogafire 2018 MAY 3 1 50 4.0 1.0 0.0 1537412.0000 438892.0 345572.0 0.0 0.0 215.0 382.0 310.0 3.0 2.0 100.0 0.0 0.0
yogafire 2018 MAY 3 2 0 2.0 0.0 0.0 1538208.0000 439152.0 347692.0 0.0 0.0 147.0 409.0 284.0 2.0 3.0 100.0 0.0 0.0
yogafire 2018 MAY 3 2 10 1.0 1.0 0.0 1541544.0000 439592.0 348436.0 0.0 0.0 140.0 292.0 158.0 2.0 3.0 100.0 0.0 0.0
yogafire 2018 MAY 3 2 20 3.0 0.0 0.0 1544048.0000 440024.0 348936.0 0.0 0.0 142.0 186.0 100.0 1.0 2.0 100.0 0.0 0.0
yogafire 2018 MAY 3 2 30 1.0 0.0 0.0 1541560.0000 440440.0 349156.0 0.0 0.0 222.0 214.0 136.0 4.0 2.0 100.0 0.0 0.0
yogafire 2018 MAY 3 2 40 3.0 0.0 0.0 1543112.0000 440616.0 349380.0 0.0 0.0 230.0 234.0 131.0 3.0 2.0 100.0 0.0 0.0
yogafire 2018 MAY 3 2 50 4.0 0.0 0.0 1543740.0000 440904.0 349492.0 0.0 0.0 34.0 216.0 116.0 1.0 2.0 100.0 0.0 0.0
yogafire 2018 MAY 3 3 0 2.0 0.0 0.0 1541500.0000 441308.0 349960.0 0.0 0.0 202.0 315.0 167.0 5.0 2.0 100.0 1.0 0.0
yogafire 2018 MAY 3 3 10 1.0 0.0 0.0 1541276.0000 441600.0 350068.0 0.0 0.0 36.0 193.0 107.0 1.0 2.0 100.0 0.0 0.0
yogafire 2018 MAY 3 3 20 4.0 1.0 0.0 1540780.0000 442832.0 353828.0 0.0 0.0 100.0 237.0 154.0 2.0 2.0 100.0 2.0 0.0
yogafire 2018 MAY 3 3 30 7.0 0.0 0.0 1536680.0000 443228.0 363256.0 0.0 0.0 103.0 277.0 144.0 2.0 2.0 100.0 2.0 0.0
yogafire 2018 MAY 3 3 40 3.0 1.0 0.0 1526900.0000 443644.0 364028.0 0.0 0.0 65.0 243.0 146.0 2.0 2.0 100.0 2.0 0.0
yogafire 2018 MAY 3 3 50 2.0 1.0 0.0 2892080.0000 443656.0 364036.0 0.0 0.0 203.0 256.0 141.0 2.0 2.0 100.0 3.0 0.0
yogafire 2018 MAY 3 4 0 1.0 0.0 0.0 2859400.0000 22384.0 70336.0 0.0 0.0 128.0 209.0 106.0 2.0 2.0 100.0 0.0 0.0
yogafire 2018 MAY 3 4 10 3.0 0.0 0.0 2858160.0000 24356.0 70700.0 0.0 0.0 170.0 236.0 128.0 3.0 2.0 100.0 1.0 0.0
yogafire 2018 MAY 3 4 20 2.0 0.0 0.0 2852924.0000 25724.0 71684.0 0.0 0.0 162.0 235.0 145.0 3.0 2.0 100.0 1.0 0.0
yogafire 2018 MAY 3 4 30 4.0 0.0 0.0 2851296.0000 26664.0 72468.0 0.0 0.0 177.0 322.0 164.0 5.0 2.0 100.0 1.0 0.0
yogafire 2018 MAY 3 4 40 3.0 1.0 0.0 2850604.0000 30880.0 74884.0 0.0 0.0 142.0 261.0 129.0 2.0 2.0 100.0 2.0 0.0
yogafire 2018 MAY 3 4 50 4.0 0.0 0.0 2843020.0000 33912.0 77624.0 0.0 0.0 91.0 535.0 313.0 2.0 6.0 100.0 2.0 0.0
yogafire 2018 MAY 3 5 0 3.0 0.0 0.0 2835924.0000 34608.0 88668.0 0.0 0.0 87.0 278.0 151.0 1.0 2.0 100.0 3.0 0.0
yogafire 2018 MAY 3 5 10 4.0 1.0 0.0 2824236.0000 36196.0 88900.0 0.0 0.0 90.0 174.0 105.0 1.0 2.0 100.0 1.0 0.0
yogafire 2018 MAY 3 5 20 1.0 0.0 0.0 2820312.0000 38992.0 89988.0 0.0 0.0 120.0 220.0 124.0 4.0 2.0 100.0 1.0 0.0
yogafire 2018 MAY 3 5 30 3.0 1.0 0.0 2813940.0000 41728.0 90552.0 0.0 0.0 106.0 246.0 150.0 1.0 2.0 100.0 6.0 0.0
yogafire 2018 MAY 3 5 40 1.0 1.0 0.0 2808364.0000 42656.0 90836.0 0.0 0.0 162.0 221.0 142.0 3.0 2.0 100.0 1.0 0.0
yogafire 2018 MAY 3 5 50 7.0 1.0 0.0 2804628.0000 43420.0 91332.0 0.0 0.0 229.0 228.0 130.0 6.0 2.0 100.0 0.0 0.0
yogafire 2018 MAY 3 6 0 6.0 1.0 0.0 2803868.0000 44092.0 91520.0 0.0 0.0 125.0 195.0 105.0 2.0 2.0 100.0 0.0 0.0
yogafire 2018 MAY 3 6 10 4.0 1.0 0.0 2804504.0000 159816.0 192688.0 0.0 0.0 678.0 398.0 352.0 5.0 4.0 100.0 26.0 0.0
yogafire 2018 MAY 3 6 20 5.0 0.0 0.0 2599556.0000 160768.0 157152.0 0.0 0.0 271.0 279.0 163.0 3.0 2.0 100.0 0.0 0.0
yogafire 2018 MAY 3 6 30 3.0 0.0 0.0 2595276.0000 162256.0 204584.0 0.0 0.0 1102.0 270.0 138.0 3.0 3.0 100.0 2.0 0.0
yogafire 2018 MAY 3 6 40 2.0 0.0 0.0 2549792.0000 162940.0 204696.0 0.0 0.0 88.0 211.0 114.0 1.0 2.0 100.0 0.0 0.0
yogafire 2018 MAY 3 6 50 5.0 0.0 0.0 2547320.0000 163912.0 205504.0 0.0 0.0 126.0 327.0 205.0 2.0 2.0 100.0 1.0 0.0
yogafire 2018 MAY 3 7 0 5.0 1.0 0.0 2543040.0000 164696.0 206264.0 0.0 0.0 375.0 568.0 126.0 23.0 4.0 100.0 1.0 0.0
yogafire 2018 MAY 3 7 10 4.0 0.0 0.0 2538256.0000 165576.0 208280.0 0.0 0.0 572.0 296.0 253.0 2.0 1.0 100.0 1.0 0.0
yogafire 2018 MAY 3 7 20 3.0 0.0 0.0 2538132.0000 166144.0 208440.0 0.0 0.0 69.0 189.0 100.0 1.0 2.0 100.0 0.0 0.0
yogafire 2018 MAY 3 7 30 4.0 1.0 0.0 2537248.0000 166864.0 208744.0 0.0 0.0 82.0 274.0 155.0 4.0 2.0 100.0 0.0 0.0
yogafire 2018 MAY 3 7 40 4.0 0.0 0.0 2534836.0000 168652.0 211616.0 0.0 0.0 154.0 271.0 440.0 2.0 2.0 100.0 2.0 0.0
yogafire 2018 MAY 3 7 50 6.0 1.0 0.0 2510356.0000 170092.0 213348.0 0.0 0.0 799.0 677.0 281.0 35.0 25.0 100.0 3.0 0.0
yogafire 2018 MAY 3 8 0 8.0 0.0 0.0 2494572.0000 177440.0 224260.0 0.0 0.0 843.0 690.0 577.0 9.0 6.0 100.0 3.0 0.0
yogafire 2018 MAY 3 8 10 3.0 1.0 0.0 2455548.0000 178200.0 224704.0 0.0 0.0 161.0 208.0 112.0 3.0 2.0 100.0 1.0 0.0
yogafire 2018 MAY 3 8 20 2.0 0.0 0.0 2455860.0000 179184.0 226148.0 0.0 0.0 522.0 297.0 164.0 6.0 2.0 100.0 1.0 0.0
yogafire 2018 MAY 3 8 30 3.0 1.0 0.0 2454884.0000 179812.0 226276.0 0.0 0.0 155.0 239.0 139.0 2.0 2.0 100.0 0.0 0.0
yogafire 2018 MAY 3 8 40 4.0 0.0 0.0 2447880.0000 181752.0 227688.0 0.0 0.0 202.0 260.0 154.0 3.0 3.0 100.0 1.0 0.0
yogafire 2018 MAY 3 8 50 9.0 0.0 0.0 2443096.0000 183216.0 247404.0 0.0 0.0 868.0 562.0 147.0 21.0 4.0 100.0 2.0 0.0
yogafire 2018 MAY 3 9 0 3.0 0.0 0.0 2306772.0000 184440.0 265144.0 0.0 0.0 791.0 477.0 180.0 16.0 3.0 100.0 4.0 0.0
yogafire 2018 MAY 3 9 10 5.0 1.0 0.0 2249628.0000 185556.0 265500.0 0.0 0.0 799.0 401.0 171.0 16.0 3.0 100.0 1.0 0.0
yogafire 2018 MAY 3 9 20 4.0 1.0 0.0 2216632.0000 193256.0 264284.0 0.0 0.0 805.0 294.0 223.0 4.0 4.0 100.0 5.0 0.0
yogafire 2018 MAY 3 9 30 4.0 0.0 0.0 2190332.0000 193940.0 264684.0 0.0 0.0 792.0 364.0 210.0 5.0 3.0 100.0 0.0 0.0
yogafire 2018 MAY 3 9 40 5.0 1.0 0.0 2186524.0000 195140.0 266460.0 0.0 0.0 185.0 276.0 173.0 6.0 3.0 100.0 1.0 0.0
yogafire 2018 MAY 3 9 50 6.0 1.0 0.0 2215972.0000 196152.0 279580.0 0.0 0.0 314.0 329.0 183.0 3.0 4.0 100.0 1.0 0.0
yogafire 2018 MAY 3 10 0 5.0 0.0 0.0 2217600.0000 196960.0 269036.0 0.0 0.0 183.0 294.0 139.0 5.0 4.0 100.0 1.0 0.0
yogafire 2018 MAY 3 10 10 3.0 0.0 0.0 2194736.0000 198008.0 269584.0 0.0 0.0 153.0 310.0 156.0 5.0 3.0 100.0 0.0 0.0
yogafire 2018 MAY 3 10 20 1.0 0.0 0.0 2191892.0000 199432.0 270352.0 0.0 0.0 426.0 454.0 274.0 9.0 6.0 100.0 0.0 0.0
yogafire 2018 MAY 3 10 30 5.0 0.0 0.0 2191364.0000 200384.0 270720.0 0.0 0.0 238.0 281.0 414.0 5.0 2.0 100.0 0.0 0.0
yogafire 2018 MAY 3 10 40 3.0 0.0 0.0 2190180.0000 201036.0 270908.0 0.0 0.0 89.0 220.0 132.0 2.0 2.0 100.0 1.0 0.0
yogafire 2018 MAY 3 10 50 3.0 0.0 0.0 2185420.0000 201668.0 272508.0 0.0 0.0 351.0 264.0 221.0 4.0 2.0 100.0 0.0 0.0
yogafire 2018 MAY 3 11 0 3.0 0.0 0.0 2178948.0000 202268.0 272044.0 0.0 0.0 305.0 227.0 112.0 3.0 2.0 100.0 1.0 0.0
yogafire 2018 MAY 3 11 10 3.0 0.0 0.0 2179508.0000 202736.0 272192.0 0.0 0.0 268.0 244.0 138.0 2.0 2.0 100.0 0.0 0.0
yogafire 2018 MAY 3 11 20 5.0 0.0 0.0 2172296.0000 203560.0 286972.0 0.0 0.0 863.0 540.0 377.0 22.0 4.0 100.0 4.0 0.0
yogafire 2018 MAY 3 11 30 7.0 0.0 0.0 2160632.0000 204456.0 287932.0 0.0 0.0 820.0 330.0 145.0 8.0 3.0 100.0 0.0 0.0
yogafire 2018 MAY 3 11 40 3.0 0.0 0.0 2156980.0000 205356.0 289820.0 0.0 0.0 865.0 278.0 151.0 6.0 3.0 100.0 1.0 0.0
yogafire 2018 MAY 3 11 50 4.0 0.0 0.0 2154972.0000 206276.0 290220.0 0.0 0.0 182.0 197.0 106.0 2.0 2.0 100.0 0.0 0.0
yogafire 2018 MAY 3 12 0 2.0 0.0 0.0 2154732.0000 206984.0 290768.0 0.0 0.0 347.0 235.0 117.0 5.0 2.0 100.0 0.0 0.0
yogafire 2018 MAY 3 12 10 3.0 0.0 0.0 2152840.0000 207588.0 291024.0 0.0 0.0 229.0 363.0 200.0 6.0 2.0 100.0 0.0 0.0
yogafire 2018 MAY 3 12 20 4.0 0.0 0.0 2143708.0000 208312.0 291676.0 0.0 0.0 256.0 344.0 173.0 6.0 3.0 100.0 0.0 0.0
yogafire 2018 MAY 3 12 30 5.0 0.0 0.0 2149804.0000 208944.0 280148.0 0.0 0.0 178.0 239.0 131.0 1.0 2.0 100.0 0.0 0.0
yogafire 2018 MAY 3 12 40 4.0 0.0 0.0 2150160.0000 209548.0 280444.0 0.0 0.0 110.0 211.0 115.0 2.0 1.0 100.0 0.0 0.0
yogafire 2018 MAY 3 12 50 6.0 0.0 2131816.0 2151020.0000 281112.0 281512.0 0.0 0.0 584.0 821.0 624.0 35.0 64.0 100.0 1.0 0.0
yogafire 2018 MAY 3 13 0 2.0 0.0 0.0 2097140.0000 210792.0 281972.0 0.0 0.0 284.0 246.0 144.0 3.0 2.0 100.0 0.0 0.0
yogafire 2018 MAY 3 13 10 3.0 0.0 0.0 2105300.0000 211504.0 282448.0 0.0 0.0 343.0 261.0 174.0 3.0 2.0 100.0 0.0 0.0
yogafire 2018 MAY 3 13 20 5.0 0.0 0.0 2110220.0000 212256.0 282864.0 0.0 0.0 412.0 267.0 164.0 3.0 3.0 100.0 0.0 0.0
yogafire 2018 MAY 3 13 30 1.0 0.0 0.0 2116996.0000 212872.0 283620.0 0.0 0.0 345.0 292.0 136.0 5.0 3.0 100.0 0.0 0.0
yogafire 2018 MAY 3 13 40 1.0 0.0 0.0 2141540.0000 213632.0 283656.0 0.0 0.0 171.0 272.0 131.0 3.0 2.0 100.0 0.0 0.0
yogafire 2018 MAY 3 13 50 4.0 1.0 0.0 2146292.0000 214404.0 283480.0 0.0 0.0 409.0 357.0 120.0 13.0 3.0 100.0 1.0 0.0
yogafire 2018 MAY 3 14 0 7.0 0.0 0.0 2125896.0000 215244.0 284104.0 0.0 0.0 369.0 369.0 211.0 5.0 4.0 100.0 1.0 0.0
yogafire 2018 MAY 3 14 10 5.0 1.0 0.0 2126532.0000 215704.0 284356.0 0.0 0.0 154.0 219.0 115.0 2.0 2.0 100.0 0.0 0.0
yogafire 2018 MAY 3 14 20 3.0 1.0 0.0 2122432.0000 216492.0 284716.0 0.0 0.0 291.0 235.0 141.0 3.0 2.0 100.0 0.0 0.0
yogafire 2018 MAY 3 14 30 3.0 0.0 0.0 2113716.0000 217616.0 355344.0 0.0 0.0 327.0 447.0 250.0 4.0 7.0 100.0 5.0 0.0
yogafire 2018 MAY 3 14 40 3.0 0.0 0.0 2043684.0000 217992.0 355432.0 0.0 0.0 179.0 231.0 114.0 2.0 2.0 100.0 0.0 0.0
yogafire 2018 MAY 3 14 50 3.0 0.0 0.0 2044436.0000 218652.0 356448.0 0.0 0.0 402.0 389.0 250.0 7.0 2.0 100.0 0.0 0.0
yogafire 2018 MAY 3 15 0 5.0 0.0 0.0 2030384.0000 219140.0 356928.0 0.0 0.0 135.0 271.0 157.0 4.0 2.0 100.0 1.0 0.0
yogafire 2018 MAY 3 15 10 4.0 0.0 0.0 2032784.0000 220888.0 363564.0 0.0 0.0 377.0 275.0 147.0 3.0 3.0 100.0 1.0 0.0
yogafire 2018 MAY 3 15 20 4.0 0.0 0.0 2028544.0000 221500.0 363420.0 0.0 0.0 110.0 208.0 132.0 1.0 2.0 100.0 0.0 0.0
yogafire 2018 MAY 3 15 30 5.0 0.0 0.0 2028924.0000 222004.0 363772.0 0.0 0.0 192.0 289.0 178.0 5.0 2.0 100.0 0.0 0.0
yogafire 2018 MAY 3 15 40 3.0 0.0 0.0 2027048.0000 222788.0 364352.0 0.0 0.0 331.0 258.0 123.0 5.0 2.0 100.0 0.0 0.0
yogafire 2018 MAY 3 15 50 3.0 0.0 0.0 2025964.0000 223356.0 364692.0 0.0 0.0 249.0 189.0 111.0 3.0 2.0 100.0 0.0 0.0
yogafire 2018 MAY 3 16 0 4.0 0.0 0.0 2023204.0000 224128.0 365488.0 0.0 0.0 276.0 315.0 162.0 6.0 2.0 100.0 1.0 0.0
yogafire 2018 MAY 3 16 10 2.0 1.0 0.0 2023104.0000 224924.0 370004.0 0.0 0.0 626.0 349.0 342.0 3.0 2.0 100.0 2.0 0.0
yogafire 2018 MAY 3 16 20 2.0 0.0 0.0 2020340.0000 225632.0 378264.0 0.0 0.0 736.0 468.0 139.0 17.0 3.0 100.0 3.0 0.0
yogafire 2018 MAY 3 16 30 2.0 0.0 0.0 2022704.0000 226248.0 378356.0 0.0 0.0 309.0 277.0 149.0 3.0 2.0 100.0 1.0 0.0
yogafire 2018 MAY 3 16 40 5.0 2.0 0.0 2022140.0000 226612.0 369904.0 0.0 0.0 231.0 194.0 95.0 2.0 2.0 100.0 0.0 0.0
yogafire 2018 MAY 3 16 50 4.0 0.0 0.0 2022140.0000 227204.0 370204.0 0.0 0.0 184.0 284.0 148.0 8.0 3.0 100.0 0.0 0.0
yogafire 2018 MAY 3 17 0 1.0 0.0 0.0 2015116.0000 227676.0 370332.0 0.0 0.0 41.0 194.0 106.0 1.0 2.0 100.0 0.0 0.0
yogafire 2018 MAY 3 17 10 4.0 1.0 0.0 2014752.0000 228372.0 370840.0 0.0 0.0 343.0 255.0 132.0 4.0 2.0 100.0 0.0 0.0
yogafire 2018 MAY 3 17 20 3.0 1.0 0.0 2012836.0000 228828.0 371072.0 0.0 0.0 161.0 219.0 122.0 2.0 2.0 100.0 1.0 0.0
yogafire 2018 MAY 3 17 30 3.0 0.0 0.0 2015760.0000 229240.0 371220.0 0.0 0.0 342.0 411.0 109.0 13.0 2.0 100.0 0.0 0.0
yogafire 2018 MAY 3 17 40 1.0 0.0 0.0 2031768.0000 229708.0 370888.0 0.0 0.0 259.0 277.0 177.0 5.0 2.0 100.0 0.0 0.0
yogafire 2018 MAY 3 17 50 4.0 1.0 0.0 2033024.0000 230420.0 372424.0 0.0 0.0 342.0 301.0 219.0 8.0 2.0 100.0 0.0 0.0
yogafire 2018 MAY 3 18 0 3.0 0.0 0.0 2017360.0000 230864.0 372564.0 0.0 0.0 203.0 281.0 181.0 2.0 2.0 100.0 1.0 0.0
yogafire 2018 MAY 3 18 10 3.0 0.0 0.0 2017856.0000 231600.0 373744.0 0.0 0.0 210.0 481.0 401.0 8.0 4.0 100.0 0.0 0.0
yogafire 2018 MAY 3 18 20 4.0 1.0 0.0 2014748.0000 232100.0 375124.0 0.0 0.0 485.0 246.0 166.0 2.0 3.0 100.0 0.0 0.0
yogafire 2018 MAY 3 18 30 3.0 0.0 0.0 2013716.0000 232660.0 375344.0 0.0 0.0 170.0 264.0 103.0 5.0 2.0 100.0 1.0 0.0
yogafire 2018 MAY 3 18 40 3.0 0.0 0.0 2015072.0000 237320.0 380004.0 0.0 0.0 292.0 346.0 241.0 1.0 2.0 100.0 3.0 0.0
yogafire 2018 MAY 3 18 50 5.0 0.0 0.0 1989176.0000 239368.0 382404.0 0.0 0.0 239.0 362.0 231.0 3.0 3.0 100.0 4.0 0.0
yogafire 2018 MAY 3 19 0 5.0 0.0 0.0 1988888.0000 239740.0 385084.0 0.0 0.0 178.0 500.0 111.0 23.0 2.0 100.0 0.0 0.0
yogafire 2018 MAY 3 19 10 3.0 0.0 0.0 1987424.0000 240312.0 381504.0 0.0 0.0 207.0 204.0 119.0 4.0 2.0 100.0 0.0 0.0
yogafire 2018 MAY 3 19 20 4.0 0.0 0.0 1988176.0000 240852.0 382020.0 0.0 0.0 168.0 257.0 141.0 2.0 4.0 100.0 0.0 0.0
yogafire 2018 MAY 3 19 30 4.0 1.0 0.0 1991108.0000 241276.0 382196.0 0.0 0.0 309.0 269.0 173.0 4.0 1.0 100.0 0.0 0.0
yogafire 2018 MAY 3 19 40 3.0 0.0 0.0 1988776.0000 242056.0 382608.0 0.0 0.0 202.0 197.0 121.0 2.0 2.0 100.0 0.0 0.0
yogafire 2018 MAY 3 19 50 3.0 0.0 0.0 1989312.0000 242548.0 382972.0 0.0 0.0 124.0 238.0 138.0 2.0 2.0 100.0 1.0 0.0
yogafire 2018 MAY 3 20 0 4.0 0.0 0.0 1989328.0000 242896.0 383328.0 0.0 0.0 119.0 194.0 111.0 1.0 2.0 100.0 1.0 0.0
yogafire 2018 MAY 3 20 10 4.0 0.0 0.0 1991476.0000 243228.0 383436.0 0.0 0.0 59.0 179.0 105.0 1.0 1.0 100.0 0.0 0.0
yogafire 2018 MAY 3 20 20 3.0 0.0 0.0 1991476.0000 243852.0 384796.0 0.0 0.0 69.0 254.0 153.0 1.0 3.0 100.0 2.0 0.0
yogafire 2018 MAY 3 20 30 3.0 0.0 0.0 1987676.0000 244288.0 385072.0 0.0 0.0 173.0 184.0 110.0 1.0 2.0 100.0 0.0 0.0
yogafire 2018 MAY 3 20 40 2.0 0.0 0.0 1986420.0000 244724.0 385216.0 0.0 0.0 82.0 159.0 105.0 1.0 2.0 100.0 0.0 0.0
yogafire 2018 MAY 3 20 50 4.0 0.0 0.0 1986420.0000 245368.0 386388.0 0.0 0.0 226.0 374.0 354.0 4.0 3.0 100.0 1.0 0.0
yogafire 2018 MAY 3 21 0 1.0 0.0 0.0 1997304.0000 245808.0 386568.0 0.0 0.0 159.0 271.0 181.0 2.0 3.0 100.0 0.0 0.0
yogafire 2018 MAY 3 21 10 5.0 0.0 0.0 1995648.0000 246308.0 386688.0 0.0 0.0 163.0 181.0 105.0 1.0 2.0 100.0 0.0 0.0
yogafire 2018 MAY 3 21 20 0.0 0.0 0.0 1996160.0000 246544.0 386808.0 0.0 0.0 51.0 200.0 111.0 1.0 2.0 100.0 0.0 0.0
yogafire 2018 MAY 3 21 30 3.0 0.0 0.0 1991856.0000 246928.0 387248.0 0.0 0.0 201.0 320.0 201.0 6.0 2.0 100.0 1.0 0.0
yogafire 2018 MAY 3 21 40 3.0 0.0 0.0 1979140.0000 247512.0 415668.0 0.0 0.0 1196.0 493.0 100.0 18.0 2.0 100.0 1.0 0.0
yogafire 2018 MAY 3 21 50 3.0 0.0 0.0 1953472.0000 247884.0 416024.0 0.0 0.0 98.0 279.0 158.0 2.0 2.0 100.0 0.0 0.0
yogafire 2018 MAY 3 22 0 2.0 0.0 0.0 1957232.0000 249004.0 417784.0 0.0 0.0 106.0 234.0 132.0 1.0 2.0 100.0 1.0 0.0
yogafire 2018 MAY 3 22 10 2.0 0.0 0.0 1957000.0000 249328.0 417940.0 0.0 0.0 96.0 219.0 120.0 2.0 2.0 100.0 2.0 0.0
yogafire 2018 MAY 3 22 20 3.0 0.0 0.0 1962112.0000 249624.0 418024.0 0.0 0.0 1200.0 295.0 134.0 7.0 2.0 100.0 0.0 0.0
yogafire 2018 MAY 3 22 30 2.0 0.0 0.0 1961980.0000 249912.0 418228.0 0.0 0.0 106.0 192.0 102.0 1.0 3.0 100.0 0.0 0.0
yogafire 2018 MAY 3 22 40 3.0 0.0 0.0 1960880.0000 250256.0 418996.0 0.0 0.0 116.0 244.0 136.0 2.0 2.0 100.0 0.0 0.0
yogafire 2018 MAY 3 22 50 2.0 0.0 0.0 1975272.0000 250576.0 419144.0 0.0 0.0 105.0 206.0 123.0 1.0 2.0 100.0 0.0 0.0
yogafire 2018 MAY 3 23 0 2.0 0.0 0.0 1978784.0000 250956.0 401628.0 0.0 0.0 112.0 170.0 93.0 1.0 2.0 100.0 0.0 0.0
yogafire 2018 MAY 3 23 10 4.0 0.0 0.0 1975924.0000 251320.0 402088.0 0.0 0.0 159.0 266.0 154.0 3.0 2.0 100.0 0.0 0.0
yogafire 2018 MAY 3 23 20 2.0 0.0 0.0 1978056.0000 251624.0 402368.0 0.0 0.0 196.0 235.0 133.0 2.0 3.0 100.0 0.0 0.0
yogafire 2018 MAY 3 23 30 1.0 0.0 0.0 1976568.0000 251824.0 402396.0 0.0 0.0 43.0 148.0 80.0 0.0 2.0 100.0 0.0 0.0
yogafire 2018 MAY 3 23 40 1.0 0.0 0.0 1976048.0000 252116.0 402768.0 0.0 0.0 203.0 235.0 112.0 3.0 3.0 100.0 0.0 0.0
